Id	Plate	Row	Column	Clog	Scan rate	Status sort	Status sel	TOF	EXT	Green	Yellow	Red	PH Ext	PW Ext	PC Ext	PH Green	PW Green	PCGreen	PH Yellow	PW Yellow	PCYellow	PH Red	PW Red	PCRed	Time Stamp	
0	1	A	1	N	2500	0	40	349	1035	52	26	20	0	0	0	0	0	0	0	0	0	0	0	0	1971600	
1	1	A	1	N	2500	0	40	24	35	1	1	0	0	0	0	0	0	0	0	0	0	0	0	0	1971959	
2	1	A	1	N	2500	0	40	318	798	38	19	13	0	0	0	0	0	0	0	0	0	0	0	0	1972052	
3	1	A	1	N	2500	0	40	21	19	0	0	0	0	0	0	0	0	0	0	0	0	0	0	0	1972380	
4	1	A	1	N	2500	0	40	265	1110	96	31	25	0	0	0	0	0	0	0	0	0	0	0	0	1972505	
5	1	A	1	N	2500	0	40	361	1068	70	27	18	0	0	0	0	0	0	0	0	0	0	0	0	1972645	
6	1	A	1	N	2500	0	40	256	1106	87	38	25	0	0	0	0	0	0	0	0	0	0	0	0	1972692	
7	1	A	1	N	2500	0	40	330	949	51	25	17	0	0	0	0	0	0	0	0	0	0	0	0	1972801	
8	1	A	1	N	2500	0	40	189	1073	76	36	26	0	0	0	0	0	0	0	0	0	0	0	0	1973285	
9	1	A	1	N	2500	0	40	343	920	47	22	18	0	0	0	0	0	0	0	0	0	0	0	0	1973425	
10	1	A	1	N	2500	0	40	37	39	1	0	0	0	0	0	0	0	0	0	0	0	0	0	0	1974111	
11	1	A	1	N	2500	0	40	306	1092	79	30	19	0	0	0	0	0	0	0	0	0	0	0	0	1974189	
12	1	A	1	N	2500	0	40	333	920	57	24	16	0	0	0	0	0	0	0	0	0	0	0	0	1974314	
13	1	A	1	N	2500	0	40	247	942	46	26	21	0	0	0	0	0	0	0	0	0	0	0	0	1974408	
14	1	A	1	N	2500	0	40	205	873	70	30	22	0	0	0	0	0	0	0	0	0	0	0	0	1974470	
15	1	A	1	N	2500	0	40	293	1083	63	32	21	0	0	0	0	0	0	0	0	0	0	0	0	1974829	
16	1	A	1	N	2500	0	40	394	1147	87	39	32	0	0	0	0	0	0	0	0	0	0	0	0	1974907	
17	1	A	1	N	2500	0	40	348	999	61	24	18	0	0	0	0	0	0	0	0	0	0	0	0	1975375	
18	1	A	1	N	2500	0	40	29	41	2	1	1	0	0	0	0	0	0	0	0	0	0	0	0	1975500	
19	1	A	1	N	2500	0	40	350	1005	65	29	21	0	0	0	0	0	0	0	0	0	0	0	0	1975703	
20	1	A	1	N	2500	0	40	362	980	49	22	20	0	0	0	0	0	0	0	0	0	0	0	0	1975718	
21	1	A	1	N	2500	0	40	211	909	58	29	22	0	0	0	0	0	0	0	0	0	0	0	0	1975859	
22	1	A	1	N	2500	0	40	29	47	2	2	2	0	0	0	0	0	0	0	0	0	0	0	0	1976295	
23	1	A	1	N	2500	0	40	398	1152	67	30	24	0	0	0	0	0	0	0	0	0	0	0	0	1976451	
24	1	A	1	N	2500	0	40	286	592	28	15	13	0	0	0	0	0	0	0	0	0	0	0	0	1976545	
25	1	A	1	N	2500	0	40	208	1020	73	30	22	0	0	0	0	0	0	0	0	0	0	0	0	1976561	
26	1	A	1	N	2500	0	40	372	1143	72	30	22	0	0	0	0	0	0	0	0	0	0	0	0	1976623	
27	1	A	1	N	2500	0	40	182	502	22	12	12	0	0	0	0	0	0	0	0	0	0	0	0	1976685	
28	1	A	1	N	2500	0	40	324	1005	72	31	22	0	0	0	0	0	0	0	0	0	0	0	0	1976779	
29	1	A	1	N	2500	0	40	186	895	49	24	17	0	0	0	0	0	0	0	0	0	0	0	0	1976795	
30	1	A	1	N	2500	0	40	333	854	50	23	18	0	0	0	0	0	0	0	0	0	0	0	0	1976904	
31	1	A	1	N	2500	0	40	343	850	41	20	14	0	0	0	0	0	0	0	0	0	0	0	0	1977465	
32	1	A	1	N	2500	0	40	370	1098	62	28	23	0	0	0	0	0	0	0	0	0	0	0	0	1977481	
33	1	A	1	N	2500	0	40	308	828	39	18	15	0	0	0	0	0	0	0	0	0	0	0	0	1977497	
34	1	A	1	N	2500	0	40	26	31	1	1	0	0	0	0	0	0	0	0	0	0	0	0	0	1977590	
35	1	A	1	N	2500	0	40	285	847	42	22	18	0	0	0	0	0	0	0	0	0	0	0	0	1977699	
36	1	A	1	N	2500	0	40	28	44	1	0	0	0	0	0	0	0	0	0	0	0	0	0	0	1977731	
37	1	A	1	N	2500	0	40	230	1002	65	34	23	0	0	0	0	0	0	0	0	0	0	0	0	1977809	
38	1	A	1	N	2500	0	40	64	196	16	18	23	0	0	0	0	0	0	0	0	0	0	0	0	1977933	
39	1	A	1	N	2500	0	40	343	1037	60	26	20	0	0	0	0	0	0	0	0	0	0	0	0	1978011	
40	1	A	1	N	2500	0	40	155	877	69	32	22	0	0	0	0	0	0	0	0	0	0	0	0	1978074	
41	1	A	1	N	2500	0	40	256	848	43	23	16	0	0	0	0	0	0	0	0	0	0	0	0	1978121	
42	1	A	1	N	2500	0	40	209	931	51	26	24	0	0	0	0	0	0	0	0	0	0	0	0	1978183	
43	1	A	1	N	2500	0	40	39	78	8	10	9	0	0	0	0	0	0	0	0	0	0	0	0	1978370	
44	1	A	1	N	2500	0	40	24	41	2	2	1	0	0	0	0	0	0	0	0	0	0	0	0	1978370	
45	1	A	1	N	2500	0	40	21	38	3	2	2	0	0	0	0	0	0	0	0	0	0	0	0	1978370	
46	1	A	1	N	2500	0	40	221	1064	71	30	23	0	0	0	0	0	0	0	0	0	0	0	0	1978526	
47	1	A	1	N	2500	0	40	346	893	46	20	17	0	0	0	0	0	0	0	0	0	0	0	0	1978557	
48	1	A	2	N	2500	0	40	49	57	5	3	1	0	0	0	0	0	0	0	0	0	0	0	0	1986779	
49	1	A	2	N	2500	0	40	67	100	8	5	3	0	0	0	0	0	0	0	0	0	0	0	0	1986779	
50	1	A	2	N	2500	0	40	79	81	8	4	2	0	0	0	0	0	0	0	0	0	0	0	0	1986779	
51	1	A	2	N	2500	0	40	170	271	9	3	3	0	0	0	0	0	0	0	0	0	0	0	0	1986935	
52	1	A	2	N	2500	0	40	183	465	16	9	7	0	0	0	0	0	0	0	0	0	0	0	0	1987231	
53	1	A	2	N	2500	0	40	131	482	15	7	6	0	0	0	0	0	0	0	0	0	0	0	0	1987371	
54	1	A	2	N	2500	0	40	62	144	6	3	5	0	0	0	0	0	0	0	0	0	0	0	0	1987371	
55	1	A	2	N	2500	0	40	41	76	1	2	3	0	0	0	0	0	0	0	0	0	0	0	0	1987871	
56	1	A	2	N	2500	0	40	247	508	19	8	7	0	0	0	0	0	0	0	0	0	0	0	0	1987886	
57	1	A	2	N	2500	0	40	248	500	19	8	8	0	0	0	0	0	0	0	0	0	0	0	0	1988307	
58	1	A	2	N	2500	0	40	134	169	4	2	2	0	0	0	0	0	0	0	0	0	0	0	0	1988339	
59	1	A	2	N	2500	0	40	20	24	2	0	0	0	0	0	0	0	0	0	0	0	0	0	0	1988651	
60	1	A	2	N	2500	0	40	125	420	17	7	5	0	0	0	0	0	0	0	0	0	0	0	0	1988682	
61	1	A	2	N	2500	0	40	202	300	13	4	6	0	0	0	0	0	0	0	0	0	0	0	0	1988760	
62	1	A	2	N	2500	0	40	89	116	3	2	2	0	0	0	0	0	0	0	0	0	0	0	0	1988807	
63	1	A	2	N	2500	0	40	22	20	3	2	0	0	0	0	0	0	0	0	0	0	0	0	0	1988822	
64	1	A	2	N	2500	0	40	199	282	7	3	4	0	0	0	0	0	0	0	0	0	0	0	0	1989041	
65	1	A	2	N	2500	0	40	61	64	9	6	2	0	0	0	0	0	0	0	0	0	0	0	0	1989134	
66	1	A	2	N	2500	0	40	33	28	3	2	0	0	0	0	0	0	0	0	0	0	0	0	0	1989134	
67	1	A	2	N	2500	0	40	155	219	10	5	5	0	0	0	0	0	0	0	0	0	0	0	0	1989259	
68	1	A	2	N	2500	0	40	254	548	28	11	9	0	0	0	0	0	0	0	0	0	0	0	0	1989321	
69	1	A	2	N	2500	0	40	101	272	8	3	4	0	0	0	0	0	0	0	0	0	0	0	0	1989353	
70	1	A	2	N	2500	0	40	250	444	20	6	5	0	0	0	0	0	0	0	0	0	0	0	0	1989867	
71	1	A	2	N	2500	0	40	212	496	21	10	9	0	0	0	0	0	0	0	0	0	0	0	0	1989899	
72	1	A	2	N	2500	0	40	211	271	8	4	3	0	0	0	0	0	0	0	0	0	0	0	0	1990133	
73	1	A	2	N	2500	0	40	101	275	9	4	4	0	0	0	0	0	0	0	0	0	0	0	0	1990257	
74	1	A	2	N	2500	0	40	174	242	10	2	4	0	0	0	0	0	0	0	0	0	0	0	0	1990289	
75	1	A	2	N	2500	0	40	22	37	5	5	5	0	0	0	0	0	0	0	0	0	0	0	0	1990632	
76	1	A	2	N	2500	0	40	124	145	3	2	2	0	0	0	0	0	0	0	0	0	0	0	0	1990835	
77	1	A	2	N	2500	0	40	286	482	19	8	5	0	0	0	0	0	0	0	0	0	0	0	0	1990850	
78	1	A	2	N	2500	0	40	153	418	15	8	6	0	0	0	0	0	0	0	0	0	0	0	0	1990928	
79	1	A	2	N	2500	0	40	214	379	19	7	7	0	0	0	0	0	0	0	0	0	0	0	0	1990991	
80	1	A	2	N	2500	0	40	85	129	6	4	4	0	0	0	0	0	0	0	0	0	0	0	0	1991209	
81	1	A	2	N	2500	0	40	25	41	3	2	2	0	0	0	0	0	0	0	0	0	0	0	0	1991381	
82	1	A	2	N	2500	0	40	25	48	1	1	1	0	0	0	0	0	0	0	0	0	0	0	0	1991459	
83	1	A	2	N	2500	0	40	202	344	18	7	6	0	0	0	0	0	0	0	0	0	0	0	0	1991630	
84	1	A	2	N	2500	0	40	298	518	20	9	6	0	0	0	0	0	0	0	0	0	0	0	0	1991786	
85	1	A	2	N	2500	0	40	275	518	23	7	7	0	0	0	0	0	0	0	0	0	0	0	0	1991849	
86	1	A	2	N	2500	0	40	26	46	1	2	1	0	0	0	0	0	0	0	0	0	0	0	0	1991927	
87	1	A	2	N	2500	0	40	188	350	16	5	5	0	0	0	0	0	0	0	0	0	0	0	0	1991942	
88	1	A	2	N	2500	0	40	149	231	9	3	2	0	0	0	0	0	0	0	0	0	0	0	0	1992005	
89	1	A	2	N	2500	0	40	69	127	6	4	4	0	0	0	0	0	0	0	0	0	0	0	0	1992114	
90	1	A	2	N	2500	0	40	166	197	7	2	2	0	0	0	0	0	0	0	0	0	0	0	0	1992129	
91	1	A	2	N	2500	0	40	96	183	3	2	2	0	0	0	0	0	0	0	0	0	0	0	0	1992161	
92	1	A	2	N	2500	0	40	230	313	14	4	5	0	0	0	0	0	0	0	0	0	0	0	0	1992254	
93	1	A	2	N	2500	0	40	27	47	1	1	1	0	0	0	0	0	0	0	0	0	0	0	0	1992317	
94	1	A	2	N	2500	0	40	111	150	6	4	4	0	0	0	0	0	0	0	0	0	0	0	0	1992613	
95	1	A	2	N	2500	0	40	177	267	11	4	5	0	0	0	0	0	0	0	0	0	0	0	0	1992831	
96	1	A	2	N	2500	0	40	254	470	20	8	9	0	0	0	0	0	0	0	0	0	0	0	0	1992894	
97	1	A	2	N	2500	0	40	251	385	16	6	5	0	0	0	0	0	0	0	0	0	0	0	0	1993065	
98	1	A	2	N	2500	0	40	61	118	5	3	3	0	0	0	0	0	0	0	0	0	0	0	0	1993253	
99	1	A	2	N	2500	0	40	183	263	7	4	3	0	0	0	0	0	0	0	0	0	0	0	0	1993284	
100	1	A	2	N	2500	0	40	63	59	2	2	3	0	0	0	0	0	0	0	0	0	0	0	0	1993409	
101	1	A	2	N	2500	0	40	79	128	3	1	1	0	0	0	0	0	0	0	0	0	0	0	0	1993533	
102	1	A	3	N	2500	0	40	147	248	8	3	3	0	0	0	0	0	0	0	0	0	0	0	0	2000928	
103	1	A	3	N	2500	0	40	130	152	4	1	1	0	0	0	0	0	0	0	0	0	0	0	0	2001333	
104	1	A	3	N	2500	0	40	163	262	7	3	3	0	0	0	0	0	0	0	0	0	0	0	0	2001552	
105	1	A	3	N	2500	0	40	180	329	9	4	3	0	0	0	0	0	0	0	0	0	0	0	0	2001723	
106	1	A	3	N	2500	0	40	196	267	7	4	4	0	0	0	0	0	0	0	0	0	0	0	0	2001895	
107	1	A	3	N	2500	0	40	109	132	3	1	1	0	0	0	0	0	0	0	0	0	0	0	0	2003127	
108	1	A	3	N	2500	0	40	35	41	0	1	1	0	0	0	0	0	0	0	0	0	0	0	0	2003174	
109	1	A	3	N	2500	0	40	24	36	5	5	6	0	0	0	0	0	0	0	0	0	0	0	0	2003346	
110	1	A	3	N	2500	0	40	160	212	9	3	4	0	0	0	0	0	0	0	0	0	0	0	0	2003595	
111	1	A	3	N	2500	0	40	322	547	35	10	8	0	0	0	0	0	0	0	0	0	0	0	0	2003861	
112	1	A	3	N	2500	0	40	40	77	2	1	1	0	0	0	0	0	0	0	0	0	0	0	0	2004781	
113	1	A	3	N	2500	0	40	45	45	1	1	0	0	0	0	0	0	0	0	0	0	0	0	0	2004812	
114	1	A	3	N	2500	0	40	118	132	5	1	1	0	0	0	0	0	0	0	0	0	0	0	0	2005187	
115	1	A	3	N	2500	0	40	48	56	2	1	1	0	0	0	0	0	0	0	0	0	0	0	0	2005467	
116	1	A	3	N	2500	0	40	181	278	10	3	6	0	0	0	0	0	0	0	0	0	0	0	0	2005655	
117	1	A	3	N	2500	0	40	29	43	2	1	2	0	0	0	0	0	0	0	0	0	0	0	0	2005686	
118	1	A	3	N	2500	0	40	44	97	1	1	1	0	0	0	0	0	0	0	0	0	0	0	0	2005826	
119	1	A	3	N	2500	0	40	27	35	1	0	0	0	0	0	0	0	0	0	0	0	0	0	0	2005998	
120	1	A	3	N	2500	0	40	230	346	11	5	7	0	0	0	0	0	0	0	0	0	0	0	0	2006091	
121	1	A	3	N	2500	0	40	266	323	10	5	4	0	0	0	0	0	0	0	0	0	0	0	0	2006372	
122	1	A	3	N	2500	0	40	23	24	0	0	0	0	0	0	0	0	0	0	0	0	0	0	0	2006403	
123	1	A	3	N	2500	0	40	47	95	4	1	1	0	0	0	0	0	0	0	0	0	0	0	0	2006419	
124	1	A	3	N	2500	0	40	80	178	4	2	2	0	0	0	0	0	0	0	0	0	0	0	0	2006731	
125	1	A	3	N	2500	0	40	159	185	5	1	4	0	0	0	0	0	0	0	0	0	0	0	0	2006871	
126	1	A	3	N	2500	0	40	142	185	4	2	2	0	0	0	0	0	0	0	0	0	0	0	0	2006903	
127	1	A	3	N	2500	0	40	184	212	6	2	2	0	0	0	0	0	0	0	0	0	0	0	0	2006934	
128	1	A	3	N	2500	0	40	29	46	1	0	1	0	0	0	0	0	0	0	0	0	0	0	0	2007308	
129	1	A	3	N	2500	0	40	156	157	6	1	1	0	0	0	0	0	0	0	0	0	0	0	0	2007433	
130	1	A	3	N	2500	0	40	230	307	11	4	3	0	0	0	0	0	0	0	0	0	0	0	0	2007620	
131	1	A	3	N	2500	0	40	87	172	6	3	3	0	0	0	0	0	0	0	0	0	0	0	0	2007651	
132	1	A	3	N	2500	0	40	200	286	8	2	3	0	0	0	0	0	0	0	0	0	0	0	0	2007745	
133	1	A	3	N	2500	0	40	169	193	8	2	3	0	0	0	0	0	0	0	0	0	0	0	0	2007948	
134	1	A	3	N	2500	0	40	100	122	3	3	4	0	0	0	0	0	0	0	0	0	0	0	0	2008307	
135	1	A	3	N	2500	0	40	25	29	1	0	0	0	0	0	0	0	0	0	0	0	0	0	0	2008322	
136	1	A	3	N	2500	0	40	233	442	13	6	6	0	0	0	0	0	0	0	0	0	0	0	0	2008338	
137	1	A	4	N	2500	0	40	20	35	3	0	0	0	0	0	0	0	0	0	0	0	0	0	0	2015654	
138	1	A	4	N	2500	0	40	21	36	0	0	0	0	0	0	0	0	0	0	0	0	0	0	0	2015888	
139	1	A	4	N	2500	0	40	119	151	3	1	2	0	0	0	0	0	0	0	0	0	0	0	0	2016060	
140	1	A	4	N	2500	0	40	81	125	3	1	2	0	0	0	0	0	0	0	0	0	0	0	0	2016231	
141	1	A	4	N	2500	0	40	25	29	1	0	0	0	0	0	0	0	0	0	0	0	0	0	0	2016403	
142	1	A	4	N	2500	0	40	155	226	7	3	2	0	0	0	0	0	0	0	0	0	0	0	0	2016528	
143	1	A	4	N	2500	0	40	105	158	4	1	1	0	0	0	0	0	0	0	0	0	0	0	0	2016793	
144	1	A	4	N	2500	0	40	153	153	5	1	2	0	0	0	0	0	0	0	0	0	0	0	0	2016809	
145	1	A	4	N	2500	0	40	206	271	9	3	4	0	0	0	0	0	0	0	0	0	0	0	0	2016918	
146	1	A	4	N	2500	0	40	29	57	8	9	11	0	0	0	0	0	0	0	0	0	0	0	0	2017292	
147	1	A	4	N	2500	0	40	23	30	1	1	1	0	0	0	0	0	0	0	0	0	0	0	0	2017292	
148	1	A	4	N	2500	0	40	129	152	4	2	1	0	0	0	0	0	0	0	0	0	0	0	0	2017292	
149	1	A	4	N	2500	0	40	34	57	2	1	1	0	0	0	0	0	0	0	0	0	0	0	0	2017729	
150	1	A	4	N	2500	0	40	32	37	5	0	0	0	0	0	0	0	0	0	0	0	0	0	0	2017776	
151	1	A	4	N	2500	0	40	52	113	3	3	2	0	0	0	0	0	0	0	0	0	0	0	0	2018057	
152	1	A	4	N	2500	0	40	51	70	1	1	0	0	0	0	0	0	0	0	0	0	0	0	0	2018587	
153	1	A	4	N	2500	0	40	106	142	4	2	2	0	0	0	0	0	0	0	0	0	0	0	0	2018603	
154	1	A	4	N	2500	0	40	107	123	2	1	1	0	0	0	0	0	0	0	0	0	0	0	0	2018603	
155	1	A	4	N	2500	0	40	178	258	8	4	4	0	0	0	0	0	0	0	0	0	0	0	0	2018727	
156	1	A	4	N	2500	0	40	129	149	3	2	3	0	0	0	0	0	0	0	0	0	0	0	0	2018837	
157	1	A	4	N	2500	0	40	261	334	17	5	3	0	0	0	0	0	0	0	0	0	0	0	0	2019008	
158	1	A	4	N	2500	0	40	25	38	1	0	0	0	0	0	0	0	0	0	0	0	0	0	0	2019398	
159	1	A	4	N	2500	0	40	134	151	4	2	3	0	0	0	0	0	0	0	0	0	0	0	0	2019429	
160	1	A	4	N	2500	0	40	39	71	1	0	1	0	0	0	0	0	0	0	0	0	0	0	0	2019507	
161	1	A	4	N	2500	0	40	86	156	4	1	2	0	0	0	0	0	0	0	0	0	0	0	0	2019585	
162	1	A	4	N	2500	0	40	30	45	1	0	0	0	0	0	0	0	0	0	0	0	0	0	0	2019585	
163	1	A	4	N	2500	0	40	21	42	2	0	0	0	0	0	0	0	0	0	0	0	0	0	0	2020131	
164	1	A	4	N	2500	0	40	30	30	1	0	0	0	0	0	0	0	0	0	0	0	0	0	0	2020194	
165	1	A	4	N	2500	0	40	22	39	0	1	1	0	0	0	0	0	0	0	0	0	0	0	0	2020490	
166	1	A	4	N	2500	0	40	37	82	1	1	1	0	0	0	0	0	0	0	0	0	0	0	0	2020553	
167	1	A	4	N	2500	0	40	41	80	1	0	0	0	0	0	0	0	0	0	0	0	0	0	0	2020911	
168	1	A	4	N	2500	0	40	73	80	3	1	1	0	0	0	0	0	0	0	0	0	0	0	0	2020958	
169	1	A	4	N	2500	0	40	30	77	1	0	0	0	0	0	0	0	0	0	0	0	0	0	0	2021255	
170	1	A	4	N	2500	0	40	145	229	9	3	4	0	0	0	0	0	0	0	0	0	0	0	0	2021348	
171	1	A	4	N	2500	0	40	35	79	1	1	0	0	0	0	0	0	0	0	0	0	0	0	0	2021395	
172	1	A	4	N	2500	0	40	120	135	6	2	2	0	0	0	0	0	0	0	0	0	0	0	0	2021426	
173	1	A	4	N	2500	0	40	174	198	6	2	3	0	0	0	0	0	0	0	0	0	0	0	0	2022050	
174	1	A	4	N	2500	0	40	268	380	12	6	6	0	0	0	0	0	0	0	0	0	0	0	0	2022050	
175	1	A	4	N	2500	0	40	80	88	3	1	1	0	0	0	0	0	0	0	0	0	0	0	0	2022237	
176	1	A	4	N	2500	0	40	54	136	4	2	2	0	0	0	0	0	0	0	0	0	0	0	0	2022253	
177	1	A	4	N	2500	0	40	118	130	3	1	1	0	0	0	0	0	0	0	0	0	0	0	0	2022269	
178	1	A	4	N	2500	0	40	33	43	1	0	0	0	0	0	0	0	0	0	0	0	0	0	0	2022378	
179	1	A	4	N	2500	0	40	139	190	5	2	2	0	0	0	0	0	0	0	0	0	0	0	0	2022721	
180	1	A	4	N	2500	0	40	27	38	1	0	1	0	0	0	0	0	0	0	0	0	0	0	0	2022986	
181	1	A	4	N	2500	0	40	127	152	3	1	2	0	0	0	0	0	0	0	0	0	0	0	0	2023049	
182	1	A	5	N	2500	0	40	156	202	4	2	2	0	0	0	0	0	0	0	0	0	0	0	0	2030412	
183	1	A	5	N	2500	0	40	21	38	3	0	0	0	0	0	0	0	0	0	0	0	0	0	0	2030708	
184	1	A	5	N	2500	0	40	161	255	6	3	2	0	0	0	0	0	0	0	0	0	0	0	0	2030771	
185	1	A	5	N	2500	0	40	28	66	6	0	0	0	0	0	0	0	0	0	0	0	0	0	0	2030817	
186	1	A	5	N	2500	0	40	94	129	3	1	1	0	0	0	0	0	0	0	0	0	0	0	0	2030864	
187	1	A	5	N	2500	0	40	50	84	1	1	0	0	0	0	0	0	0	0	0	0	0	0	0	2031301	
188	1	A	5	N	2500	0	40	114	129	3	1	1	0	0	0	0	0	0	0	0	0	0	0	0	2031691	
189	1	A	5	N	2500	0	40	137	203	6	2	2	0	0	0	0	0	0	0	0	0	0	0	0	2032237	
190	1	A	5	N	2500	0	40	82	139	2	1	1	0	0	0	0	0	0	0	0	0	0	0	0	2032752	
191	1	A	5	N	2500	0	40	27	24	0	0	0	0	0	0	0	0	0	0	0	0	0	0	0	2032830	
192	1	A	5	N	2500	0	40	78	75	1	0	1	0	0	0	0	0	0	0	0	0	0	0	0	2032861	
193	1	A	5	N	2500	0	40	155	169	5	2	3	0	0	0	0	0	0	0	0	0	0	0	0	2032955	
194	1	A	5	N	2500	0	40	123	164	4	2	1	0	0	0	0	0	0	0	0	0	0	0	0	2033360	
195	1	A	5	N	2500	0	40	77	163	5	2	1	0	0	0	0	0	0	0	0	0	0	0	0	2033532	
196	1	A	5	N	2500	0	40	154	212	9	4	6	0	0	0	0	0	0	0	0	0	0	0	0	2033579	
197	1	A	5	N	2500	0	40	34	72	1	0	0	0	0	0	0	0	0	0	0	0	0	0	0	2033657	
198	1	A	5	N	2500	0	40	24	50	1	1	1	0	0	0	0	0	0	0	0	0	0	0	0	2034078	
199	1	A	5	N	2500	0	40	22	28	2	1	2	0	0	0	0	0	0	0	0	0	0	0	0	2034093	
200	1	A	5	N	2500	0	40	54	94	2	0	1	0	0	0	0	0	0	0	0	0	0	0	0	2034203	
201	1	A	5	N	2500	0	40	84	113	4	2	2	0	0	0	0	0	0	0	0	0	0	0	0	2034234	
202	1	A	5	N	2500	0	40	55	65	2	2	2	0	0	0	0	0	0	0	0	0	0	0	0	2034686	
203	1	A	5	N	2500	0	40	66	139	6	6	5	0	0	0	0	0	0	0	0	0	0	0	0	2034686	
204	1	A	5	N	2500	0	40	104	128	2	1	2	0	0	0	0	0	0	0	0	0	0	0	0	2034686	
205	1	A	5	N	2500	0	40	110	143	5	1	1	0	0	0	0	0	0	0	0	0	0	0	0	2035435	
206	1	A	5	N	2500	0	40	91	106	3	0	1	0	0	0	0	0	0	0	0	0	0	0	0	2035451	
207	1	A	5	N	2500	0	40	62	68	2	1	1	0	0	0	0	0	0	0	0	0	0	0	0	2035638	
208	1	A	5	N	2500	0	40	146	163	7	2	2	0	0	0	0	0	0	0	0	0	0	0	0	2035700	
209	1	A	5	N	2500	0	40	40	43	1	0	1	0	0	0	0	0	0	0	0	0	0	0	0	2035934	
210	1	A	5	N	2500	0	40	97	116	5	1	0	0	0	0	0	0	0	0	0	0	0	0	0	2035965	
211	1	A	5	N	2500	0	40	25	33	2	1	2	0	0	0	0	0	0	0	0	0	0	0	0	2035981	
212	1	A	5	N	2500	0	40	132	143	8	2	2	0	0	0	0	0	0	0	0	0	0	0	0	2036090	
213	1	A	5	N	2500	0	40	97	92	2	0	1	0	0	0	0	0	0	0	0	0	0	0	0	2036184	
214	1	A	5	N	2500	0	40	28	26	0	0	0	0	0	0	0	0	0	0	0	0	0	0	0	2036215	
215	1	A	5	N	2500	0	40	82	106	2	1	1	0	0	0	0	0	0	0	0	0	0	0	0	2036262	
216	1	A	5	N	2500	0	40	110	118	2	1	1	0	0	0	0	0	0	0	0	0	0	0	0	2036496	
217	1	A	5	N	2500	0	40	92	139	3	1	1	0	0	0	0	0	0	0	0	0	0	0	0	2036730	
218	1	A	5	N	2500	0	40	36	69	0	0	1	0	0	0	0	0	0	0	0	0	0	0	0	2037042	
219	1	A	5	N	2500	0	40	79	85	2	1	1	0	0	0	0	0	0	0	0	0	0	0	0	2037057	
220	1	A	5	N	2500	0	40	68	61	1	0	0	0	0	0	0	0	0	0	0	0	0	0	0	2037213	
221	1	A	5	N	2500	0	40	64	85	3	1	1	0	0	0	0	0	0	0	0	0	0	0	0	2037619	
222	1	A	5	N	2500	0	40	144	143	3	1	2	0	0	0	0	0	0	0	0	0	0	0	0	2037650	
223	1	A	5	N	2500	0	40	133	159	3	1	2	0	0	0	0	0	0	0	0	0	0	0	0	2037697	
224	1	A	5	N	2500	0	40	82	334	30	32	35	0	0	0	0	0	0	0	0	0	0	0	0	2037697	
225	1	A	5	N	2500	0	40	74	105	3	1	1	0	0	0	0	0	0	0	0	0	0	0	0	2037759	
226	1	A	5	N	2500	0	40	31	71	1	1	0	0	0	0	0	0	0	0	0	0	0	0	0	2037759	
227	1	A	6	N	2500	0	40	66	131	4	2	2	0	0	0	0	0	0	0	0	0	0	0	0	2045263	
228	1	A	6	N	2500	0	40	101	116	2	1	1	0	0	0	0	0	0	0	0	0	0	0	0	2048711	
229	1	A	6	N	2500	0	40	22	32	6	4	8	0	0	0	0	0	0	0	0	0	0	0	0	2049132	
230	1	A	6	N	2500	0	40	62	117	3	1	1	0	0	0	0	0	0	0	0	0	0	0	0	2049647	
231	1	A	7	N	2500	0	40	243	622	23	16	13	0	0	0	0	0	0	0	0	0	0	0	0	2060068	
232	1	A	7	N	2500	0	40	28	71	6	0	0	0	0	0	0	0	0	0	0	0	0	0	0	2060161	
233	1	A	7	N	2500	0	40	83	185	45	7	3	0	0	0	0	0	0	0	0	0	0	0	0	2060426	
234	1	A	7	N	2500	0	40	328	985	64	24	20	0	0	0	0	0	0	0	0	0	0	0	0	2060707	
235	1	A	7	N	2500	0	40	278	983	56	26	20	0	0	0	0	0	0	0	0	0	0	0	0	2060910	
236	1	A	7	N	2500	0	40	287	1017	76	30	23	0	0	0	0	0	0	0	0	0	0	0	0	2060941	
237	1	A	7	N	2500	0	40	231	735	43	20	15	0	0	0	0	0	0	0	0	0	0	0	0	2061004	
238	1	A	7	N	2500	0	40	239	981	70	33	24	0	0	0	0	0	0	0	0	0	0	0	0	2061097	
239	1	A	7	N	2500	0	40	237	1056	69	35	25	0	0	0	0	0	0	0	0	0	0	0	0	2061206	
240	1	A	7	N	2500	0	40	24	50	5	0	0	0	0	0	0	0	0	0	0	0	0	0	0	2061394	
241	1	A	7	N	2500	0	40	23	24	1	0	0	0	0	0	0	0	0	0	0	0	0	0	0	2061815	
242	1	A	7	N	2500	0	40	58	104	15	6	3	0	0	0	0	0	0	0	0	0	0	0	0	2062080	
243	1	A	7	N	2500	0	40	327	937	52	24	15	0	0	0	0	0	0	0	0	0	0	0	0	2062283	
244	1	A	7	N	2500	0	40	276	934	73	29	22	0	0	0	0	0	0	0	0	0	0	0	0	2062361	
245	1	A	7	N	2500	0	40	228	915	58	27	19	0	0	0	0	0	0	0	0	0	0	0	0	2062564	
246	1	A	7	N	2500	0	40	299	853	41	22	17	0	0	0	0	0	0	0	0	0	0	0	0	2063656	
247	1	A	7	N	2500	0	40	310	1045	98	33	21	0	0	0	0	0	0	0	0	0	0	0	0	2063827	
248	1	A	7	N	2500	0	40	313	1286	78	34	28	0	0	0	0	0	0	0	0	0	0	0	0	2064217	
249	1	A	7	N	2500	0	40	294	857	54	26	19	0	0	0	0	0	0	0	0	0	0	0	0	2064404	
250	1	A	7	N	2500	0	40	309	919	51	24	17	0	0	0	0	0	0	0	0	0	0	0	0	2064560	
251	1	A	7	N	2500	0	40	213	664	39	20	17	0	0	0	0	0	0	0	0	0	0	0	0	2064716	
252	1	A	7	N	2500	0	40	325	774	32	16	11	0	0	0	0	0	0	0	0	0	0	0	0	2064732	
253	1	A	7	N	2500	0	40	208	810	57	23	15	0	0	0	0	0	0	0	0	0	0	0	0	2064810	
254	1	A	7	N	2500	0	40	454	1504	107	45	32	0	0	0	0	0	0	0	0	0	0	0	0	2064872	
255	1	A	7	N	2500	0	40	20	19	6	0	0	0	0	0	0	0	0	0	0	0	0	0	0	2064872	
256	1	A	7	N	2500	0	40	410	1319	83	32	26	0	0	0	0	0	0	0	0	0	0	0	0	2064904	
257	1	A	7	N	2500	0	40	34	59	1	1	1	0	0	0	0	0	0	0	0	0	0	0	0	2064966	
258	1	A	7	N	2500	0	40	175	670	33	17	10	0	0	0	0	0	0	0	0	0	0	0	0	2064966	
259	1	A	7	N	2500	0	40	226	653	33	18	15	0	0	0	0	0	0	0	0	0	0	0	0	2065060	
260	1	A	7	N	2500	0	40	291	1051	79	31	24	0	0	0	0	0	0	0	0	0	0	0	0	2065075	
261	1	A	7	N	2500	0	40	130	489	28	17	13	0	0	0	0	0	0	0	0	0	0	0	0	2065091	
262	1	A	7	N	2500	0	40	358	1025	58	28	21	0	0	0	0	0	0	0	0	0	0	0	0	2065231	
263	1	A	7	N	2500	0	40	339	1096	66	30	23	0	0	0	0	0	0	0	0	0	0	0	0	2065294	
264	1	A	7	N	2500	0	40	382	1131	75	33	24	0	0	0	0	0	0	0	0	0	0	0	0	2065294	
265	1	A	7	N	2500	0	40	363	1207	77	30	23	0	0	0	0	0	0	0	0	0	0	0	0	2065356	
266	1	A	7	N	2500	0	40	289	891	45	25	17	0	0	0	0	0	0	0	0	0	0	0	0	2065403	
267	1	A	7	N	2500	0	40	305	866	47	23	16	0	0	0	0	0	0	0	0	0	0	0	0	2065450	
268	1	A	7	N	2500	0	40	236	1285	78	41	29	0	0	0	0	0	0	0	0	0	0	0	0	2065481	
269	1	A	7	N	2500	0	40	23	30	0	0	0	0	0	0	0	0	0	0	0	0	0	0	0	2065512	
270	1	A	7	N	2500	0	40	356	959	44	25	17	0	0	0	0	0	0	0	0	0	0	0	0	2065824	
271	1	A	7	N	2500	0	40	329	1049	75	31	22	0	0	0	0	0	0	0	0	0	0	0	0	2066167	
272	1	A	7	N	2500	0	40	373	1028	63	24	20	0	0	0	0	0	0	0	0	0	0	0	0	2067010	
273	1	A	7	N	2500	0	40	39	49	1	1	1	0	0	0	0	0	0	0	0	0	0	0	0	2067072	
274	1	A	7	N	2500	0	40	271	786	39	19	16	0	0	0	0	0	0	0	0	0	0	0	0	2067166	
275	1	A	7	N	2500	0	40	117	399	19	9	8	0	0	0	0	0	0	0	0	0	0	0	0	2067181	
276	1	A	8	N	2500	0	40	276	538	24	9	8	0	0	0	0	0	0	0	0	0	0	0	0	2074654	
277	1	A	8	N	2500	0	40	252	506	19	9	6	0	0	0	0	0	0	0	0	0	0	0	0	2075090	
278	1	A	8	N	2500	0	40	146	427	15	7	8	0	0	0	0	0	0	0	0	0	0	0	0	2075231	
279	1	A	8	N	2500	0	40	41	143	10	0	1	0	0	0	0	0	0	0	0	0	0	0	0	2075309	
280	1	A	8	N	2500	0	40	192	293	10	5	3	0	0	0	0	0	0	0	0	0	0	0	0	2075605	
281	1	A	8	N	2500	0	40	248	499	15	8	6	0	0	0	0	0	0	0	0	0	0	0	0	2075699	
282	1	A	8	N	2500	0	40	206	295	8	4	3	0	0	0	0	0	0	0	0	0	0	0	0	2076292	
283	1	A	8	N	2500	0	40	227	530	27	11	10	0	0	0	0	0	0	0	0	0	0	0	0	2076338	
284	1	A	8	N	2500	0	40	27	47	1	0	1	0	0	0	0	0	0	0	0	0	0	0	0	2076354	
285	1	A	8	N	2500	0	40	90	314	11	4	5	0	0	0	0	0	0	0	0	0	0	0	0	2077072	
286	1	A	8	N	2500	0	40	109	120	3	1	1	0	0	0	0	0	0	0	0	0	0	0	0	2077384	
287	1	A	8	N	2500	0	40	310	466	16	6	4	0	0	0	0	0	0	0	0	0	0	0	0	2077477	
288	1	A	8	N	2500	0	40	125	153	3	1	1	0	0	0	0	0	0	0	0	0	0	0	0	2077586	
289	1	A	8	N	2500	0	40	202	284	9	4	4	0	0	0	0	0	0	0	0	0	0	0	0	2077774	
290	1	A	8	N	2500	0	40	27	44	1	0	1	0	0	0	0	0	0	0	0	0	0	0	0	2077836	
291	1	A	8	N	2500	0	40	44	79	1	1	1	0	0	0	0	0	0	0	0	0	0	0	0	2077961	
292	1	A	8	N	2500	0	40	200	396	17	6	5	0	0	0	0	0	0	0	0	0	0	0	0	2077992	
293	1	A	8	N	2500	0	40	39	84	3	2	2	0	0	0	0	0	0	0	0	0	0	0	0	2078008	
294	1	A	8	N	2500	0	40	243	540	25	10	8	0	0	0	0	0	0	0	0	0	0	0	0	2078257	
295	1	A	8	N	2500	0	40	187	260	7	3	3	0	0	0	0	0	0	0	0	0	0	0	0	2078335	
296	1	A	8	N	2500	0	40	196	464	21	8	8	0	0	0	0	0	0	0	0	0	0	0	0	2078538	
297	1	A	8	N	2500	0	40	114	303	10	4	4	0	0	0	0	0	0	0	0	0	0	0	0	2078585	
298	1	A	8	N	2500	0	40	175	287	10	4	6	0	0	0	0	0	0	0	0	0	0	0	0	2078788	
299	1	A	8	N	2500	0	40	313	488	20	9	9	0	0	0	0	0	0	0	0	0	0	0	0	2079380	
300	1	A	8	N	2500	0	40	101	112	2	2	1	0	0	0	0	0	0	0	0	0	0	0	0	2079739	
301	1	A	8	N	2500	0	40	207	268	12	4	5	0	0	0	0	0	0	0	0	0	0	0	0	2079817	
302	1	A	8	N	2500	0	40	86	124	4	1	2	0	0	0	0	0	0	0	0	0	0	0	0	2079880	
303	1	A	8	N	2500	0	40	203	576	25	11	8	0	0	0	0	0	0	0	0	0	0	0	0	2080036	
304	1	A	8	N	2500	0	40	279	523	19	9	7	0	0	0	0	0	0	0	0	0	0	0	0	2080051	
305	1	A	8	N	2500	0	40	301	453	20	7	7	0	0	0	0	0	0	0	0	0	0	0	0	2080394	
306	1	A	8	N	2500	0	40	210	388	11	7	9	0	0	0	0	0	0	0	0	0	0	0	0	2080472	
307	1	A	8	N	2500	0	40	216	302	10	4	4	0	0	0	0	0	0	0	0	0	0	0	0	2080706	
308	1	A	8	N	2500	0	40	113	160	6	2	2	0	0	0	0	0	0	0	0	0	0	0	0	2080706	
309	1	A	8	N	2500	0	40	22	27	0	0	0	0	0	0	0	0	0	0	0	0	0	0	0	2081050	
310	1	A	8	N	2500	0	40	104	255	12	8	7	0	0	0	0	0	0	0	0	0	0	0	0	2081112	
311	1	A	8	N	2500	0	40	261	407	19	5	5	0	0	0	0	0	0	0	0	0	0	0	0	2081252	
312	1	A	8	N	2500	0	40	198	243	8	3	4	0	0	0	0	0	0	0	0	0	0	0	0	2081330	
313	1	A	8	N	2500	0	40	40	46	2	2	2	0	0	0	0	0	0	0	0	0	0	0	0	2081362	
314	1	A	9	N	2500	0	40	149	191	5	2	2	0	0	0	0	0	0	0	0	0	0	0	0	2089240	
315	1	A	9	N	2500	0	40	34	59	6	0	0	0	0	0	0	0	0	0	0	0	0	0	0	2089286	
316	1	A	9	N	2500	0	40	31	91	7	0	1	0	0	0	0	0	0	0	0	0	0	0	0	2089286	
317	1	A	9	N	2500	0	40	29	40	4	0	0	0	0	0	0	0	0	0	0	0	0	0	0	2089349	
318	1	A	9	N	2500	0	40	194	345	12	5	4	0	0	0	0	0	0	0	0	0	0	0	0	2089552	
319	1	A	9	N	2500	0	40	151	159	5	1	2	0	0	0	0	0	0	0	0	0	0	0	0	2089786	
320	1	A	9	N	2500	0	40	27	38	2	0	0	0	0	0	0	0	0	0	0	0	0	0	0	2090566	
321	1	A	9	N	2500	0	40	36	74	9	1	0	0	0	0	0	0	0	0	0	0	0	0	0	2091096	
322	1	A	9	N	2500	0	40	20	19	2	0	0	0	0	0	0	0	0	0	0	0	0	0	0	2091096	
323	1	A	9	N	2500	0	40	212	252	8	3	3	0	0	0	0	0	0	0	0	0	0	0	0	2091283	
324	1	A	9	N	2500	0	40	118	201	5	1	3	0	0	0	0	0	0	0	0	0	0	0	0	2091283	
325	1	A	9	N	2500	0	40	130	146	4	1	2	0	0	0	0	0	0	0	0	0	0	0	0	2091361	
326	1	A	9	N	2500	0	40	47	85	2	0	0	0	0	0	0	0	0	0	0	0	0	0	0	2091533	
327	1	A	9	N	2500	0	40	356	958	57	25	24	0	0	0	0	0	0	0	0	0	0	0	0	2091595	
328	1	A	9	N	2500	0	40	21	29	3	0	0	0	0	0	0	0	0	0	0	0	0	0	0	2091876	
329	1	A	9	N	2500	0	40	23	22	2	0	0	0	0	0	0	0	0	0	0	0	0	0	0	2091970	
330	1	A	9	N	2500	0	40	27	63	9	1	0	0	0	0	0	0	0	0	0	0	0	0	0	2092141	
331	1	A	9	N	2500	0	40	28	31	3	1	1	0	0	0	0	0	0	0	0	0	0	0	0	2092266	
332	1	A	9	N	2500	0	40	26	49	1	0	0	0	0	0	0	0	0	0	0	0	0	0	0	2092438	
333	1	A	9	N	2500	0	40	113	186	2	1	2	0	0	0	0	0	0	0	0	0	0	0	0	2092516	
334	1	A	9	N	2500	0	40	130	153	4	1	2	0	0	0	0	0	0	0	0	0	0	0	0	2093030	
335	1	A	9	N	2500	0	40	60	103	2	1	1	0	0	0	0	0	0	0	0	0	0	0	0	2093233	
336	1	A	9	N	2500	0	40	24	34	3	0	0	0	0	0	0	0	0	0	0	0	0	0	0	2093576	
337	1	A	9	N	2500	0	40	137	162	3	2	2	0	0	0	0	0	0	0	0	0	0	0	0	2093608	
338	1	A	9	N	2500	0	40	116	360	14	7	6	0	0	0	0	0	0	0	0	0	0	0	0	2093639	
339	1	A	9	N	2500	0	40	74	86	2	0	1	0	0	0	0	0	0	0	0	0	0	0	0	2093904	
340	1	A	9	N	2500	0	40	90	90	3	1	1	0	0	0	0	0	0	0	0	0	0	0	0	2094013	
341	1	A	9	N	2500	0	40	91	170	3	2	2	0	0	0	0	0	0	0	0	0	0	0	0	2094247	
342	1	A	9	N	2500	0	40	202	299	10	4	4	0	0	0	0	0	0	0	0	0	0	0	0	2094372	
343	1	A	9	N	2500	0	40	169	283	8	4	3	0	0	0	0	0	0	0	0	0	0	0	0	2094668	
344	1	A	9	N	2500	0	40	242	358	12	5	4	0	0	0	0	0	0	0	0	0	0	0	0	2094668	
345	1	A	9	N	2500	0	40	64	77	1	1	1	0	0	0	0	0	0	0	0	0	0	0	0	2094840	
346	1	A	9	N	2500	0	40	150	188	4	2	2	0	0	0	0	0	0	0	0	0	0	0	0	2095136	
347	1	A	9	N	2500	0	40	116	164	5	1	2	0	0	0	0	0	0	0	0	0	0	0	0	2095526	
348	1	A	9	N	2500	0	40	185	222	6	2	4	0	0	0	0	0	0	0	0	0	0	0	0	2095542	
349	1	A	10	N	2500	0	40	40	65	1	1	1	0	0	0	0	0	0	0	0	0	0	0	0	2104216	
350	1	A	10	N	2500	0	40	50	48	1	0	1	0	0	0	0	0	0	0	0	0	0	0	0	2104231	
351	1	A	10	N	2500	0	40	64	107	2	1	1	0	0	0	0	0	0	0	0	0	0	0	0	2104247	
352	1	A	10	N	2500	0	40	32	57	7	0	0	0	0	0	0	0	0	0	0	0	0	0	0	2105635	
353	1	A	10	N	2500	0	40	51	63	1	1	1	0	0	0	0	0	0	0	0	0	0	0	0	2105822	
354	1	A	10	N	2500	0	40	42	90	2	1	0	0	0	0	0	0	0	0	0	0	0	0	0	2106587	
355	1	A	10	N	2500	0	40	119	131	2	2	2	0	0	0	0	0	0	0	0	0	0	0	0	2106946	
356	1	A	10	N	2500	0	40	49	72	2	0	0	0	0	0	0	0	0	0	0	0	0	0	0	2107117	
357	1	A	10	N	2500	0	40	131	174	4	1	2	0	0	0	0	0	0	0	0	0	0	0	0	2107694	
358	1	A	10	N	2500	0	40	89	118	2	1	2	0	0	0	0	0	0	0	0	0	0	0	0	2107819	
359	1	A	10	N	2500	0	40	68	136	3	1	2	0	0	0	0	0	0	0	0	0	0	0	0	2107991	
360	1	A	10	N	2500	0	40	41	40	1	0	1	0	0	0	0	0	0	0	0	0	0	0	0	2108240	
361	1	A	10	N	2500	0	40	125	232	6	3	3	0	0	0	0	0	0	0	0	0	0	0	0	2108396	
362	1	A	10	N	2500	0	40	32	39	1	0	0	0	0	0	0	0	0	0	0	0	0	0	0	2108584	
363	1	A	10	N	2500	0	40	44	78	1	1	1	0	0	0	0	0	0	0	0	0	0	0	0	2109239	
364	1	A	10	N	2500	0	40	166	214	6	2	4	0	0	0	0	0	0	0	0	0	0	0	0	2109348	
365	1	A	10	N	2500	0	40	198	251	6	3	3	0	0	0	0	0	0	0	0	0	0	0	0	2109598	
366	1	A	10	N	2500	0	40	27	27	2	0	0	0	0	0	0	0	0	0	0	0	0	0	0	2109738	
367	1	A	10	N	2500	0	40	62	122	3	1	1	0	0	0	0	0	0	0	0	0	0	0	0	2110034	
368	1	A	10	N	2500	0	40	84	159	6	1	1	0	0	0	0	0	0	0	0	0	0	0	0	2110315	
369	1	A	10	N	2500	0	40	32	68	1	0	0	0	0	0	0	0	0	0	0	0	0	0	0	2110393	
370	1	A	10	N	2500	0	40	136	154	5	1	2	0	0	0	0	0	0	0	0	0	0	0	0	2110565	
371	1	A	10	N	2500	0	40	126	193	4	1	1	0	0	0	0	0	0	0	0	0	0	0	0	2110783	
372	1	A	10	N	2500	0	40	73	148	4	1	2	0	0	0	0	0	0	0	0	0	0	0	0	2110908	
373	1	A	10	N	2500	0	40	23	24	1	1	1	0	0	0	0	0	0	0	0	0	0	0	0	2110986	
374	1	A	11	N	2500	0	40	36	120	11	0	0	0	0	0	0	0	0	0	0	0	0	0	0	2118833	
375	1	A	11	N	2500	0	40	122	129	4	1	1	0	0	0	0	0	0	0	0	0	0	0	0	2119004	
376	1	A	11	N	2500	0	40	60	77	5	2	1	0	0	0	0	0	0	0	0	0	0	0	0	2119675	
377	1	A	11	N	2500	0	40	111	141	5	1	2	0	0	0	0	0	0	0	0	0	0	0	0	2120346	
378	1	A	11	N	2500	0	40	42	139	4	2	2	0	0	0	0	0	0	0	0	0	0	0	0	2120674	
379	1	A	11	N	2500	0	40	49	66	2	1	1	0	0	0	0	0	0	0	0	0	0	0	0	2120767	
380	1	A	11	N	2500	0	40	63	112	2	1	1	0	0	0	0	0	0	0	0	0	0	0	0	2120830	
381	1	A	11	N	2500	0	40	86	200	4	2	2	0	0	0	0	0	0	0	0	0	0	0	0	2121110	
382	1	A	11	N	2500	0	40	108	164	3	1	3	0	0	0	0	0	0	0	0	0	0	0	0	2121391	
383	1	A	11	N	2500	0	40	37	69	1	1	1	0	0	0	0	0	0	0	0	0	0	0	0	2121797	
384	1	A	11	N	2500	0	40	129	218	6	2	3	0	0	0	0	0	0	0	0	0	0	0	0	2122483	
385	1	A	11	N	2500	0	40	80	140	6	1	1	0	0	0	0	0	0	0	0	0	0	0	0	2122780	
386	1	A	11	N	2500	0	40	104	108	4	1	1	0	0	0	0	0	0	0	0	0	0	0	0	2122998	
387	1	A	11	N	2500	0	40	131	153	6	2	2	0	0	0	0	0	0	0	0	0	0	0	0	2123248	
388	1	A	11	N	2500	0	40	62	81	2	1	1	0	0	0	0	0	0	0	0	0	0	0	0	2123326	
389	1	A	11	N	2500	0	40	24	42	2	1	2	0	0	0	0	0	0	0	0	0	0	0	0	2123419	
390	1	A	11	N	2500	0	40	94	154	4	1	2	0	0	0	0	0	0	0	0	0	0	0	0	2123762	
391	1	A	11	N	2500	0	40	82	105	3	2	1	0	0	0	0	0	0	0	0	0	0	0	0	2124074	
392	1	A	11	N	2500	0	40	92	160	3	2	2	0	0	0	0	0	0	0	0	0	0	0	0	2124230	
393	1	A	11	N	2500	0	40	129	162	5	1	3	0	0	0	0	0	0	0	0	0	0	0	0	2124246	
394	1	A	11	N	2500	0	40	106	122	1	1	2	0	0	0	0	0	0	0	0	0	0	0	0	2124324	
395	1	A	11	N	2500	0	40	100	101	3	1	2	0	0	0	0	0	0	0	0	0	0	0	0	2124340	
396	1	A	11	N	2500	0	40	39	70	1	0	1	0	0	0	0	0	0	0	0	0	0	0	0	2124418	
397	1	A	11	N	2500	0	40	139	159	4	1	3	0	0	0	0	0	0	0	0	0	0	0	0	2124542	
398	1	A	11	N	2500	0	40	54	93	5	4	6	0	0	0	0	0	0	0	0	0	0	0	0	2124652	
399	1	A	11	N	2500	0	40	41	70	3	1	1	0	0	0	0	0	0	0	0	0	0	0	0	2124854	
400	1	A	11	N	2500	0	40	20	26	1	1	1	0	0	0	0	0	0	0	0	0	0	0	0	2124886	
401	1	A	11	N	2500	0	40	43	70	2	0	1	0	0	0	0	0	0	0	0	0	0	0	0	2124964	
402	1	A	11	N	2500	0	40	86	161	3	1	4	0	0	0	0	0	0	0	0	0	0	0	0	2125151	
403	1	A	11	N	2500	0	40	128	158	3	1	2	0	0	0	0	0	0	0	0	0	0	0	0	2125229	
404	1	A	11	N	2500	0	40	159	185	4	2	1	0	0	0	0	0	0	0	0	0	0	0	0	2125432	
405	1	A	11	N	2500	0	40	26	29	2	1	1	0	0	0	0	0	0	0	0	0	0	0	0	2125790	
406	1	A	11	N	2500	0	40	150	193	2	1	2	0	0	0	0	0	0	0	0	0	0	0	0	2125822	
407	1	A	11	N	2500	0	40	73	107	2	1	1	0	0	0	0	0	0	0	0	0	0	0	0	2125884	
408	1	A	11	N	2500	0	40	115	130	4	1	1	0	0	0	0	0	0	0	0	0	0	0	0	2125915	
409	1	A	12	N	2500	0	40	67	119	19	0	0	0	0	0	0	0	0	0	0	0	0	0	0	2135135	
410	1	A	12	N	2500	0	40	38	66	2	0	0	0	0	0	0	0	0	0	0	0	0	0	0	2137256	
411	1	A	12	N	2500	0	40	103	125	5	1	2	0	0	0	0	0	0	0	0	0	0	0	0	2138972	
412	1	A	12	N	2500	0	40	110	147	3	1	1	0	0	0	0	0	0	0	0	0	0	0	0	2139004	
413	1	A	12	N	2500	0	40	122	151	4	1	1	0	0	0	0	0	0	0	0	0	0	0	0	2140220	
414	1	B	1	N	2500	0	40	54	77	1	1	0	0	0	0	0	0	0	0	0	0	0	0	0	2150610	
415	1	B	1	N	2500	0	40	24	24	0	0	0	0	0	0	0	0	0	0	0	0	0	0	0	2151140	
416	1	B	1	N	2500	0	40	285	970	49	26	18	0	0	0	0	0	0	0	0	0	0	0	0	2151702	
417	1	B	1	N	2500	0	40	115	617	39	19	15	0	0	0	0	0	0	0	0	0	0	0	0	2151998	
418	1	B	1	N	2500	0	40	23	43	2	1	1	0	0	0	0	0	0	0	0	0	0	0	0	2152045	
419	1	B	1	N	2500	0	40	199	1166	66	40	29	0	0	0	0	0	0	0	0	0	0	0	0	2152154	
420	1	B	1	N	2500	0	40	324	976	56	25	19	0	0	0	0	0	0	0	0	0	0	0	0	2152170	
421	1	B	1	N	2500	0	40	330	981	47	23	20	0	0	0	0	0	0	0	0	0	0	0	0	2152529	
422	1	B	1	N	2500	0	40	319	846	45	23	17	0	0	0	0	0	0	0	0	0	0	0	0	2152700	
423	1	B	1	N	2500	0	40	193	851	51	22	16	0	0	0	0	0	0	0	0	0	0	0	0	2153324	
424	1	B	1	N	2500	0	40	318	1203	79	46	35	0	0	0	0	0	0	0	0	0	0	0	0	2153699	
425	1	B	1	N	2500	0	40	324	1047	55	27	21	0	0	0	0	0	0	0	0	0	0	0	0	2153714	
426	1	B	1	N	2500	0	40	21	28	1	1	0	0	0	0	0	0	0	0	0	0	0	0	0	2154042	
427	1	B	1	N	2500	0	40	554	1692	71	34	29	0	0	0	0	0	0	0	0	0	0	0	0	2154401	
428	1	B	1	N	2500	0	40	289	887	58	24	17	0	0	0	0	0	0	0	0	0	0	0	0	2154775	
429	1	B	1	N	2500	0	40	283	953	45	21	17	0	0	0	0	0	0	0	0	0	0	0	0	2154775	
430	1	B	1	N	2500	0	40	376	1120	61	31	24	0	0	0	0	0	0	0	0	0	0	0	0	2154806	
431	1	B	1	N	2500	0	40	377	1077	62	28	21	0	0	0	0	0	0	0	0	0	0	0	0	2154947	
432	1	B	1	N	2500	0	40	287	1202	66	32	25	0	0	0	0	0	0	0	0	0	0	0	0	2155072	
433	1	B	1	N	2500	0	40	280	1067	60	32	24	0	0	0	0	0	0	0	0	0	0	0	0	2155087	
434	1	B	1	N	2500	0	40	25	31	0	0	0	0	0	0	0	0	0	0	0	0	0	0	0	2155196	
435	1	B	1	N	2500	0	40	329	1055	57	27	21	0	0	0	0	0	0	0	0	0	0	0	0	2155196	
436	1	B	1	N	2500	0	40	325	1041	54	27	21	0	0	0	0	0	0	0	0	0	0	0	0	2155228	
437	1	B	1	N	2500	0	40	322	1039	51	27	19	0	0	0	0	0	0	0	0	0	0	0	0	2155306	
438	1	B	1	N	2500	0	40	250	970	62	31	19	0	0	0	0	0	0	0	0	0	0	0	0	2155352	
439	1	B	1	N	2500	0	40	71	87	2	0	2	0	0	0	0	0	0	0	0	0	0	0	0	2155430	
440	1	B	1	N	2500	0	40	283	873	48	23	16	0	0	0	0	0	0	0	0	0	0	0	0	2155742	
441	1	B	1	N	2500	0	40	325	1144	67	35	22	0	0	0	0	0	0	0	0	0	0	0	0	2155992	
442	1	B	1	N	2500	0	40	298	1171	74	41	25	0	0	0	0	0	0	0	0	0	0	0	0	2156507	
443	1	B	2	N	2500	0	40	198	284	8	4	6	0	0	0	0	0	0	0	0	0	0	0	0	2164198	
444	1	B	2	N	2500	0	40	240	429	12	6	6	0	0	0	0	0	0	0	0	0	0	0	0	2164650	
445	1	B	2	N	2500	0	40	286	583	20	9	8	0	0	0	0	0	0	0	0	0	0	0	0	2165649	
446	1	B	2	N	2500	0	40	215	283	14	5	4	0	0	0	0	0	0	0	0	0	0	0	0	2165649	
447	1	B	2	N	2500	0	40	149	557	20	12	8	0	0	0	0	0	0	0	0	0	0	0	0	2165742	
448	1	B	2	N	2500	0	40	214	401	12	7	6	0	0	0	0	0	0	0	0	0	0	0	0	2165836	
449	1	B	2	N	2500	0	40	270	501	18	11	8	0	0	0	0	0	0	0	0	0	0	0	0	2166413	
450	1	B	2	N	2500	0	40	180	471	15	10	7	0	0	0	0	0	0	0	0	0	0	0	0	2166522	
451	1	B	2	N	2500	0	40	241	460	13	7	7	0	0	0	0	0	0	0	0	0	0	0	0	2166600	
452	1	B	2	N	2500	0	40	142	489	18	9	5	0	0	0	0	0	0	0	0	0	0	0	0	2166616	
453	1	B	2	N	2500	0	40	132	459	16	11	7	0	0	0	0	0	0	0	0	0	0	0	0	2166943	
454	1	B	2	N	2500	0	40	245	516	16	10	7	0	0	0	0	0	0	0	0	0	0	0	0	2167380	
455	1	B	2	N	2500	0	40	121	266	7	4	4	0	0	0	0	0	0	0	0	0	0	0	0	2168441	
456	1	B	2	N	2500	0	40	251	448	14	8	7	0	0	0	0	0	0	0	0	0	0	0	0	2168893	
457	1	B	2	N	2500	0	40	35	56	0	0	0	0	0	0	0	0	0	0	0	0	0	0	0	2169096	
458	1	B	2	N	2500	0	40	20	21	0	0	0	0	0	0	0	0	0	0	0	0	0	0	0	2169143	
459	1	B	2	N	2500	0	40	323	641	22	13	11	0	0	0	0	0	0	0	0	0	0	0	0	2169346	
460	1	B	2	N	2500	0	40	235	377	13	5	5	0	0	0	0	0	0	0	0	0	0	0	0	2169361	
461	1	B	2	N	2500	0	40	122	323	9	5	4	0	0	0	0	0	0	0	0	0	0	0	0	2169580	
462	1	B	2	N	2500	0	40	172	448	16	9	7	0	0	0	0	0	0	0	0	0	0	0	0	2169876	
463	1	B	2	N	2500	0	40	226	506	23	12	11	0	0	0	0	0	0	0	0	0	0	0	0	2170266	
464	1	B	2	N	2500	0	40	23	38	7	10	9	0	0	0	0	0	0	0	0	0	0	0	0	2170687	
465	1	B	2	N	2500	0	40	242	504	15	8	8	0	0	0	0	0	0	0	0	0	0	0	0	2170859	
466	1	B	2	N	2500	0	40	145	356	13	6	5	0	0	0	0	0	0	0	0	0	0	0	0	2170875	
467	1	B	2	N	2500	0	40	256	486	14	9	7	0	0	0	0	0	0	0	0	0	0	0	0	2171187	
468	1	B	3	N	2500	0	40	33	50	6	0	0	0	0	0	0	0	0	0	0	0	0	0	0	2179408	
469	1	B	3	N	2500	0	40	23	27	0	0	0	0	0	0	0	0	0	0	0	0	0	0	0	2179689	
470	1	B	3	N	2500	0	40	191	464	16	10	9	0	0	0	0	0	0	0	0	0	0	0	0	2179829	
471	1	B	3	N	2500	0	40	186	228	7	2	5	0	0	0	0	0	0	0	0	0	0	0	0	2179954	
472	1	B	3	N	2500	0	40	176	484	17	10	9	0	0	0	0	0	0	0	0	0	0	0	0	2180016	
473	1	B	3	N	2500	0	40	56	104	9	1	1	0	0	0	0	0	0	0	0	0	0	0	0	2180203	
474	1	B	3	N	2500	0	40	189	217	8	3	5	0	0	0	0	0	0	0	0	0	0	0	0	2180484	
475	1	B	3	N	2500	0	40	178	252	8	3	2	0	0	0	0	0	0	0	0	0	0	0	0	2180547	
476	1	B	3	N	2500	0	40	24	52	1	0	1	0	0	0	0	0	0	0	0	0	0	0	0	2180609	
477	1	B	3	N	2500	0	40	120	164	5	2	2	0	0	0	0	0	0	0	0	0	0	0	0	2180718	
478	1	B	3	N	2500	0	40	157	194	5	2	3	0	0	0	0	0	0	0	0	0	0	0	0	2181373	
479	1	B	3	N	2500	0	40	61	117	2	1	2	0	0	0	0	0	0	0	0	0	0	0	0	2181451	
480	1	B	3	N	2500	0	40	204	302	7	3	3	0	0	0	0	0	0	0	0	0	0	0	0	2181873	
481	1	B	3	N	2500	0	40	218	306	8	4	6	0	0	0	0	0	0	0	0	0	0	0	0	2181951	
482	1	B	3	N	2500	0	40	203	540	17	10	7	0	0	0	0	0	0	0	0	0	0	0	0	2181966	
483	1	B	3	N	2500	0	40	77	163	4	2	1	0	0	0	0	0	0	0	0	0	0	0	0	2181966	
484	1	B	3	N	2500	0	40	184	404	14	7	9	0	0	0	0	0	0	0	0	0	0	0	0	2182122	
485	1	B	3	N	2500	0	40	189	272	6	3	4	0	0	0	0	0	0	0	0	0	0	0	0	2182216	
486	1	B	3	N	2500	0	40	235	545	18	11	10	0	0	0	0	0	0	0	0	0	0	0	0	2182528	
487	1	B	3	N	2500	0	40	134	408	21	7	6	0	0	0	0	0	0	0	0	0	0	0	0	2182559	
488	1	B	3	N	2500	0	40	197	334	12	6	6	0	0	0	0	0	0	0	0	0	0	0	0	2182559	
489	1	B	3	N	2500	0	40	37	38	2	0	1	0	0	0	0	0	0	0	0	0	0	0	0	2182777	
490	1	B	3	N	2500	0	40	24	35	0	0	0	0	0	0	0	0	0	0	0	0	0	0	0	2182777	
491	1	B	3	N	2500	0	40	126	141	3	2	1	0	0	0	0	0	0	0	0	0	0	0	0	2182809	
492	1	B	3	N	2500	0	40	145	160	5	2	3	0	0	0	0	0	0	0	0	0	0	0	0	2182840	
493	1	B	3	N	2500	0	40	180	308	10	4	3	0	0	0	0	0	0	0	0	0	0	0	0	2183183	
494	1	B	3	N	2500	0	40	37	32	0	0	0	0	0	0	0	0	0	0	0	0	0	0	0	2183261	
495	1	B	3	N	2500	0	40	215	505	17	10	7	0	0	0	0	0	0	0	0	0	0	0	0	2183292	
496	1	B	3	N	2500	0	40	236	460	13	8	8	0	0	0	0	0	0	0	0	0	0	0	0	2183292	
497	1	B	3	N	2500	0	40	211	249	9	4	6	0	0	0	0	0	0	0	0	0	0	0	0	2183573	
498	1	B	3	N	2500	0	40	221	429	19	9	9	0	0	0	0	0	0	0	0	0	0	0	0	2184135	
499	1	B	3	N	2500	0	40	128	267	7	4	5	0	0	0	0	0	0	0	0	0	0	0	0	2184166	
500	1	B	3	N	2500	0	40	178	399	11	7	6	0	0	0	0	0	0	0	0	0	0	0	0	2184415	
501	1	B	3	N	2500	0	40	34	75	5	5	6	0	0	0	0	0	0	0	0	0	0	0	0	2184447	
502	1	B	3	N	2500	0	40	24	33	0	0	0	0	0	0	0	0	0	0	0	0	0	0	0	2184478	
503	1	B	3	N	2500	0	40	34	81	5	6	7	0	0	0	0	0	0	0	0	0	0	0	0	2184540	
504	1	B	3	N	2500	0	40	251	535	16	11	9	0	0	0	0	0	0	0	0	0	0	0	0	2184649	
505	1	B	3	N	2500	0	40	20	24	1	0	0	0	0	0	0	0	0	0	0	0	0	0	0	2184681	
506	1	B	3	N	2500	0	40	251	390	14	6	6	0	0	0	0	0	0	0	0	0	0	0	0	2184946	
507	1	B	3	N	2500	0	40	245	453	14	8	8	0	0	0	0	0	0	0	0	0	0	0	0	2184977	
508	1	B	3	N	2500	0	40	209	287	8	3	5	0	0	0	0	0	0	0	0	0	0	0	0	2185492	
509	1	B	3	N	2500	0	40	29	29	1	0	0	0	0	0	0	0	0	0	0	0	0	0	0	2185523	
510	1	B	3	N	2500	0	40	130	151	4	1	1	0	0	0	0	0	0	0	0	0	0	0	0	2185570	
511	1	B	3	N	2500	0	40	164	296	8	5	6	0	0	0	0	0	0	0	0	0	0	0	0	2186100	
512	1	B	3	N	2500	0	40	123	203	5	2	3	0	0	0	0	0	0	0	0	0	0	0	0	2186287	
513	1	B	4	N	2500	0	40	44	52	1	1	0	0	0	0	0	0	0	0	0	0	0	0	0	2194072	
514	1	B	4	N	2500	0	40	238	498	15	8	7	0	0	0	0	0	0	0	0	0	0	0	0	2194353	
515	1	B	4	N	2500	0	40	149	204	5	2	3	0	0	0	0	0	0	0	0	0	0	0	0	2194446	
516	1	B	4	N	2500	0	40	128	224	5	3	2	0	0	0	0	0	0	0	0	0	0	0	0	2194633	
517	1	B	4	N	2500	0	40	139	140	5	3	3	0	0	0	0	0	0	0	0	0	0	0	0	2194789	
518	1	B	4	N	2500	0	40	128	216	6	3	2	0	0	0	0	0	0	0	0	0	0	0	0	2194805	
519	1	B	4	N	2500	0	40	138	202	4	3	3	0	0	0	0	0	0	0	0	0	0	0	0	2195211	
520	1	B	4	N	2500	0	40	145	239	5	4	4	0	0	0	0	0	0	0	0	0	0	0	0	2195289	
521	1	B	4	N	2500	0	40	96	233	4	3	3	0	0	0	0	0	0	0	0	0	0	0	0	2196162	
522	1	B	4	N	2500	0	40	99	167	4	2	2	0	0	0	0	0	0	0	0	0	0	0	0	2196427	
523	1	B	4	N	2500	0	40	22	20	1	0	0	0	0	0	0	0	0	0	0	0	0	0	0	2196505	
524	1	B	4	N	2500	0	40	48	65	4	2	3	0	0	0	0	0	0	0	0	0	0	0	0	2196505	
525	1	B	4	N	2500	0	40	95	210	5	4	4	0	0	0	0	0	0	0	0	0	0	0	0	2196521	
526	1	B	4	N	2500	0	40	106	150	11	6	6	0	0	0	0	0	0	0	0	0	0	0	0	2196583	
527	1	B	4	N	2500	0	40	149	188	6	3	4	0	0	0	0	0	0	0	0	0	0	0	0	2196989	
528	1	B	4	N	2500	0	40	26	24	1	1	0	0	0	0	0	0	0	0	0	0	0	0	0	2197285	
529	1	B	4	N	2500	0	40	162	211	5	2	4	0	0	0	0	0	0	0	0	0	0	0	0	2197473	
530	1	B	4	N	2500	0	40	129	237	4	4	3	0	0	0	0	0	0	0	0	0	0	0	0	2197473	
531	1	B	4	N	2500	0	40	98	119	2	1	1	0	0	0	0	0	0	0	0	0	0	0	0	2197644	
532	1	B	4	N	2500	0	40	125	155	2	1	2	0	0	0	0	0	0	0	0	0	0	0	0	2197691	
533	1	B	4	N	2500	0	40	217	384	17	8	6	0	0	0	0	0	0	0	0	0	0	0	0	2197753	
534	1	B	4	N	2500	0	40	160	214	5	2	1	0	0	0	0	0	0	0	0	0	0	0	0	2197941	
535	1	B	4	N	2500	0	40	105	173	3	2	2	0	0	0	0	0	0	0	0	0	0	0	0	2197956	
536	1	B	4	N	2500	0	40	95	110	2	1	2	0	0	0	0	0	0	0	0	0	0	0	0	2198050	
537	1	B	4	N	2500	0	40	171	242	5	2	2	0	0	0	0	0	0	0	0	0	0	0	0	2198190	
538	1	B	4	N	2500	0	40	30	33	2	1	0	0	0	0	0	0	0	0	0	0	0	0	0	2198253	
539	1	B	4	N	2500	0	40	36	32	2	1	0	0	0	0	0	0	0	0	0	0	0	0	0	2198253	
540	1	B	4	N	2500	0	40	143	192	6	2	2	0	0	0	0	0	0	0	0	0	0	0	0	2198643	
541	1	B	4	N	2500	0	40	98	148	4	2	1	0	0	0	0	0	0	0	0	0	0	0	0	2198799	
542	1	B	4	N	2500	0	40	73	103	1	1	1	0	0	0	0	0	0	0	0	0	0	0	0	2198923	
543	1	B	4	N	2500	0	40	31	59	1	1	0	0	0	0	0	0	0	0	0	0	0	0	0	2198939	
544	1	B	4	N	2500	0	40	215	325	9	5	5	0	0	0	0	0	0	0	0	0	0	0	0	2198986	
545	1	B	4	N	2500	0	40	72	101	2	1	2	0	0	0	0	0	0	0	0	0	0	0	0	2199079	
546	1	B	4	N	2500	0	40	127	189	2	2	3	0	0	0	0	0	0	0	0	0	0	0	0	2199111	
547	1	B	4	N	2500	0	40	171	190	4	2	2	0	0	0	0	0	0	0	0	0	0	0	0	2199126	
548	1	B	4	N	2500	0	40	62	111	2	1	1	0	0	0	0	0	0	0	0	0	0	0	0	2199204	
549	1	B	4	N	2500	0	40	110	292	8	4	3	0	0	0	0	0	0	0	0	0	0	0	0	2199251	
550	1	B	4	N	2500	0	40	189	267	8	4	3	0	0	0	0	0	0	0	0	0	0	0	0	2199922	
551	1	B	4	N	2500	0	40	90	88	2	1	1	0	0	0	0	0	0	0	0	0	0	0	0	2199937	
552	1	B	4	N	2500	0	40	169	452	22	9	8	0	0	0	0	0	0	0	0	0	0	0	0	2200577	
553	1	B	4	N	2500	0	40	73	157	4	2	1	0	0	0	0	0	0	0	0	0	0	0	0	2200827	
554	1	B	4	N	2500	0	40	109	215	7	3	3	0	0	0	0	0	0	0	0	0	0	0	0	2200827	
555	1	B	4	N	2500	0	40	102	175	7	2	2	0	0	0	0	0	0	0	0	0	0	0	0	2200951	
556	1	B	5	N	2500	0	40	37	39	1	0	0	0	0	0	0	0	0	0	0	0	0	0	0	2209219	
557	1	B	5	N	2500	0	40	49	75	1	0	0	0	0	0	0	0	0	0	0	0	0	0	0	2209578	
558	1	B	5	N	2500	0	40	126	191	3	2	2	0	0	0	0	0	0	0	0	0	0	0	0	2210124	
559	1	B	5	N	2500	0	40	72	124	2	1	1	0	0	0	0	0	0	0	0	0	0	0	0	2210483	
560	1	B	5	N	2500	0	40	123	149	3	2	2	0	0	0	0	0	0	0	0	0	0	0	0	2210530	
561	1	B	5	N	2500	0	40	72	169	5	2	2	0	0	0	0	0	0	0	0	0	0	0	0	2210561	
562	1	B	5	N	2500	0	40	138	182	3	2	2	0	0	0	0	0	0	0	0	0	0	0	0	2210639	
563	1	B	5	N	2500	0	40	21	25	1	0	0	0	0	0	0	0	0	0	0	0	0	0	0	2210857	
564	1	B	5	N	2500	0	40	63	106	3	1	1	0	0	0	0	0	0	0	0	0	0	0	0	2210967	
565	1	B	5	N	2500	0	40	50	49	3	1	1	0	0	0	0	0	0	0	0	0	0	0	0	2211107	
566	1	B	5	N	2500	0	40	138	178	3	1	2	0	0	0	0	0	0	0	0	0	0	0	0	2211325	
567	1	B	5	N	2500	0	40	30	53	0	0	0	0	0	0	0	0	0	0	0	0	0	0	0	2211747	
568	1	B	5	N	2500	0	40	91	142	5	2	1	0	0	0	0	0	0	0	0	0	0	0	0	2211778	
569	1	B	5	N	2500	0	40	35	53	1	1	2	0	0	0	0	0	0	0	0	0	0	0	0	2211996	
570	1	B	5	N	2500	0	40	102	190	5	2	3	0	0	0	0	0	0	0	0	0	0	0	0	2211996	
571	1	B	5	N	2500	0	40	80	166	5	2	2	0	0	0	0	0	0	0	0	0	0	0	0	2212059	
572	1	B	5	N	2500	0	40	135	152	4	2	2	0	0	0	0	0	0	0	0	0	0	0	0	2212339	
573	1	B	5	N	2500	0	40	24	38	4	5	6	0	0	0	0	0	0	0	0	0	0	0	0	2212355	
574	1	B	5	N	2500	0	40	30	50	8	10	11	0	0	0	0	0	0	0	0	0	0	0	0	2212371	
575	1	B	5	N	2500	0	40	160	222	5	2	3	0	0	0	0	0	0	0	0	0	0	0	0	2212386	
576	1	B	5	N	2500	0	40	91	102	2	1	1	0	0	0	0	0	0	0	0	0	0	0	0	2212542	
577	1	B	5	N	2500	0	40	20	27	1	0	1	0	0	0	0	0	0	0	0	0	0	0	0	2212573	
578	1	B	5	N	2500	0	40	22	35	3	4	3	0	0	0	0	0	0	0	0	0	0	0	0	2212573	
579	1	B	5	N	2500	0	40	146	172	7	4	4	0	0	0	0	0	0	0	0	0	0	0	0	2212636	
580	1	B	5	N	2500	0	40	107	166	4	2	2	0	0	0	0	0	0	0	0	0	0	0	0	2212807	
581	1	B	5	N	2500	0	40	79	134	2	1	1	0	0	0	0	0	0	0	0	0	0	0	0	2212901	
582	1	B	5	N	2500	0	40	98	156	5	2	3	0	0	0	0	0	0	0	0	0	0	0	0	2212917	
583	1	B	5	N	2500	0	40	54	78	4	2	2	0	0	0	0	0	0	0	0	0	0	0	0	2212995	
584	1	B	5	N	2500	0	40	182	238	6	4	4	0	0	0	0	0	0	0	0	0	0	0	0	2213244	
585	1	B	5	N	2500	0	40	23	39	1	0	2	0	0	0	0	0	0	0	0	0	0	0	0	2213260	
586	1	B	5	N	2500	0	40	103	153	3	2	1	0	0	0	0	0	0	0	0	0	0	0	0	2213837	
587	1	B	5	N	2500	0	40	134	176	7	2	4	0	0	0	0	0	0	0	0	0	0	0	0	2213868	
588	1	B	5	N	2500	0	40	47	146	11	10	15	0	0	0	0	0	0	0	0	0	0	0	0	2213993	
589	1	B	5	N	2500	0	40	73	96	2	1	1	0	0	0	0	0	0	0	0	0	0	0	0	2214118	
590	1	B	5	N	2500	0	40	100	153	4	1	2	0	0	0	0	0	0	0	0	0	0	0	0	2214336	
591	1	B	5	N	2500	0	40	31	53	2	1	1	0	0	0	0	0	0	0	0	0	0	0	0	2214555	
592	1	B	5	N	2500	0	40	133	183	5	2	2	0	0	0	0	0	0	0	0	0	0	0	0	2214617	
593	1	B	5	N	2500	0	40	73	69	2	1	0	0	0	0	0	0	0	0	0	0	0	0	0	2215163	
594	1	B	5	N	2500	0	40	69	150	4	2	2	0	0	0	0	0	0	0	0	0	0	0	0	2215257	
595	1	B	5	N	2500	0	40	32	41	0	1	0	0	0	0	0	0	0	0	0	0	0	0	0	2215350	
596	1	B	5	N	2500	0	40	21	27	1	0	0	0	0	0	0	0	0	0	0	0	0	0	0	2215413	
597	1	B	5	N	2500	0	40	46	63	1	1	0	0	0	0	0	0	0	0	0	0	0	0	0	2215413	
598	1	B	6	N	2500	0	40	23	44	5	0	0	0	0	0	0	0	0	0	0	0	0	0	0	2222869	
599	1	B	6	N	2500	0	40	21	38	4	0	0	0	0	0	0	0	0	0	0	0	0	0	0	2223025	
600	1	B	6	N	2500	0	40	117	168	4	1	2	0	0	0	0	0	0	0	0	0	0	0	0	2228485	
601	1	B	7	N	2500	0	40	259	710	37	19	13	0	0	0	0	0	0	0	0	0	0	0	0	2237939	
602	1	B	7	N	2500	0	40	177	794	40	19	16	0	0	0	0	0	0	0	0	0	0	0	0	2238235	
603	1	B	7	N	2500	0	40	82	128	22	14	6	0	0	0	0	0	0	0	0	0	0	0	0	2238360	
604	1	B	7	N	2500	0	40	31	28	4	2	1	0	0	0	0	0	0	0	0	0	0	0	0	2238360	
605	1	B	7	N	2500	0	40	52	104	19	10	3	0	0	0	0	0	0	0	0	0	0	0	0	2238360	
606	1	B	7	N	2500	0	40	47	95	15	4	1	0	0	0	0	0	0	0	0	0	0	0	0	2238703	
607	1	B	7	N	2500	0	40	354	1012	77	28	23	0	0	0	0	0	0	0	0	0	0	0	0	2238922	
608	1	B	7	N	2500	0	40	34	52	0	0	0	0	0	0	0	0	0	0	0	0	0	0	0	2239421	
609	1	B	7	N	2500	0	40	292	983	52	26	15	0	0	0	0	0	0	0	0	0	0	0	0	2239421	
610	1	B	7	N	2500	0	40	313	978	52	25	20	0	0	0	0	0	0	0	0	0	0	0	0	2239483	
611	1	B	7	N	2500	0	40	276	988	48	29	19	0	0	0	0	0	0	0	0	0	0	0	0	2239639	
612	1	B	7	N	2500	0	40	170	629	33	17	13	0	0	0	0	0	0	0	0	0	0	0	0	2239780	
613	1	B	7	N	2500	0	40	305	869	43	20	17	0	0	0	0	0	0	0	0	0	0	0	0	2239905	
614	1	B	7	N	2500	0	40	83	126	21	5	3	0	0	0	0	0	0	0	0	0	0	0	0	2239920	
615	1	B	7	N	2500	0	40	20	18	3	0	0	0	0	0	0	0	0	0	0	0	0	0	0	2239967	
616	1	B	7	N	2500	0	40	42	87	5	0	1	0	0	0	0	0	0	0	0	0	0	0	0	2240279	
617	1	B	7	N	2500	0	40	71	90	16	9	5	0	0	0	0	0	0	0	0	0	0	0	0	2240357	
618	1	B	7	N	2500	0	40	336	1181	69	33	25	0	0	0	0	0	0	0	0	0	0	0	0	2240404	
619	1	B	7	N	2500	0	40	21	41	6	6	8	0	0	0	0	0	0	0	0	0	0	0	0	2240435	
620	1	B	7	N	2500	0	40	321	1180	62	32	27	0	0	0	0	0	0	0	0	0	0	0	0	2240544	
621	1	B	7	N	2500	0	40	20	38	3	2	2	0	0	0	0	0	0	0	0	0	0	0	0	2240622	
622	1	B	7	N	2500	0	40	186	1018	65	28	19	0	0	0	0	0	0	0	0	0	0	0	0	2240700	
623	1	B	7	N	2500	0	40	253	1051	70	33	22	0	0	0	0	0	0	0	0	0	0	0	0	2240763	
624	1	B	7	N	2500	0	40	239	929	50	24	17	0	0	0	0	0	0	0	0	0	0	0	0	2241059	
625	1	B	7	N	2500	0	40	304	944	45	24	17	0	0	0	0	0	0	0	0	0	0	0	0	2241184	
626	1	B	7	N	2500	0	40	221	1157	78	37	27	0	0	0	0	0	0	0	0	0	0	0	0	2241293	
627	1	B	7	N	2500	0	40	320	1005	55	27	17	0	0	0	0	0	0	0	0	0	0	0	0	2241543	
628	1	B	7	N	2500	0	40	24	41	2	2	1	0	0	0	0	0	0	0	0	0	0	0	0	2241636	
629	1	B	7	N	2500	0	40	103	116	2	1	2	0	0	0	0	0	0	0	0	0	0	0	0	2241683	
630	1	B	7	N	2500	0	40	257	866	51	24	15	0	0	0	0	0	0	0	0	0	0	0	0	2241730	
631	1	B	7	N	2500	0	40	23	39	9	10	13	0	0	0	0	0	0	0	0	0	0	0	0	2241839	
632	1	B	7	N	2500	0	40	366	1143	69	27	19	0	0	0	0	0	0	0	0	0	0	0	0	2242011	
633	1	B	7	N	2500	0	40	321	1104	63	29	24	0	0	0	0	0	0	0	0	0	0	0	0	2242042	
634	1	B	7	N	2500	0	40	288	1020	55	29	17	0	0	0	0	0	0	0	0	0	0	0	0	2242167	
635	1	B	7	N	2500	0	40	40	61	2	1	0	0	0	0	0	0	0	0	0	0	0	0	0	2242245	
636	1	B	7	N	2500	0	40	278	916	73	26	17	0	0	0	0	0	0	0	0	0	0	0	0	2242276	
637	1	B	7	N	2500	0	40	274	1083	64	31	21	0	0	0	0	0	0	0	0	0	0	0	0	2242276	
638	1	B	7	N	2500	0	40	347	978	54	23	17	0	0	0	0	0	0	0	0	0	0	0	0	2242338	
639	1	B	7	N	2500	0	40	218	937	82	32	25	0	0	0	0	0	0	0	0	0	0	0	0	2242541	
640	1	B	7	N	2500	0	40	314	904	48	22	15	0	0	0	0	0	0	0	0	0	0	0	0	2242619	
641	1	B	7	N	2500	0	40	334	1051	62	30	25	0	0	0	0	0	0	0	0	0	0	0	0	2242744	
642	1	B	7	N	2500	0	40	260	1054	56	30	21	0	0	0	0	0	0	0	0	0	0	0	0	2242806	
643	1	B	7	N	2500	0	40	203	966	56	29	22	0	0	0	0	0	0	0	0	0	0	0	0	2242853	
644	1	B	7	N	2500	0	40	268	908	52	24	17	0	0	0	0	0	0	0	0	0	0	0	0	2242978	
645	1	B	7	N	2500	0	40	233	985	61	29	19	0	0	0	0	0	0	0	0	0	0	0	0	2243056	
646	1	B	7	N	2500	0	40	410	1057	79	31	23	0	0	0	0	0	0	0	0	0	0	0	0	2243087	
647	1	B	7	N	2500	0	40	318	804	45	21	15	0	0	0	0	0	0	0	0	0	0	0	0	2243103	
648	1	B	7	N	2500	0	40	285	1076	54	27	20	0	0	0	0	0	0	0	0	0	0	0	0	2243259	
649	1	B	7	N	2500	0	40	21	19	1	1	1	0	0	0	0	0	0	0	0	0	0	0	0	2243274	
650	1	B	7	N	2500	0	40	295	807	37	19	15	0	0	0	0	0	0	0	0	0	0	0	0	2243290	
651	1	B	7	N	2500	0	40	307	1034	59	29	19	0	0	0	0	0	0	0	0	0	0	0	0	2243524	
652	1	B	7	N	2500	0	40	269	745	45	20	16	0	0	0	0	0	0	0	0	0	0	0	0	2243617	
653	1	B	7	N	2500	0	40	327	1019	49	27	19	0	0	0	0	0	0	0	0	0	0	0	0	2243867	
654	1	B	7	N	2500	0	40	316	945	55	23	16	0	0	0	0	0	0	0	0	0	0	0	0	2243961	
655	1	B	7	N	2500	0	40	256	787	47	24	14	0	0	0	0	0	0	0	0	0	0	0	0	2244117	
656	1	B	7	N	2500	0	40	31	64	1	1	1	0	0	0	0	0	0	0	0	0	0	0	0	2244195	
657	1	B	7	N	2500	0	40	20	18	1	1	0	0	0	0	0	0	0	0	0	0	0	0	0	2244631	
658	1	B	7	N	2500	0	40	39	62	2	1	1	0	0	0	0	0	0	0	0	0	0	0	0	2244663	
659	1	B	8	N	2500	0	40	22	48	2	1	2	0	0	0	0	0	0	0	0	0	0	0	0	2252962	
660	1	B	8	N	2500	0	40	232	415	13	6	6	0	0	0	0	0	0	0	0	0	0	0	0	2253102	
661	1	B	8	N	2500	0	40	302	681	38	17	16	0	0	0	0	0	0	0	0	0	0	0	0	2253726	
662	1	B	8	N	2500	0	40	132	494	19	10	10	0	0	0	0	0	0	0	0	0	0	0	0	2253991	
663	1	B	8	N	2500	0	40	157	627	27	13	7	0	0	0	0	0	0	0	0	0	0	0	0	2254194	
664	1	B	8	N	2500	0	40	326	980	57	24	19	0	0	0	0	0	0	0	0	0	0	0	0	2255473	
665	1	B	8	N	2500	0	40	79	169	5	2	1	0	0	0	0	0	0	0	0	0	0	0	0	2255505	
666	1	B	8	N	2500	0	40	171	802	50	22	18	0	0	0	0	0	0	0	0	0	0	0	0	2256503	
667	1	B	8	N	2500	0	40	231	527	16	9	7	0	0	0	0	0	0	0	0	0	0	0	0	2256503	
668	1	B	8	N	2500	0	40	226	414	13	6	6	0	0	0	0	0	0	0	0	0	0	0	0	2256628	
669	1	B	8	N	2500	0	40	154	654	29	14	10	0	0	0	0	0	0	0	0	0	0	0	0	2256784	
670	1	B	8	N	2500	0	40	214	399	16	8	7	0	0	0	0	0	0	0	0	0	0	0	0	2256862	
671	1	B	8	N	2500	0	40	149	517	21	14	11	0	0	0	0	0	0	0	0	0	0	0	0	2257049	
672	1	B	8	N	2500	0	40	231	560	25	13	10	0	0	0	0	0	0	0	0	0	0	0	0	2257049	
673	1	B	8	N	2500	0	40	29	58	1	1	1	0	0	0	0	0	0	0	0	0	0	0	0	2257345	
674	1	B	8	N	2500	0	40	33	66	1	1	1	0	0	0	0	0	0	0	0	0	0	0	0	2257579	
675	1	B	8	N	2500	0	40	313	532	21	10	7	0	0	0	0	0	0	0	0	0	0	0	0	2257595	
676	1	B	8	N	2500	0	40	72	132	6	2	1	0	0	0	0	0	0	0	0	0	0	0	0	2257735	
677	1	B	8	N	2500	0	40	294	603	25	13	9	0	0	0	0	0	0	0	0	0	0	0	0	2257751	
678	1	B	8	N	2500	0	40	117	327	17	7	6	0	0	0	0	0	0	0	0	0	0	0	0	2257829	
679	1	B	8	N	2500	0	40	110	318	13	6	5	0	0	0	0	0	0	0	0	0	0	0	0	2257876	
680	1	B	8	N	2500	0	40	291	368	12	7	8	0	0	0	0	0	0	0	0	0	0	0	0	2257923	
681	1	B	8	N	2500	0	40	204	434	22	7	5	0	0	0	0	0	0	0	0	0	0	0	0	2258063	
682	1	B	8	N	2500	0	40	187	377	18	9	6	0	0	0	0	0	0	0	0	0	0	0	0	2258203	
683	1	B	8	N	2500	0	40	191	400	13	7	7	0	0	0	0	0	0	0	0	0	0	0	0	2258500	
684	1	B	8	N	2500	0	40	22	24	0	0	0	0	0	0	0	0	0	0	0	0	0	0	0	2258500	
685	1	B	8	N	2500	0	40	251	473	23	9	6	0	0	0	0	0	0	0	0	0	0	0	0	2258531	
686	1	B	8	N	2500	0	40	271	603	21	12	12	0	0	0	0	0	0	0	0	0	0	0	0	2258562	
687	1	B	8	N	2500	0	40	257	483	18	9	7	0	0	0	0	0	0	0	0	0	0	0	0	2258671	
688	1	B	8	N	2500	0	40	253	436	15	8	7	0	0	0	0	0	0	0	0	0	0	0	0	2258890	
689	1	B	8	N	2500	0	40	252	645	23	14	8	0	0	0	0	0	0	0	0	0	0	0	0	2259186	
690	1	B	8	N	2500	0	40	169	489	20	10	9	0	0	0	0	0	0	0	0	0	0	0	0	2259217	
691	1	B	8	N	2500	0	40	223	312	10	4	6	0	0	0	0	0	0	0	0	0	0	0	0	2259233	
692	1	B	8	N	2500	0	40	249	438	14	6	7	0	0	0	0	0	0	0	0	0	0	0	0	2259233	
693	1	B	8	N	2500	0	40	25	53	2	1	1	0	0	0	0	0	0	0	0	0	0	0	0	2259311	
694	1	B	8	N	2500	0	40	38	38	1	0	0	0	0	0	0	0	0	0	0	0	0	0	0	2259436	
695	1	B	8	N	2500	0	40	285	488	22	10	11	0	0	0	0	0	0	0	0	0	0	0	0	2259514	
696	1	B	8	N	2500	0	40	139	225	9	4	2	0	0	0	0	0	0	0	0	0	0	0	0	2259701	
697	1	B	9	N	2500	0	40	30	33	2	0	0	0	0	0	0	0	0	0	0	0	0	0	0	2267704	
698	1	B	9	N	2500	0	40	232	476	17	8	7	0	0	0	0	0	0	0	0	0	0	0	0	2268437	
699	1	B	9	N	2500	0	40	25	36	1	0	1	0	0	0	0	0	0	0	0	0	0	0	0	2268562	
700	1	B	9	N	2500	0	40	29	51	2	0	1	0	0	0	0	0	0	0	0	0	0	0	0	2268718	
701	1	B	9	N	2500	0	40	226	301	9	3	4	0	0	0	0	0	0	0	0	0	0	0	0	2269669	
702	1	B	9	N	2500	0	40	26	35	2	1	1	0	0	0	0	0	0	0	0	0	0	0	0	2269716	
703	1	B	9	N	2500	0	40	197	349	9	5	8	0	0	0	0	0	0	0	0	0	0	0	0	2269779	
704	1	B	9	N	2500	0	40	129	402	15	9	7	0	0	0	0	0	0	0	0	0	0	0	0	2269872	
705	1	B	9	N	2500	0	40	57	111	34	40	57	0	0	0	0	0	0	0	0	0	0	0	0	2270059	
706	1	B	9	N	2500	0	40	202	311	9	5	4	0	0	0	0	0	0	0	0	0	0	0	0	2270527	
707	1	B	9	N	2500	0	40	141	160	3	2	2	0	0	0	0	0	0	0	0	0	0	0	0	2270559	
708	1	B	9	N	2500	0	40	38	40	0	0	1	0	0	0	0	0	0	0	0	0	0	0	0	2270590	
709	1	B	9	N	2500	0	40	116	207	5	2	3	0	0	0	0	0	0	0	0	0	0	0	0	2270699	
710	1	B	9	N	2500	0	40	21	31	0	0	0	0	0	0	0	0	0	0	0	0	0	0	0	2270777	
711	1	B	9	N	2500	0	40	235	481	22	7	8	0	0	0	0	0	0	0	0	0	0	0	0	2271089	
712	1	B	9	N	2500	0	40	89	146	3	1	0	0	0	0	0	0	0	0	0	0	0	0	0	2271214	
713	1	B	9	N	2500	0	40	249	361	12	5	6	0	0	0	0	0	0	0	0	0	0	0	0	2271245	
714	1	B	9	N	2500	0	40	104	158	3	2	2	0	0	0	0	0	0	0	0	0	0	0	0	2271261	
715	1	B	9	N	2500	0	40	186	232	9	3	2	0	0	0	0	0	0	0	0	0	0	0	0	2271370	
716	1	B	9	N	2500	0	40	63	91	2	0	0	0	0	0	0	0	0	0	0	0	0	0	0	2271401	
717	1	B	9	N	2500	0	40	136	299	10	4	5	0	0	0	0	0	0	0	0	0	0	0	0	2271557	
718	1	B	9	N	2500	0	40	280	544	18	9	10	0	0	0	0	0	0	0	0	0	0	0	0	2271588	
719	1	B	9	N	2500	0	40	242	326	15	5	8	0	0	0	0	0	0	0	0	0	0	0	0	2271697	
720	1	B	9	N	2500	0	40	138	164	5	2	3	0	0	0	0	0	0	0	0	0	0	0	0	2271697	
721	1	B	9	N	2500	0	40	156	182	5	1	2	0	0	0	0	0	0	0	0	0	0	0	0	2271791	
722	1	B	9	N	2500	0	40	93	206	5	2	2	0	0	0	0	0	0	0	0	0	0	0	0	2271853	
723	1	B	9	N	2500	0	40	27	56	7	1	0	0	0	0	0	0	0	0	0	0	0	0	0	2271900	
724	1	B	9	N	2500	0	40	26	45	3	1	2	0	0	0	0	0	0	0	0	0	0	0	0	2271994	
725	1	B	9	N	2500	0	40	40	68	1	1	1	0	0	0	0	0	0	0	0	0	0	0	0	2272228	
726	1	B	9	N	2500	0	40	216	275	9	3	4	0	0	0	0	0	0	0	0	0	0	0	0	2272306	
727	1	B	9	N	2500	0	40	204	359	19	7	5	0	0	0	0	0	0	0	0	0	0	0	0	2272353	
728	1	B	9	N	2500	0	40	233	387	11	6	6	0	0	0	0	0	0	0	0	0	0	0	0	2272571	
729	1	B	9	N	2500	0	40	136	170	3	1	2	0	0	0	0	0	0	0	0	0	0	0	0	2272805	
730	1	B	9	N	2500	0	40	27	47	1	0	1	0	0	0	0	0	0	0	0	0	0	0	0	2272805	
731	1	B	9	N	2500	0	40	269	544	15	10	9	0	0	0	0	0	0	0	0	0	0	0	0	2272852	
732	1	B	9	N	2500	0	40	88	144	2	2	2	0	0	0	0	0	0	0	0	0	0	0	0	2273148	
733	1	B	9	N	2500	0	40	114	120	3	1	1	0	0	0	0	0	0	0	0	0	0	0	0	2273569	
734	1	B	9	N	2500	0	40	216	321	13	5	4	0	0	0	0	0	0	0	0	0	0	0	0	2273679	
735	1	B	9	N	2500	0	40	83	183	6	2	3	0	0	0	0	0	0	0	0	0	0	0	0	2273725	
736	1	B	9	N	2500	0	40	94	182	4	2	3	0	0	0	0	0	0	0	0	0	0	0	0	2273757	
737	1	B	9	N	2500	0	40	137	163	6	2	2	0	0	0	0	0	0	0	0	0	0	0	0	2273819	
738	1	B	10	N	2500	0	40	73	103	2	1	2	0	0	0	0	0	0	0	0	0	0	0	0	2281666	
739	1	B	10	N	2500	0	40	30	87	7	0	0	0	0	0	0	0	0	0	0	0	0	0	0	2281775	
740	1	B	10	N	2500	0	40	21	33	3	0	0	0	0	0	0	0	0	0	0	0	0	0	0	2281916	
741	1	B	10	N	2500	0	40	25	49	4	0	0	0	0	0	0	0	0	0	0	0	0	0	0	2282118	
742	1	B	10	N	2500	0	40	35	98	9	0	0	0	0	0	0	0	0	0	0	0	0	0	0	2282134	
743	1	B	10	N	2500	0	40	101	170	3	1	2	0	0	0	0	0	0	0	0	0	0	0	0	2282196	
744	1	B	10	N	2500	0	40	261	464	13	6	7	0	0	0	0	0	0	0	0	0	0	0	0	2282399	
745	1	B	10	N	2500	0	40	39	49	1	1	1	0	0	0	0	0	0	0	0	0	0	0	0	2282945	
746	1	B	10	N	2500	0	40	79	104	3	1	1	0	0	0	0	0	0	0	0	0	0	0	0	2283257	
747	1	B	10	N	2500	0	40	160	440	12	7	5	0	0	0	0	0	0	0	0	0	0	0	0	2283538	
748	1	B	10	N	2500	0	40	171	230	6	3	4	0	0	0	0	0	0	0	0	0	0	0	0	2283819	
749	1	B	10	N	2500	0	40	97	245	6	3	2	0	0	0	0	0	0	0	0	0	0	0	0	2284240	
750	1	B	10	N	2500	0	40	121	184	5	3	2	0	0	0	0	0	0	0	0	0	0	0	0	2284240	
751	1	B	10	N	2500	0	40	172	254	7	3	3	0	0	0	0	0	0	0	0	0	0	0	0	2284334	
752	1	B	10	N	2500	0	40	168	240	7	3	4	0	0	0	0	0	0	0	0	0	0	0	0	2284458	
753	1	B	10	N	2500	0	40	126	181	4	2	2	0	0	0	0	0	0	0	0	0	0	0	0	2284552	
754	1	B	10	N	2500	0	40	152	255	9	5	5	0	0	0	0	0	0	0	0	0	0	0	0	2284708	
755	1	B	10	N	2500	0	40	84	215	6	4	4	0	0	0	0	0	0	0	0	0	0	0	0	2284895	
756	1	B	10	N	2500	0	40	34	58	1	1	1	0	0	0	0	0	0	0	0	0	0	0	0	2285410	
757	1	B	10	N	2500	0	40	111	190	3	1	2	0	0	0	0	0	0	0	0	0	0	0	0	2285706	
758	1	B	10	N	2500	0	40	202	244	6	3	5	0	0	0	0	0	0	0	0	0	0	0	0	2286206	
759	1	B	10	N	2500	0	40	69	146	3	1	2	0	0	0	0	0	0	0	0	0	0	0	0	2286518	
760	1	B	10	N	2500	0	40	23	48	2	2	1	0	0	0	0	0	0	0	0	0	0	0	0	2286783	
761	1	B	10	N	2500	0	40	153	172	6	2	3	0	0	0	0	0	0	0	0	0	0	0	0	2286908	
762	1	B	10	N	2500	0	40	190	216	6	2	3	0	0	0	0	0	0	0	0	0	0	0	0	2287173	
763	1	B	10	N	2500	0	40	210	328	11	6	4	0	0	0	0	0	0	0	0	0	0	0	0	2287266	
764	1	B	10	N	2500	0	40	96	99	6	1	2	0	0	0	0	0	0	0	0	0	0	0	0	2287422	
765	1	B	10	N	2500	0	40	238	442	11	8	8	0	0	0	0	0	0	0	0	0	0	0	0	2287422	
766	1	B	10	N	2500	0	40	183	229	6	3	3	0	0	0	0	0	0	0	0	0	0	0	0	2287485	
767	1	B	10	N	2500	0	40	118	183	5	3	1	0	0	0	0	0	0	0	0	0	0	0	0	2287532	
768	1	B	10	N	2500	0	40	104	238	7	4	4	0	0	0	0	0	0	0	0	0	0	0	0	2287641	
769	1	B	10	N	2500	0	40	126	153	6	3	3	0	0	0	0	0	0	0	0	0	0	0	0	2287984	
770	1	B	10	N	2500	0	40	142	192	4	2	3	0	0	0	0	0	0	0	0	0	0	0	0	2288405	
771	1	B	10	N	2500	0	40	170	225	7	3	3	0	0	0	0	0	0	0	0	0	0	0	0	2288468	
772	1	B	10	N	2500	0	40	280	408	13	7	6	0	0	0	0	0	0	0	0	0	0	0	0	2289138	
773	1	B	11	N	2500	0	40	108	123	3	1	1	0	0	0	0	0	0	0	0	0	0	0	0	2296782	
774	1	B	11	N	2500	0	40	86	105	2	1	1	0	0	0	0	0	0	0	0	0	0	0	0	2297734	
775	1	B	11	N	2500	0	40	60	71	2	1	2	0	0	0	0	0	0	0	0	0	0	0	0	2297812	
776	1	B	11	N	2500	0	40	128	144	4	1	2	0	0	0	0	0	0	0	0	0	0	0	0	2297906	
777	1	B	11	N	2500	0	40	64	66	2	1	1	0	0	0	0	0	0	0	0	0	0	0	0	2298077	
778	1	B	11	N	2500	0	40	74	77	2	1	1	0	0	0	0	0	0	0	0	0	0	0	0	2298124	
779	1	B	11	N	2500	0	40	71	97	2	0	1	0	0	0	0	0	0	0	0	0	0	0	0	2298857	
780	1	B	11	N	2500	0	40	80	87	2	1	1	0	0	0	0	0	0	0	0	0	0	0	0	2299653	
781	1	B	11	N	2500	0	40	165	209	4	3	3	0	0	0	0	0	0	0	0	0	0	0	0	2299856	
782	1	B	11	N	2500	0	40	99	172	4	2	2	0	0	0	0	0	0	0	0	0	0	0	0	2300043	
783	1	B	11	N	2500	0	40	82	123	4	1	2	0	0	0	0	0	0	0	0	0	0	0	0	2300074	
784	1	B	11	N	2500	0	40	114	139	2	1	2	0	0	0	0	0	0	0	0	0	0	0	0	2300324	
785	1	B	11	N	2500	0	40	104	117	2	1	1	0	0	0	0	0	0	0	0	0	0	0	0	2300542	
786	1	B	11	N	2500	0	40	108	120	2	1	2	0	0	0	0	0	0	0	0	0	0	0	0	2300792	
787	1	B	11	N	2500	0	40	54	65	3	0	0	0	0	0	0	0	0	0	0	0	0	0	0	2300901	
788	1	B	11	N	2500	0	40	36	44	1	0	1	0	0	0	0	0	0	0	0	0	0	0	0	2301416	
789	1	B	11	N	2500	0	40	34	46	4	3	3	0	0	0	0	0	0	0	0	0	0	0	0	2301478	
790	1	B	11	N	2500	0	40	159	212	6	2	3	0	0	0	0	0	0	0	0	0	0	0	0	2301618	
791	1	B	11	N	2500	0	40	115	146	4	3	2	0	0	0	0	0	0	0	0	0	0	0	0	2301681	
792	1	B	11	N	2500	0	40	76	88	1	1	0	0	0	0	0	0	0	0	0	0	0	0	0	2302289	
793	1	B	11	N	2500	0	40	68	170	3	1	2	0	0	0	0	0	0	0	0	0	0	0	0	2302305	
794	1	B	11	N	2500	0	40	100	100	3	1	2	0	0	0	0	0	0	0	0	0	0	0	0	2302320	
795	1	B	11	N	2500	0	40	170	221	5	3	3	0	0	0	0	0	0	0	0	0	0	0	0	2302383	
796	1	B	11	N	2500	0	40	145	154	4	2	2	0	0	0	0	0	0	0	0	0	0	0	0	2302414	
797	1	B	11	N	2500	0	40	80	140	5	2	2	0	0	0	0	0	0	0	0	0	0	0	0	2302461	
798	1	B	11	N	2500	0	40	82	77	1	1	1	0	0	0	0	0	0	0	0	0	0	0	0	2302586	
799	1	B	11	N	2500	0	40	141	147	6	2	1	0	0	0	0	0	0	0	0	0	0	0	0	2302617	
800	1	B	11	N	2500	0	40	131	154	7	2	3	0	0	0	0	0	0	0	0	0	0	0	0	2302664	
801	1	B	11	N	2500	0	40	81	150	6	2	1	0	0	0	0	0	0	0	0	0	0	0	0	2302742	
802	1	B	11	N	2500	0	40	146	175	6	3	3	0	0	0	0	0	0	0	0	0	0	0	0	2302757	
803	1	B	11	N	2500	0	40	26	20	0	0	0	0	0	0	0	0	0	0	0	0	0	0	0	2303163	
804	1	B	11	N	2500	0	40	42	36	0	0	0	0	0	0	0	0	0	0	0	0	0	0	0	2303163	
805	1	B	11	N	2500	0	40	125	155	7	2	4	0	0	0	0	0	0	0	0	0	0	0	0	2303163	
806	1	B	11	N	2500	0	40	43	91	1	1	0	0	0	0	0	0	0	0	0	0	0	0	0	2303194	
807	1	B	11	N	2500	0	40	137	190	4	2	2	0	0	0	0	0	0	0	0	0	0	0	0	2303428	
808	1	B	11	N	2500	0	40	97	131	3	2	2	0	0	0	0	0	0	0	0	0	0	0	0	2303818	
809	1	B	12	N	2500	0	40	258	1994	343	3	4	0	0	0	0	0	0	0	0	0	0	0	0	2310994	
810	1	B	12	N	2500	0	40	114	815	119	1	1	0	0	0	0	0	0	0	0	0	0	0	0	2310994	
811	1	B	12	N	2500	0	40	62	359	38	0	0	0	0	0	0	0	0	0	0	0	0	0	0	2310994	
812	1	B	12	N	2500	0	40	21	36	2	0	0	0	0	0	0	0	0	0	0	0	0	0	0	2310994	
813	1	B	12	N	2500	0	40	237	1832	304	2	4	0	0	0	0	0	0	0	0	0	0	0	0	2311103	
814	1	B	12	N	2500	0	40	244	1859	314	4	6	0	0	0	0	0	0	0	0	0	0	0	0	2311103	
815	1	B	12	N	2500	0	40	100	700	91	1	2	0	0	0	0	0	0	0	0	0	0	0	0	2311103	
816	1	B	12	N	2500	0	40	71	447	50	1	1	0	0	0	0	0	0	0	0	0	0	0	0	2311103	
817	1	B	12	N	2500	0	40	32	85	7	0	0	0	0	0	0	0	0	0	0	0	0	0	0	2311103	
818	1	B	12	N	2500	0	40	33	35	3	0	0	0	0	0	0	0	0	0	0	0	0	0	0	2311103	
819	1	B	12	N	2500	0	40	249	1926	323	2	5	0	0	0	0	0	0	0	0	0	0	0	0	2311150	
820	1	B	12	N	2500	0	40	318	2373	391	5	6	0	0	0	0	0	0	0	0	0	0	0	0	2311150	
821	1	B	12	N	2500	0	40	65	385	34	0	1	0	0	0	0	0	0	0	0	0	0	0	0	2311150	
822	1	B	12	N	2500	0	40	45	215	22	0	0	0	0	0	0	0	0	0	0	0	0	0	0	2311150	
823	1	B	12	N	2500	0	40	159	1189	134	2	4	0	0	0	0	0	0	0	0	0	0	0	0	2311150	
824	1	B	12	N	2500	0	40	53	257	21	0	1	0	0	0	0	0	0	0	0	0	0	0	0	2311150	
825	1	B	12	N	2500	0	40	391	2972	561	4	6	0	0	0	0	0	0	0	0	0	0	0	0	2311166	
826	1	B	12	N	2500	0	40	79	519	58	0	1	0	0	0	0	0	0	0	0	0	0	0	0	2311166	
827	1	B	12	N	2500	0	40	67	205	13	0	1	0	0	0	0	0	0	0	0	0	0	0	0	2311181	
828	1	B	12	N	2500	0	40	35	115	8	0	0	0	0	0	0	0	0	0	0	0	0	0	0	2311197	
829	1	B	12	N	2500	0	40	143	1064	116	1	3	0	0	0	0	0	0	0	0	0	0	0	0	2311228	
830	1	B	12	N	2500	0	40	51	235	20	0	0	0	0	0	0	0	0	0	0	0	0	0	0	2311228	
831	1	B	12	N	2500	0	40	123	897	115	1	2	0	0	0	0	0	0	0	0	0	0	0	0	2311228	
832	1	B	12	N	2500	0	40	32	67	7	0	0	0	0	0	0	0	0	0	0	0	0	0	0	2311228	
833	1	B	12	N	2500	0	40	58	346	25	0	1	0	0	0	0	0	0	0	0	0	0	0	0	2311244	
834	1	B	12	N	2500	0	40	283	2204	501	3	5	0	0	0	0	0	0	0	0	0	0	0	0	2311244	
835	1	B	12	N	2500	0	40	109	773	108	1	3	0	0	0	0	0	0	0	0	0	0	0	0	2311244	
836	1	B	12	N	2500	0	40	65	382	40	1	1	0	0	0	0	0	0	0	0	0	0	0	0	2311244	
837	1	B	12	N	2500	0	40	128	934	119	1	1	0	0	0	0	0	0	0	0	0	0	0	0	2311275	
838	1	B	12	N	2500	0	40	111	798	101	1	1	0	0	0	0	0	0	0	0	0	0	0	0	2311275	
839	1	B	12	N	2500	0	40	275	2144	440	3	5	0	0	0	0	0	0	0	0	0	0	0	0	2311306	
840	1	B	12	N	2500	0	40	156	1169	171	2	3	0	0	0	0	0	0	0	0	0	0	0	0	2311306	
841	1	B	12	N	2500	0	40	131	961	142	2	4	0	0	0	0	0	0	0	0	0	0	0	0	2311306	
842	1	B	12	N	2500	0	40	110	783	65	1	1	0	0	0	0	0	0	0	0	0	0	0	0	2311306	
843	1	B	12	N	2500	0	40	52	239	14	0	0	0	0	0	0	0	0	0	0	0	0	0	0	2311306	
844	1	B	12	N	2500	0	40	257	1991	339	2	3	0	0	0	0	0	0	0	0	0	0	0	0	2311384	
845	1	B	12	N	2500	0	40	145	1073	166	2	4	0	0	0	0	0	0	0	0	0	0	0	0	2311384	
846	1	B	12	N	2500	0	40	87	594	69	1	1	0	0	0	0	0	0	0	0	0	0	0	0	2311384	
847	1	B	12	N	2500	0	40	37	121	11	0	1	0	0	0	0	0	0	0	0	0	0	0	0	2311384	
848	1	B	12	N	2500	0	40	30	65	6	0	1	0	0	0	0	0	0	0	0	0	0	0	0	2311384	
849	1	B	12	N	2500	0	40	31	90	9	0	0	0	0	0	0	0	0	0	0	0	0	0	0	2311431	
850	1	B	12	N	2500	0	40	373	2935	1054	4	5	0	0	0	0	0	0	0	0	0	0	0	0	2311462	
851	1	B	12	N	2500	0	40	509	4053	1695	5	8	0	0	0	0	0	0	0	0	0	0	0	0	2311556	
852	1	B	12	N	2500	0	40	120	872	99	1	2	0	0	0	0	0	0	0	0	0	0	0	0	2311556	
853	1	B	12	N	2500	0	40	28	71	8	0	0	0	0	0	0	0	0	0	0	0	0	0	0	2311634	
854	1	B	12	N	2500	0	40	25	58	7	0	0	0	0	0	0	0	0	0	0	0	0	0	0	2311790	
855	1	B	12	N	2500	0	40	236	1819	347	2	3	0	0	0	0	0	0	0	0	0	0	0	0	2311790	
856	1	B	12	N	2500	0	40	88	607	68	1	2	0	0	0	0	0	0	0	0	0	0	0	0	2311805	
857	1	B	12	N	2500	0	40	66	420	34	0	0	0	0	0	0	0	0	0	0	0	0	0	0	2311805	
858	1	B	12	N	2500	0	40	154	1153	142	1	2	0	0	0	0	0	0	0	0	0	0	0	0	2311821	
859	1	B	12	N	2500	0	40	182	1381	194	2	3	0	0	0	0	0	0	0	0	0	0	0	0	2311868	
860	1	B	12	N	2500	0	40	85	572	63	1	2	0	0	0	0	0	0	0	0	0	0	0	0	2311868	
861	1	B	12	N	2500	0	40	44	171	16	0	0	0	0	0	0	0	0	0	0	0	0	0	0	2311868	
862	1	B	12	N	2500	0	40	79	529	40	0	1	0	0	0	0	0	0	0	0	0	0	0	0	2311883	
863	1	B	12	N	2500	0	40	279	2173	486	2	5	0	0	0	0	0	0	0	0	0	0	0	0	2311883	
864	1	B	12	N	2500	0	40	138	1024	137	2	2	0	0	0	0	0	0	0	0	0	0	0	0	2311883	
865	1	B	12	N	2500	0	40	71	450	37	0	1	0	0	0	0	0	0	0	0	0	0	0	0	2311883	
866	1	B	12	N	2500	0	40	238	1833	293	2	4	0	0	0	0	0	0	0	0	0	0	0	0	2311883	
867	1	B	12	N	2500	0	40	250	1814	291	4	4	0	0	0	0	0	0	0	0	0	0	0	0	2311883	
868	1	B	12	N	2500	0	40	97	667	83	1	2	0	0	0	0	0	0	0	0	0	0	0	0	2311883	
869	1	B	12	N	2500	0	40	67	409	44	1	0	0	0	0	0	0	0	0	0	0	0	0	0	2311883	
870	1	B	12	N	2500	0	40	44	55	6	0	0	0	0	0	0	0	0	0	0	0	0	0	0	2311883	
871	1	B	12	N	2500	0	40	28	26	3	0	0	0	0	0	0	0	0	0	0	0	0	0	0	2311883	
872	1	B	12	N	2500	0	40	64	402	41	0	0	0	0	0	0	0	0	0	0	0	0	0	0	2311883	
873	1	B	12	N	2500	0	40	310	2426	642	2	4	0	0	0	0	0	0	0	0	0	0	0	0	2311899	
874	1	B	12	N	2500	0	40	259	2015	484	2	3	0	0	0	0	0	0	0	0	0	0	0	0	2311899	
875	1	B	12	N	2500	0	40	173	1304	140	2	2	0	0	0	0	0	0	0	0	0	0	0	0	2311899	
876	1	B	12	N	2500	0	40	97	686	84	1	1	0	0	0	0	0	0	0	0	0	0	0	0	2311899	
877	1	B	12	N	2500	0	40	96	675	54	1	2	0	0	0	0	0	0	0	0	0	0	0	0	2311899	
878	1	B	12	N	2500	0	40	283	2203	600	3	3	0	0	0	0	0	0	0	0	0	0	0	0	2311930	
879	1	B	12	N	2500	0	40	105	750	108	1	1	0	0	0	0	0	0	0	0	0	0	0	0	2311930	
880	1	B	12	N	2500	0	40	37	130	13	0	0	0	0	0	0	0	0	0	0	0	0	0	0	2311930	
881	1	B	12	N	2500	0	40	160	1202	146	2	3	0	0	0	0	0	0	0	0	0	0	0	0	2311946	
882	1	B	12	N	2500	0	40	272	2120	403	2	3	0	0	0	0	0	0	0	0	0	0	0	0	2311946	
883	1	B	12	N	2500	0	40	61	330	26	1	0	0	0	0	0	0	0	0	0	0	0	0	0	2311946	
884	1	B	12	N	2500	0	40	121	881	83	1	2	0	0	0	0	0	0	0	0	0	0	0	0	2311961	
885	1	B	12	N	2500	0	40	266	2071	438	2	4	0	0	0	0	0	0	0	0	0	0	0	0	2311961	
886	1	B	12	N	2500	0	40	167	1259	192	2	4	0	0	0	0	0	0	0	0	0	0	0	0	2311961	
887	1	B	12	N	2500	0	40	134	985	176	2	3	0	0	0	0	0	0	0	0	0	0	0	0	2311961	
888	1	B	12	N	2500	0	40	119	858	143	2	2	0	0	0	0	0	0	0	0	0	0	0	0	2311961	
889	1	B	12	N	2500	0	40	91	618	76	1	1	0	0	0	0	0	0	0	0	0	0	0	0	2311961	
890	1	B	12	N	2500	0	40	67	416	44	1	1	0	0	0	0	0	0	0	0	0	0	0	0	2311977	
891	1	B	12	N	2500	0	40	120	875	100	1	1	0	0	0	0	0	0	0	0	0	0	0	0	2311977	
892	1	B	12	N	2500	0	40	106	760	105	1	1	0	0	0	0	0	0	0	0	0	0	0	0	2312024	
893	1	B	12	N	2500	0	40	462	3665	1338	5	7	0	0	0	0	0	0	0	0	0	0	0	0	2312039	
894	1	B	12	N	2500	0	40	68	146	3	1	2	0	0	0	0	0	0	0	0	0	0	0	0	2313677	
895	1	B	12	N	2500	0	40	70	85	3	1	1	0	0	0	0	0	0	0	0	0	0	0	0	2313833	
896	1	B	12	N	2500	0	40	26	53	5	0	0	0	0	0	0	0	0	0	0	0	0	0	0	2314301	
