Id	Plate	Row	Column	Clog	Scan rate	Status sort	Status sel	TOF	EXT	Green	Yellow	Red	PH Ext	PW Ext	PC Ext	PH Green	PW Green	PCGreen	PH Yellow	PW Yellow	PCYellow	PH Red	PW Red	PCRed	Time Stamp	
0	1	A	1	N	2500	0	40	67	282	27	31	35	0	0	0	0	0	0	0	0	0	0	0	0	3713878	
1	1	A	1	N	2500	0	40	207	952	76	32	28	0	0	0	0	0	0	0	0	0	0	0	0	3714315	
2	1	A	1	N	2500	0	40	310	1252	68	33	27	0	0	0	0	0	0	0	0	0	0	0	0	3714736	
3	1	A	1	N	2500	0	40	279	1208	77	34	26	0	0	0	0	0	0	0	0	0	0	0	0	3714799	
4	1	A	1	N	2500	0	40	75	271	20	19	23	0	0	0	0	0	0	0	0	0	0	0	0	3715080	
5	1	A	1	N	2500	0	40	29	33	2	2	2	0	0	0	0	0	0	0	0	0	0	0	0	3715501	
6	1	A	1	N	2500	0	40	302	1034	49	21	18	0	0	0	0	0	0	0	0	0	0	0	0	3716047	
7	1	A	1	N	2500	0	40	298	1285	75	37	25	0	0	0	0	0	0	0	0	0	0	0	0	3716983	
8	1	A	1	N	2500	0	40	510	1719	128	47	35	0	0	0	0	0	0	0	0	0	0	0	0	3717326	
9	1	A	1	N	2500	0	40	21	20	1	1	1	0	0	0	0	0	0	0	0	0	0	0	0	3717716	
10	1	A	1	N	2500	0	40	40	60	2	2	2	0	0	0	0	0	0	0	0	0	0	0	0	3717950	
11	1	A	1	N	2500	0	40	272	908	48	22	16	0	0	0	0	0	0	0	0	0	0	0	0	3718215	
12	1	A	1	N	2500	0	40	42	146	8	10	11	0	0	0	0	0	0	0	0	0	0	0	0	3718590	
13	1	A	1	N	2500	0	40	26	48	2	1	2	0	0	0	0	0	0	0	0	0	0	0	0	3719994	
14	1	A	2	N	2500	0	40	44	112	8	8	9	0	0	0	0	0	0	0	0	0	0	0	0	3727544	
15	1	A	2	N	2500	0	40	21	36	3	0	0	0	0	0	0	0	0	0	0	0	0	0	0	3727825	
16	1	A	2	N	2500	0	40	363	1339	72	31	24	0	0	0	0	0	0	0	0	0	0	0	0	3728449	
17	1	A	2	N	2500	0	40	493	1651	82	36	32	0	0	0	0	0	0	0	0	0	0	0	0	3728839	
18	1	A	2	N	2500	0	40	72	269	22	22	25	0	0	0	0	0	0	0	0	0	0	0	0	3729042	
19	1	A	2	N	2500	0	40	47	80	2	1	0	0	0	0	0	0	0	0	0	0	0	0	0	3729104	
20	1	A	2	N	2500	0	40	253	1398	100	46	38	0	0	0	0	0	0	0	0	0	0	0	0	3729354	
21	1	A	2	N	2500	0	40	40	33	2	1	1	0	0	0	0	0	0	0	0	0	0	0	0	3729354	
22	1	A	2	N	2500	0	40	41	62	2	2	1	0	0	0	0	0	0	0	0	0	0	0	0	3729588	
23	1	A	2	N	2500	0	40	49	177	11	13	15	0	0	0	0	0	0	0	0	0	0	0	0	3729822	
24	1	A	2	N	2500	0	40	22	28	0	1	0	0	0	0	0	0	0	0	0	0	0	0	0	3730134	
25	1	A	2	N	2500	0	40	473	1593	92	36	30	0	0	0	0	0	0	0	0	0	0	0	0	3730555	
26	1	A	2	N	2500	0	40	43	94	4	4	5	0	0	0	0	0	0	0	0	0	0	0	0	3730695	
27	1	A	2	N	2500	0	40	346	1198	58	28	23	0	0	0	0	0	0	0	0	0	0	0	0	3730914	
28	1	A	2	N	2500	0	40	238	1046	69	29	23	0	0	0	0	0	0	0	0	0	0	0	0	3731070	
29	1	A	2	N	2500	0	40	44	59	2	1	2	0	0	0	0	0	0	0	0	0	0	0	0	3731148	
30	1	A	2	N	2500	0	40	29	49	1	1	2	0	0	0	0	0	0	0	0	0	0	0	0	3731553	
31	1	A	2	N	2500	0	40	279	1143	61	27	24	0	0	0	0	0	0	0	0	0	0	0	0	3731974	
32	1	A	2	N	2500	0	40	76	408	63	70	74	0	0	0	0	0	0	0	0	0	0	0	0	3731990	
33	1	A	2	N	2500	0	40	36	36	1	1	1	0	0	0	0	0	0	0	0	0	0	0	0	3732364	
34	1	A	2	N	2500	0	40	414	1630	96	42	31	0	0	0	0	0	0	0	0	0	0	0	0	3732505	
35	1	A	2	N	2500	0	40	21	30	1	0	1	0	0	0	0	0	0	0	0	0	0	0	0	3732536	
36	1	A	2	N	2500	0	40	39	78	5	5	4	0	0	0	0	0	0	0	0	0	0	0	0	3732583	
37	1	A	2	N	2500	0	40	35	39	3	3	3	0	0	0	0	0	0	0	0	0	0	0	0	3732598	
38	1	A	2	N	2500	0	40	37	57	2	1	1	0	0	0	0	0	0	0	0	0	0	0	0	3732801	
39	1	A	2	N	2500	0	40	319	1503	105	42	34	0	0	0	0	0	0	0	0	0	0	0	0	3732895	
40	1	A	2	N	2500	0	40	200	985	48	23	21	0	0	0	0	0	0	0	0	0	0	0	0	3733035	
41	1	A	2	N	2500	0	40	41	133	9	12	15	0	0	0	0	0	0	0	0	0	0	0	0	3733191	
42	1	A	2	N	2500	0	40	356	1296	73	30	24	0	0	0	0	0	0	0	0	0	0	0	0	3733238	
43	1	A	2	N	2500	0	40	24	22	1	1	1	0	0	0	0	0	0	0	0	0	0	0	0	3733612	
44	1	A	2	N	2500	0	40	326	1239	83	34	27	0	0	0	0	0	0	0	0	0	0	0	0	3733659	
45	1	A	2	N	2500	0	40	355	1193	60	30	23	0	0	0	0	0	0	0	0	0	0	0	0	3733784	
46	1	A	2	N	2500	0	40	36	41	2	2	2	0	0	0	0	0	0	0	0	0	0	0	0	3733940	
47	1	A	2	N	2500	0	40	251	1074	56	28	21	0	0	0	0	0	0	0	0	0	0	0	0	3734112	
48	1	A	2	N	2500	0	40	24	24	0	0	1	0	0	0	0	0	0	0	0	0	0	0	0	3734330	
49	1	A	2	N	2500	0	40	346	1351	71	31	24	0	0	0	0	0	0	0	0	0	0	0	0	3734658	
50	1	A	2	N	2500	0	40	22	32	1	0	0	0	0	0	0	0	0	0	0	0	0	0	0	3734720	
51	1	A	3	N	2500	0	40	302	1209	65	30	22	0	0	0	0	0	0	0	0	0	0	0	0	3742099	
52	1	A	3	N	2500	0	40	307	1162	63	26	20	0	0	0	0	0	0	0	0	0	0	0	0	3742972	
53	1	A	3	N	2500	0	40	20	33	1	0	1	0	0	0	0	0	0	0	0	0	0	0	0	3742988	
54	1	A	3	N	2500	0	40	345	937	52	24	14	0	0	0	0	0	0	0	0	0	0	0	0	3743191	
55	1	A	3	N	2500	0	40	226	1424	92	37	26	0	0	0	0	0	0	0	0	0	0	0	0	3743628	
56	1	A	3	N	2500	0	40	194	1059	55	24	18	0	0	0	0	0	0	0	0	0	0	0	0	3743706	
57	1	A	3	N	2500	0	40	29	53	2	1	0	0	0	0	0	0	0	0	0	0	0	0	0	3743893	
58	1	A	3	N	2500	0	40	27	37	7	7	6	0	0	0	0	0	0	0	0	0	0	0	0	3743924	
59	1	A	3	N	2500	0	40	29	73	2	2	1	0	0	0	0	0	0	0	0	0	0	0	0	3744096	
60	1	A	3	N	2500	0	40	381	1218	75	32	26	0	0	0	0	0	0	0	0	0	0	0	0	3744111	
61	1	A	3	N	2500	0	40	211	1204	82	36	26	0	0	0	0	0	0	0	0	0	0	0	0	3744345	
62	1	A	3	N	2500	0	40	332	1228	70	34	24	0	0	0	0	0	0	0	0	0	0	0	0	3744735	
63	1	A	3	N	2500	0	40	53	209	20	23	25	0	0	0	0	0	0	0	0	0	0	0	0	3745359	
64	1	A	3	N	2500	0	40	32	35	3	2	2	0	0	0	0	0	0	0	0	0	0	0	0	3746061	
65	1	A	3	N	2500	0	40	340	1417	91	36	29	0	0	0	0	0	0	0	0	0	0	0	0	3746202	
66	1	A	3	N	2500	0	40	369	1492	76	34	28	0	0	0	0	0	0	0	0	0	0	0	0	3746716	
67	1	A	3	N	2500	0	40	418	1574	87	40	28	0	0	0	0	0	0	0	0	0	0	0	0	3746997	
68	1	A	3	N	2500	0	40	311	1194	71	31	21	0	0	0	0	0	0	0	0	0	0	0	0	3747418	
69	1	A	3	N	2500	0	40	22	29	3	1	0	0	0	0	0	0	0	0	0	0	0	0	0	3747512	
70	1	A	3	N	2500	0	40	263	1179	70	32	21	0	0	0	0	0	0	0	0	0	0	0	0	3747590	
71	1	A	3	N	2500	0	40	245	1167	61	30	24	0	0	0	0	0	0	0	0	0	0	0	0	3748666	
72	1	A	3	N	2500	0	40	267	1178	66	32	26	0	0	0	0	0	0	0	0	0	0	0	0	3748713	
73	1	A	3	N	2500	0	40	408	1704	84	39	31	0	0	0	0	0	0	0	0	0	0	0	0	3748900	
74	1	A	3	N	2500	0	40	236	1312	79	35	27	0	0	0	0	0	0	0	0	0	0	0	0	3749415	
75	1	A	4	N	2500	0	40	316	1391	93	41	28	0	0	0	0	0	0	0	0	0	0	0	0	3756654	
76	1	A	4	N	2500	0	40	35	39	2	1	3	0	0	0	0	0	0	0	0	0	0	0	0	3757340	
77	1	A	4	N	2500	0	40	348	1447	94	38	25	0	0	0	0	0	0	0	0	0	0	0	0	3757730	
78	1	A	4	N	2500	0	40	27	50	1	1	1	0	0	0	0	0	0	0	0	0	0	0	0	3757948	
79	1	A	4	N	2500	0	40	71	181	27	16	5	0	0	0	0	0	0	0	0	0	0	0	0	3758214	
80	1	A	4	N	2500	0	40	171	1014	67	29	17	0	0	0	0	0	0	0	0	0	0	0	0	3758214	
81	1	A	4	N	2500	0	40	23	22	3	3	3	0	0	0	0	0	0	0	0	0	0	0	0	3758354	
82	1	A	4	N	2500	0	40	24	36	1	1	0	0	0	0	0	0	0	0	0	0	0	0	0	3758760	
83	1	A	4	N	2500	0	40	231	1188	80	34	26	0	0	0	0	0	0	0	0	0	0	0	0	3758994	
84	1	A	4	N	2500	0	40	320	1434	77	35	26	0	0	0	0	0	0	0	0	0	0	0	0	3759025	
85	1	A	4	N	2500	0	40	286	1216	77	33	26	0	0	0	0	0	0	0	0	0	0	0	0	3759493	
86	1	A	4	N	2500	0	40	473	1761	94	44	28	0	0	0	0	0	0	0	0	0	0	0	0	3759540	
87	1	A	4	N	2500	0	40	48	203	15	18	21	0	0	0	0	0	0	0	0	0	0	0	0	3759555	
88	1	A	4	N	2500	0	40	309	1280	73	34	24	0	0	0	0	0	0	0	0	0	0	0	0	3759571	
89	1	A	4	N	2500	0	40	241	1012	93	31	20	0	0	0	0	0	0	0	0	0	0	0	0	3760164	
90	1	A	4	N	2500	0	40	179	1110	76	34	26	0	0	0	0	0	0	0	0	0	0	0	0	3760663	
91	1	A	4	N	2500	0	40	277	1222	81	37	26	0	0	0	0	0	0	0	0	0	0	0	0	3760772	
92	1	A	4	N	2500	0	40	204	1130	77	32	23	0	0	0	0	0	0	0	0	0	0	0	0	3761084	
93	1	A	4	N	2500	0	40	263	1209	89	37	27	0	0	0	0	0	0	0	0	0	0	0	0	3761396	
94	1	A	4	N	2500	0	40	226	1096	66	26	22	0	0	0	0	0	0	0	0	0	0	0	0	3761490	
95	1	A	4	N	2500	0	40	22	27	3	2	2	0	0	0	0	0	0	0	0	0	0	0	0	3761599	
96	1	A	4	N	2500	0	40	366	1357	86	34	26	0	0	0	0	0	0	0	0	0	0	0	0	3761599	
97	1	A	4	N	2500	0	40	23	24	2	2	1	0	0	0	0	0	0	0	0	0	0	0	0	3761615	
98	1	A	4	N	2500	0	40	297	1299	78	36	28	0	0	0	0	0	0	0	0	0	0	0	0	3761880	
99	1	A	4	N	2500	0	40	298	1314	72	34	23	0	0	0	0	0	0	0	0	0	0	0	0	3762207	
100	1	A	4	N	2500	0	40	217	1138	63	29	23	0	0	0	0	0	0	0	0	0	0	0	0	3762847	
101	1	A	4	N	2500	0	40	171	1006	60	25	19	0	0	0	0	0	0	0	0	0	0	0	0	3763471	
102	1	A	5	N	2500	0	40	39	60	1	1	1	0	0	0	0	0	0	0	0	0	0	0	0	3771552	
103	1	A	5	N	2500	0	40	184	1144	82	34	27	0	0	0	0	0	0	0	0	0	0	0	0	3771599	
104	1	A	5	N	2500	0	40	32	103	10	0	0	0	0	0	0	0	0	0	0	0	0	0	0	3771630	
105	1	A	5	N	2500	0	40	263	1115	61	29	22	0	0	0	0	0	0	0	0	0	0	0	0	3771755	
106	1	A	5	N	2500	0	40	293	1157	71	30	22	0	0	0	0	0	0	0	0	0	0	0	0	3771801	
107	1	A	5	N	2500	0	40	303	1325	79	34	24	0	0	0	0	0	0	0	0	0	0	0	0	3771926	
108	1	A	5	N	2500	0	40	204	1045	65	26	18	0	0	0	0	0	0	0	0	0	0	0	0	3772737	
109	1	A	5	N	2500	0	40	293	1119	72	29	25	0	0	0	0	0	0	0	0	0	0	0	0	3773580	
110	1	A	5	N	2500	0	40	26	34	1	1	1	0	0	0	0	0	0	0	0	0	0	0	0	3773798	
111	1	A	5	N	2500	0	40	208	1143	84	37	27	0	0	0	0	0	0	0	0	0	0	0	0	3774017	
112	1	A	5	N	2500	0	40	150	1006	51	23	18	0	0	0	0	0	0	0	0	0	0	0	0	3774095	
113	1	A	5	N	2500	0	40	197	981	81	40	29	0	0	0	0	0	0	0	0	0	0	0	0	3774765	
114	1	A	5	N	2500	0	40	183	942	40	23	16	0	0	0	0	0	0	0	0	0	0	0	0	3774875	
115	1	A	5	N	2500	0	40	327	1376	80	38	28	0	0	0	0	0	0	0	0	0	0	0	0	3774906	
116	1	A	5	N	2500	0	40	322	1162	64	27	21	0	0	0	0	0	0	0	0	0	0	0	0	3775826	
117	1	A	5	N	2500	0	40	35	44	1	1	1	0	0	0	0	0	0	0	0	0	0	0	0	3776013	
118	1	A	5	N	2500	0	40	328	1226	59	28	20	0	0	0	0	0	0	0	0	0	0	0	0	3776169	
119	1	A	5	N	2500	0	40	383	1329	74	31	25	0	0	0	0	0	0	0	0	0	0	0	0	3776341	
120	1	A	5	N	2500	0	40	269	1006	55	26	18	0	0	0	0	0	0	0	0	0	0	0	0	3777043	
121	1	A	5	N	2500	0	40	474	1603	90	40	30	0	0	0	0	0	0	0	0	0	0	0	0	3777043	
122	1	A	5	N	2500	0	40	294	1279	77	30	25	0	0	0	0	0	0	0	0	0	0	0	0	3777277	
123	1	A	5	N	2500	0	40	94	162	27	16	9	0	0	0	0	0	0	0	0	0	0	0	0	3777308	
124	1	A	5	N	2500	0	40	103	203	33	20	11	0	0	0	0	0	0	0	0	0	0	0	0	3777308	
125	1	A	5	N	2500	0	40	271	946	44	22	17	0	0	0	0	0	0	0	0	0	0	0	0	3777776	
126	1	A	5	N	2500	0	40	380	1451	79	34	26	0	0	0	0	0	0	0	0	0	0	0	0	3777885	
127	1	A	5	N	2500	0	40	354	1292	72	30	24	0	0	0	0	0	0	0	0	0	0	0	0	3777885	
128	1	A	5	N	2500	0	40	285	1233	73	31	23	0	0	0	0	0	0	0	0	0	0	0	0	3777901	
129	1	A	6	N	2500	0	40	452	1461	71	36	29	0	0	0	0	0	0	0	0	0	0	0	0	3786325	
130	1	A	6	N	2500	0	40	42	79	6	6	8	0	0	0	0	0	0	0	0	0	0	0	0	3787167	
131	1	A	6	N	2500	0	40	384	1500	100	41	31	0	0	0	0	0	0	0	0	0	0	0	0	3787183	
132	1	A	6	N	2500	0	40	263	1140	58	28	22	0	0	0	0	0	0	0	0	0	0	0	0	3787823	
133	1	A	6	N	2500	0	40	22	40	4	5	4	0	0	0	0	0	0	0	0	0	0	0	0	3787885	
134	1	A	6	N	2500	0	40	232	1193	76	36	28	0	0	0	0	0	0	0	0	0	0	0	0	3788244	
135	1	A	6	N	2500	0	40	351	1249	59	28	23	0	0	0	0	0	0	0	0	0	0	0	0	3789554	
136	1	A	6	N	2500	0	40	222	905	42	23	17	0	0	0	0	0	0	0	0	0	0	0	0	3789866	
137	1	A	6	N	2500	0	40	260	1338	90	40	29	0	0	0	0	0	0	0	0	0	0	0	0	3791192	
138	1	A	6	N	2500	0	40	315	1418	86	37	27	0	0	0	0	0	0	0	0	0	0	0	0	3791411	
139	1	A	6	N	2500	0	40	278	1086	62	29	23	0	0	0	0	0	0	0	0	0	0	0	0	3791535	
140	1	A	6	N	2500	0	40	344	1345	68	29	25	0	0	0	0	0	0	0	0	0	0	0	0	3792050	
141	1	A	7	N	2500	0	40	203	824	59	28	19	0	0	0	0	0	0	0	0	0	0	0	0	3800989	
142	1	A	7	N	2500	0	40	72	223	19	17	22	0	0	0	0	0	0	0	0	0	0	0	0	3802237	
143	1	A	7	N	2500	0	40	296	942	40	21	17	0	0	0	0	0	0	0	0	0	0	0	0	3802705	
144	1	A	7	N	2500	0	40	241	1188	70	31	21	0	0	0	0	0	0	0	0	0	0	0	0	3802845	
145	1	A	7	N	2500	0	40	359	1289	76	32	24	0	0	0	0	0	0	0	0	0	0	0	0	3802908	
146	1	A	7	N	2500	0	40	27	37	1	1	1	0	0	0	0	0	0	0	0	0	0	0	0	3802955	
147	1	A	7	N	2500	0	40	201	978	51	27	16	0	0	0	0	0	0	0	0	0	0	0	0	3803235	
148	1	A	7	N	2500	0	40	397	1485	95	38	28	0	0	0	0	0	0	0	0	0	0	0	0	3803329	
149	1	A	7	N	2500	0	40	275	993	65	28	18	0	0	0	0	0	0	0	0	0	0	0	0	3803376	
150	1	A	7	N	2500	0	40	24	43	5	5	5	0	0	0	0	0	0	0	0	0	0	0	0	3803657	
151	1	A	7	N	2500	0	40	221	1144	67	32	21	0	0	0	0	0	0	0	0	0	0	0	0	3803828	
152	1	A	7	N	2500	0	40	21	41	1	1	1	0	0	0	0	0	0	0	0	0	0	0	0	3804265	
153	1	A	7	N	2500	0	40	21	31	1	0	1	0	0	0	0	0	0	0	0	0	0	0	0	3804889	
154	1	A	7	N	2500	0	40	226	1241	71	34	24	0	0	0	0	0	0	0	0	0	0	0	0	3805029	
155	1	A	7	N	2500	0	40	30	34	5	3	4	0	0	0	0	0	0	0	0	0	0	0	0	3805295	
156	1	A	7	N	2500	0	40	249	1294	86	35	27	0	0	0	0	0	0	0	0	0	0	0	0	3805466	
157	1	A	7	N	2500	0	40	20	18	0	0	0	0	0	0	0	0	0	0	0	0	0	0	0	3805466	
158	1	A	7	N	2500	0	40	210	1042	63	29	21	0	0	0	0	0	0	0	0	0	0	0	0	3805544	
159	1	A	7	N	2500	0	40	21	21	1	2	2	0	0	0	0	0	0	0	0	0	0	0	0	3805747	
160	1	A	7	N	2500	0	40	292	1151	52	28	22	0	0	0	0	0	0	0	0	0	0	0	0	3805997	
161	1	A	7	N	2500	0	40	206	1054	58	25	17	0	0	0	0	0	0	0	0	0	0	0	0	3806199	
162	1	A	7	N	2500	0	40	49	71	1	0	1	0	0	0	0	0	0	0	0	0	0	0	0	3806309	
163	1	A	7	N	2500	0	40	229	1345	92	39	29	0	0	0	0	0	0	0	0	0	0	0	0	3807728	
164	1	A	7	N	2500	0	40	31	51	4	5	7	0	0	0	0	0	0	0	0	0	0	0	0	3807759	
165	1	A	8	N	2500	0	40	222	1014	66	30	25	0	0	0	0	0	0	0	0	0	0	0	0	3816152	
166	1	A	8	N	2500	0	40	56	67	1	1	1	0	0	0	0	0	0	0	0	0	0	0	0	3816620	
167	1	A	8	N	2500	0	40	23	31	1	1	1	0	0	0	0	0	0	0	0	0	0	0	0	3816854	
168	1	A	8	N	2500	0	40	28	57	9	11	10	0	0	0	0	0	0	0	0	0	0	0	0	3817151	
169	1	A	8	N	2500	0	40	26	33	1	1	1	0	0	0	0	0	0	0	0	0	0	0	0	3817307	
170	1	A	8	N	2500	0	40	23	25	0	0	0	0	0	0	0	0	0	0	0	0	0	0	0	3817728	
171	1	A	8	N	2500	0	40	163	971	47	24	16	0	0	0	0	0	0	0	0	0	0	0	0	3818383	
172	1	A	8	N	2500	0	40	306	1235	65	32	22	0	0	0	0	0	0	0	0	0	0	0	0	3818695	
173	1	A	8	N	2500	0	40	434	1697	96	40	30	0	0	0	0	0	0	0	0	0	0	0	0	3819241	
174	1	A	8	N	2500	0	40	20	22	0	0	0	0	0	0	0	0	0	0	0	0	0	0	0	3819459	
175	1	A	8	N	2500	0	40	295	1458	89	39	30	0	0	0	0	0	0	0	0	0	0	0	0	3819459	
176	1	A	8	N	2500	0	40	22	30	1	1	1	0	0	0	0	0	0	0	0	0	0	0	0	3819740	
177	1	A	8	N	2500	0	40	260	1115	70	30	25	0	0	0	0	0	0	0	0	0	0	0	0	3820208	
178	1	A	8	N	2500	0	40	251	1325	99	39	30	0	0	0	0	0	0	0	0	0	0	0	0	3820271	
179	1	A	8	N	2500	0	40	247	1190	73	32	22	0	0	0	0	0	0	0	0	0	0	0	0	3820442	
180	1	A	8	N	2500	0	40	298	1218	89	31	23	0	0	0	0	0	0	0	0	0	0	0	0	3820645	
181	1	A	8	N	2500	0	40	39	43	3	3	2	0	0	0	0	0	0	0	0	0	0	0	0	3821940	
182	1	A	8	N	2500	0	40	245	347	28	18	19	0	0	0	0	0	0	0	0	0	0	0	0	3822158	
183	1	A	9	N	2500	0	40	55	156	6	4	3	0	0	0	0	0	0	0	0	0	0	0	0	3830613	
184	1	A	9	N	2500	0	40	265	1333	70	35	27	0	0	0	0	0	0	0	0	0	0	0	0	3830832	
185	1	A	9	N	2500	0	40	250	1140	59	31	24	0	0	0	0	0	0	0	0	0	0	0	0	3832283	
186	1	A	9	N	2500	0	40	274	999	66	25	21	0	0	0	0	0	0	0	0	0	0	0	0	3832376	
187	1	A	9	N	2500	0	40	332	1338	78	34	27	0	0	0	0	0	0	0	0	0	0	0	0	3832501	
188	1	A	9	N	2500	0	40	217	1157	75	36	26	0	0	0	0	0	0	0	0	0	0	0	0	3833016	
189	1	A	9	N	2500	0	40	26	49	11	14	16	0	0	0	0	0	0	0	0	0	0	0	0	3833047	
190	1	A	9	N	2500	0	40	340	1138	68	31	23	0	0	0	0	0	0	0	0	0	0	0	0	3834233	
191	1	A	9	N	2500	0	40	312	1295	70	31	27	0	0	0	0	0	0	0	0	0	0	0	0	3834342	
192	1	A	9	N	2500	0	40	320	1359	91	39	28	0	0	0	0	0	0	0	0	0	0	0	0	3834529	
193	1	A	9	N	2500	0	40	231	1347	79	36	31	0	0	0	0	0	0	0	0	0	0	0	0	3834607	
194	1	A	9	N	2500	0	40	171	941	64	29	24	0	0	0	0	0	0	0	0	0	0	0	0	3834701	
195	1	A	9	N	2500	0	40	323	1291	75	32	25	0	0	0	0	0	0	0	0	0	0	0	0	3835574	
196	1	A	9	N	2500	0	40	255	1050	71	32	24	0	0	0	0	0	0	0	0	0	0	0	0	3835637	
197	1	A	9	N	2500	0	40	39	52	1	0	0	0	0	0	0	0	0	0	0	0	0	0	0	3835871	
198	1	A	10	N	2500	0	40	21	17	2	1	1	0	0	0	0	0	0	0	0	0	0	0	0	3846245	
199	1	A	10	N	2500	0	40	241	930	51	27	16	0	0	0	0	0	0	0	0	0	0	0	0	3847071	
200	1	A	10	N	2500	0	40	284	1172	64	30	22	0	0	0	0	0	0	0	0	0	0	0	0	3847758	
201	1	A	10	N	2500	0	40	218	919	77	33	23	0	0	0	0	0	0	0	0	0	0	0	0	3848117	
202	1	A	10	N	2500	0	40	289	1058	68	31	25	0	0	0	0	0	0	0	0	0	0	0	0	3848163	
203	1	A	10	N	2500	0	40	42	130	16	11	8	0	0	0	0	0	0	0	0	0	0	0	0	3848210	
204	1	A	10	N	2500	0	40	227	1104	53	26	20	0	0	0	0	0	0	0	0	0	0	0	0	3848819	
205	1	A	10	N	2500	0	40	219	1190	72	36	26	0	0	0	0	0	0	0	0	0	0	0	0	3849458	
206	1	A	10	N	2500	0	40	263	1135	68	34	21	0	0	0	0	0	0	0	0	0	0	0	0	3849474	
207	1	A	10	N	2500	0	40	33	32	2	2	2	0	0	0	0	0	0	0	0	0	0	0	0	3850082	
208	1	A	10	N	2500	0	40	249	1147	73	32	24	0	0	0	0	0	0	0	0	0	0	0	0	3850145	
209	1	A	10	N	2500	0	40	288	1063	65	30	24	0	0	0	0	0	0	0	0	0	0	0	0	3850285	
210	1	A	10	N	2500	0	40	21	20	2	2	1	0	0	0	0	0	0	0	0	0	0	0	0	3850379	
211	1	A	10	N	2500	0	40	275	1224	85	39	28	0	0	0	0	0	0	0	0	0	0	0	0	3850410	
212	1	A	10	N	2500	0	40	20	18	0	0	1	0	0	0	0	0	0	0	0	0	0	0	0	3850519	
213	1	A	10	N	2500	0	40	367	1395	72	32	23	0	0	0	0	0	0	0	0	0	0	0	0	3851751	
214	1	A	11	N	2500	0	40	22	38	3	0	0	0	0	0	0	0	0	0	0	0	0	0	0	3859614	
215	1	A	11	N	2500	0	40	48	92	15	0	0	0	0	0	0	0	0	0	0	0	0	0	0	3859645	
216	1	A	11	N	2500	0	40	354	1077	51	28	20	0	0	0	0	0	0	0	0	0	0	0	0	3859770	
217	1	A	11	N	2500	0	40	24	53	5	0	0	0	0	0	0	0	0	0	0	0	0	0	0	3859863	
218	1	A	11	N	2500	0	40	374	1418	86	36	32	0	0	0	0	0	0	0	0	0	0	0	0	3859879	
219	1	A	11	N	2500	0	40	41	38	2	3	3	0	0	0	0	0	0	0	0	0	0	0	0	3859957	
220	1	A	11	N	2500	0	40	297	1162	78	33	23	0	0	0	0	0	0	0	0	0	0	0	0	3860487	
221	1	A	11	N	2500	0	40	370	1537	92	39	29	0	0	0	0	0	0	0	0	0	0	0	0	3860643	
222	1	A	11	N	2500	0	40	270	956	48	20	18	0	0	0	0	0	0	0	0	0	0	0	0	3860815	
223	1	A	11	N	2500	0	40	24	32	3	1	0	0	0	0	0	0	0	0	0	0	0	0	0	3861033	
224	1	A	11	N	2500	0	40	47	99	23	5	1	0	0	0	0	0	0	0	0	0	0	0	0	3861236	
225	1	A	11	N	2500	0	40	178	1075	83	34	24	0	0	0	0	0	0	0	0	0	0	0	0	3861408	
226	1	A	11	N	2500	0	40	162	786	109	105	116	0	0	0	0	0	0	0	0	0	0	0	0	3861423	
227	1	A	11	N	2500	0	40	49	142	83	60	37	0	0	0	0	0	0	0	0	0	0	0	0	3861439	
228	1	A	11	N	2500	0	40	224	1071	61	28	19	0	0	0	0	0	0	0	0	0	0	0	0	3861798	
229	1	A	11	N	2500	0	40	27	55	3	2	2	0	0	0	0	0	0	0	0	0	0	0	0	3862141	
230	1	A	11	N	2500	0	40	269	1224	73	34	24	0	0	0	0	0	0	0	0	0	0	0	0	3862671	
231	1	A	11	N	2500	0	40	184	928	66	33	23	0	0	0	0	0	0	0	0	0	0	0	0	3863015	
232	1	A	11	N	2500	0	40	221	1184	74	35	26	0	0	0	0	0	0	0	0	0	0	0	0	3863233	
233	1	A	11	N	2500	0	40	49	89	8	2	1	0	0	0	0	0	0	0	0	0	0	0	0	3863592	
234	1	A	11	N	2500	0	40	205	1105	73	32	25	0	0	0	0	0	0	0	0	0	0	0	0	3863997	
235	1	A	11	N	2500	0	40	191	1239	74	35	26	0	0	0	0	0	0	0	0	0	0	0	0	3864200	
236	1	A	11	N	2500	0	40	234	934	58	29	20	0	0	0	0	0	0	0	0	0	0	0	0	3864465	
237	1	A	11	N	2500	0	40	35	59	8	4	1	0	0	0	0	0	0	0	0	0	0	0	0	3864512	
238	1	A	11	N	2500	0	40	174	854	51	24	19	0	0	0	0	0	0	0	0	0	0	0	0	3864746	
239	1	A	11	N	2500	0	40	207	948	52	23	17	0	0	0	0	0	0	0	0	0	0	0	0	3864793	
240	1	A	11	N	2500	0	40	349	1144	71	32	24	0	0	0	0	0	0	0	0	0	0	0	0	3865776	
241	1	A	11	N	2500	0	40	363	1166	72	28	22	0	0	0	0	0	0	0	0	0	0	0	0	3866369	
242	1	A	11	N	2500	0	40	291	1236	72	30	27	0	0	0	0	0	0	0	0	0	0	0	0	3866556	
243	1	A	11	N	2500	0	40	241	1077	77	35	27	0	0	0	0	0	0	0	0	0	0	0	0	3866681	
244	1	A	12	N	2500	0	40	55	307	20	0	1	0	0	0	0	0	0	0	0	0	0	0	0	3874762	
245	1	A	12	N	2500	0	40	21	28	0	0	0	0	0	0	0	0	0	0	0	0	0	0	0	3877819	
246	1	A	12	N	2500	0	40	20	32	2	0	0	0	0	0	0	0	0	0	0	0	0	0	0	3880955	
247	1	B	1	N	2500	0	40	23	39	2	0	0	0	0	0	0	0	0	0	0	0	0	0	0	3890440	
248	1	B	1	N	2500	0	40	34	63	10	1	1	0	0	0	0	0	0	0	0	0	0	0	0	3890533	
249	1	B	1	N	2500	0	40	278	1248	74	36	24	0	0	0	0	0	0	0	0	0	0	0	0	3890689	
250	1	B	1	N	2500	0	40	353	1162	51	26	22	0	0	0	0	0	0	0	0	0	0	0	0	3891313	
251	1	B	1	N	2500	0	40	281	1147	58	32	23	0	0	0	0	0	0	0	0	0	0	0	0	3891797	
252	1	B	1	N	2500	0	40	331	1304	68	31	25	0	0	0	0	0	0	0	0	0	0	0	0	3892046	
253	1	B	1	N	2500	0	40	23	22	3	1	0	0	0	0	0	0	0	0	0	0	0	0	0	3892140	
254	1	B	1	N	2500	0	40	372	1316	68	30	24	0	0	0	0	0	0	0	0	0	0	0	0	3892327	
255	1	B	1	N	2500	0	40	20	18	2	1	0	0	0	0	0	0	0	0	0	0	0	0	0	3892343	
256	1	B	1	N	2500	0	40	354	1246	58	32	23	0	0	0	0	0	0	0	0	0	0	0	0	3892795	
257	1	B	1	N	2500	0	40	310	1205	60	36	24	0	0	0	0	0	0	0	0	0	0	0	0	3892811	
258	1	B	1	N	2500	0	40	318	1284	63	35	23	0	0	0	0	0	0	0	0	0	0	0	0	3892936	
259	1	B	1	N	2500	0	40	27	24	0	0	0	0	0	0	0	0	0	0	0	0	0	0	0	3893700	
260	1	B	1	N	2500	0	40	344	1597	92	49	33	0	0	0	0	0	0	0	0	0	0	0	0	3893700	
261	1	B	1	N	2500	0	40	277	1092	54	26	20	0	0	0	0	0	0	0	0	0	0	0	0	3893778	
262	1	B	1	N	2500	0	40	329	1397	75	39	26	0	0	0	0	0	0	0	0	0	0	0	0	3894542	
263	1	B	1	N	2500	0	40	115	167	12	13	18	0	0	0	0	0	0	0	0	0	0	0	0	3894917	
264	1	B	1	N	2500	0	40	283	1191	67	37	27	0	0	0	0	0	0	0	0	0	0	0	0	3895650	
265	1	B	1	N	2500	0	40	275	1136	54	29	23	0	0	0	0	0	0	0	0	0	0	0	0	3896820	
266	1	B	1	N	2500	0	40	22	19	0	0	0	0	0	0	0	0	0	0	0	0	0	0	0	3896992	
267	1	B	2	N	2500	0	40	40	166	12	0	1	0	0	0	0	0	0	0	0	0	0	0	0	3905197	
268	1	B	2	N	2500	0	40	411	1271	61	32	24	0	0	0	0	0	0	0	0	0	0	0	0	3905431	
269	1	B	2	N	2500	0	40	278	1235	61	41	31	0	0	0	0	0	0	0	0	0	0	0	0	3905556	
270	1	B	2	N	2500	0	40	375	1329	72	32	27	0	0	0	0	0	0	0	0	0	0	0	0	3905899	
271	1	B	2	N	2500	0	40	64	212	32	9	3	0	0	0	0	0	0	0	0	0	0	0	0	3906086	
272	1	B	2	N	2500	0	40	26	42	1	2	2	0	0	0	0	0	0	0	0	0	0	0	0	3906352	
273	1	B	2	N	2500	0	40	23	23	1	0	0	0	0	0	0	0	0	0	0	0	0	0	0	3906570	
274	1	B	2	N	2500	0	40	32	30	4	2	1	0	0	0	0	0	0	0	0	0	0	0	0	3906679	
275	1	B	2	N	2500	0	40	55	79	3	1	2	0	0	0	0	0	0	0	0	0	0	0	0	3906773	
276	1	B	2	N	2500	0	40	25	49	10	10	12	0	0	0	0	0	0	0	0	0	0	0	0	3907054	
277	1	B	2	N	2500	0	40	23	26	3	2	0	0	0	0	0	0	0	0	0	0	0	0	0	3907256	
278	1	B	2	N	2500	0	40	298	1362	64	33	25	0	0	0	0	0	0	0	0	0	0	0	0	3907319	
279	1	B	2	N	2500	0	40	324	1028	44	26	18	0	0	0	0	0	0	0	0	0	0	0	0	3907912	
280	1	B	2	N	2500	0	40	48	69	4	2	1	0	0	0	0	0	0	0	0	0	0	0	0	3907927	
281	1	B	2	N	2500	0	40	292	1112	58	32	23	0	0	0	0	0	0	0	0	0	0	0	0	3907927	
282	1	B	2	N	2500	0	40	268	1199	60	30	22	0	0	0	0	0	0	0	0	0	0	0	0	3908021	
283	1	B	2	N	2500	0	40	293	1246	64	44	32	0	0	0	0	0	0	0	0	0	0	0	0	3908208	
284	1	B	2	N	2500	0	40	288	1125	56	30	23	0	0	0	0	0	0	0	0	0	0	0	0	3908255	
285	1	B	2	N	2500	0	40	58	111	2	1	1	0	0	0	0	0	0	0	0	0	0	0	0	3908645	
286	1	B	2	N	2500	0	40	308	1403	72	41	32	0	0	0	0	0	0	0	0	0	0	0	0	3909300	
287	1	B	2	N	2500	0	40	302	1232	69	40	30	0	0	0	0	0	0	0	0	0	0	0	0	3909534	
288	1	B	2	N	2500	0	40	50	113	4	4	4	0	0	0	0	0	0	0	0	0	0	0	0	3909596	
289	1	B	2	N	2500	0	40	253	1106	55	33	26	0	0	0	0	0	0	0	0	0	0	0	0	3909628	
290	1	B	2	N	2500	0	40	41	65	1	1	1	0	0	0	0	0	0	0	0	0	0	0	0	3910158	
291	1	B	2	N	2500	0	40	274	1262	63	32	22	0	0	0	0	0	0	0	0	0	0	0	0	3910220	
292	1	B	2	N	2500	0	40	266	1056	59	24	20	0	0	0	0	0	0	0	0	0	0	0	0	3911094	
293	1	B	2	N	2500	0	40	27	39	4	1	0	0	0	0	0	0	0	0	0	0	0	0	0	3911640	
294	1	B	2	N	2500	0	40	275	1074	61	28	19	0	0	0	0	0	0	0	0	0	0	0	0	3911858	
295	1	B	2	N	2500	0	40	21	26	2	1	0	0	0	0	0	0	0	0	0	0	0	0	0	3911952	
296	1	B	2	N	2500	0	40	63	213	17	20	24	0	0	0	0	0	0	0	0	0	0	0	0	3912030	
297	1	B	2	N	2500	0	40	31	68	2	2	3	0	0	0	0	0	0	0	0	0	0	0	0	3912108	
298	1	B	3	N	2500	0	40	48	92	17	4	1	0	0	0	0	0	0	0	0	0	0	0	0	3919908	
299	1	B	3	N	2500	0	40	135	842	54	33	26	0	0	0	0	0	0	0	0	0	0	0	0	3920376	
300	1	B	3	N	2500	0	40	318	1272	68	35	23	0	0	0	0	0	0	0	0	0	0	0	0	3920938	
301	1	B	3	N	2500	0	40	185	778	38	23	22	0	0	0	0	0	0	0	0	0	0	0	0	3921390	
302	1	B	3	N	2500	0	40	22	19	1	1	1	0	0	0	0	0	0	0	0	0	0	0	0	3921655	
303	1	B	3	N	2500	0	40	335	1155	57	26	18	0	0	0	0	0	0	0	0	0	0	0	0	3922030	
304	1	B	3	N	2500	0	40	269	1090	70	39	28	0	0	0	0	0	0	0	0	0	0	0	0	3922342	
305	1	B	3	N	2500	0	40	126	175	4	2	3	0	0	0	0	0	0	0	0	0	0	0	0	3922810	
306	1	B	3	N	2500	0	40	375	1472	71	44	28	0	0	0	0	0	0	0	0	0	0	0	0	3922934	
307	1	B	3	N	2500	0	40	21	25	1	1	0	0	0	0	0	0	0	0	0	0	0	0	0	3923028	
308	1	B	3	N	2500	0	40	303	1295	62	36	27	0	0	0	0	0	0	0	0	0	0	0	0	3923512	
309	1	B	3	N	2500	0	40	45	97	2	2	2	0	0	0	0	0	0	0	0	0	0	0	0	3923730	
310	1	B	3	N	2500	0	40	27	42	1	0	1	0	0	0	0	0	0	0	0	0	0	0	0	3923777	
311	1	B	3	N	2500	0	40	24	32	2	2	3	0	0	0	0	0	0	0	0	0	0	0	0	3923917	
312	1	B	3	N	2500	0	40	286	1085	47	29	23	0	0	0	0	0	0	0	0	0	0	0	0	3924136	
313	1	B	3	N	2500	0	40	22	43	3	2	3	0	0	0	0	0	0	0	0	0	0	0	0	3924214	
314	1	B	3	N	2500	0	40	28	39	1	1	2	0	0	0	0	0	0	0	0	0	0	0	0	3924307	
315	1	B	3	N	2500	0	40	245	1175	50	28	20	0	0	0	0	0	0	0	0	0	0	0	0	3925040	
316	1	B	3	N	2500	0	40	189	1099	58	33	23	0	0	0	0	0	0	0	0	0	0	0	0	3925415	
317	1	B	3	N	2500	0	40	209	1132	71	38	30	0	0	0	0	0	0	0	0	0	0	0	0	3925571	
318	1	B	3	N	2500	0	40	75	70	12	7	2	0	0	0	0	0	0	0	0	0	0	0	0	3925618	
319	1	B	3	N	2500	0	40	257	1292	66	40	32	0	0	0	0	0	0	0	0	0	0	0	0	3925664	
320	1	B	3	N	2500	0	40	480	1245	87	45	39	0	0	0	0	0	0	0	0	0	0	0	0	3926288	
321	1	B	3	N	2500	0	40	361	1256	63	37	33	0	0	0	0	0	0	0	0	0	0	0	0	3926320	
322	1	B	3	N	2500	0	40	31	29	2	2	3	0	0	0	0	0	0	0	0	0	0	0	0	3926366	
323	1	B	3	N	2500	0	40	23	55	4	3	3	0	0	0	0	0	0	0	0	0	0	0	0	3926366	
324	1	B	3	N	2500	0	40	30	74	3	2	2	0	0	0	0	0	0	0	0	0	0	0	0	3926834	
325	1	B	3	N	2500	0	40	253	1353	84	36	27	0	0	0	0	0	0	0	0	0	0	0	0	3927084	
326	1	B	4	N	2500	0	40	48	66	9	5	2	0	0	0	0	0	0	0	0	0	0	0	0	3934619	
327	1	B	4	N	2500	0	40	43	78	10	4	2	0	0	0	0	0	0	0	0	0	0	0	0	3934619	
328	1	B	4	N	2500	0	40	35	71	2	2	2	0	0	0	0	0	0	0	0	0	0	0	0	3934775	
329	1	B	4	N	2500	0	40	40	76	10	3	0	0	0	0	0	0	0	0	0	0	0	0	0	3935290	
330	1	B	4	N	2500	0	40	264	1117	65	32	24	0	0	0	0	0	0	0	0	0	0	0	0	3935352	
331	1	B	4	N	2500	0	40	316	1141	55	31	25	0	0	0	0	0	0	0	0	0	0	0	0	3935383	
332	1	B	4	N	2500	0	40	296	1167	47	35	22	0	0	0	0	0	0	0	0	0	0	0	0	3935992	
333	1	B	4	N	2500	0	40	277	1135	75	43	34	0	0	0	0	0	0	0	0	0	0	0	0	3936538	
334	1	B	4	N	2500	0	40	39	89	11	3	1	0	0	0	0	0	0	0	0	0	0	0	0	3936569	
335	1	B	4	N	2500	0	40	28	63	4	3	4	0	0	0	0	0	0	0	0	0	0	0	0	3937364	
336	1	B	4	N	2500	0	40	393	1277	61	31	19	0	0	0	0	0	0	0	0	0	0	0	0	3937957	
337	1	B	4	N	2500	0	40	291	1228	58	32	27	0	0	0	0	0	0	0	0	0	0	0	0	3938347	
338	1	B	4	N	2500	0	40	417	1550	85	40	34	0	0	0	0	0	0	0	0	0	0	0	0	3938581	
339	1	B	4	N	2500	0	40	287	1050	48	24	19	0	0	0	0	0	0	0	0	0	0	0	0	3938768	
340	1	B	4	N	2500	0	40	51	165	13	13	14	0	0	0	0	0	0	0	0	0	0	0	0	3939221	
341	1	B	4	N	2500	0	40	314	1392	64	44	34	0	0	0	0	0	0	0	0	0	0	0	0	3939299	
342	1	B	4	N	2500	0	40	62	246	20	18	23	0	0	0	0	0	0	0	0	0	0	0	0	3939314	
343	1	B	4	N	2500	0	40	288	1281	60	32	23	0	0	0	0	0	0	0	0	0	0	0	0	3940079	
344	1	B	4	N	2500	0	40	59	180	13	14	14	0	0	0	0	0	0	0	0	0	0	0	0	3940141	
345	1	B	4	N	2500	0	40	279	1212	60	29	21	0	0	0	0	0	0	0	0	0	0	0	0	3940859	
346	1	B	4	N	2500	0	40	275	1274	71	37	31	0	0	0	0	0	0	0	0	0	0	0	0	3941389	
347	1	B	4	N	2500	0	40	270	1146	51	30	21	0	0	0	0	0	0	0	0	0	0	0	0	3941592	
348	1	B	4	N	2500	0	40	300	1132	56	32	23	0	0	0	0	0	0	0	0	0	0	0	0	3941748	
349	1	B	4	N	2500	0	40	38	47	7	3	1	0	0	0	0	0	0	0	0	0	0	0	0	3941920	
350	1	B	5	N	2500	0	40	315	1344	65	41	36	0	0	0	0	0	0	0	0	0	0	0	0	3949236	
351	1	B	5	N	2500	0	40	37	48	10	3	1	0	0	0	0	0	0	0	0	0	0	0	0	3949314	
352	1	B	5	N	2500	0	40	383	1238	62	28	19	0	0	0	0	0	0	0	0	0	0	0	0	3949501	
353	1	B	5	N	2500	0	40	409	1476	76	46	33	0	0	0	0	0	0	0	0	0	0	0	0	3950016	
354	1	B	5	N	2500	0	40	30	46	6	1	0	0	0	0	0	0	0	0	0	0	0	0	0	3950468	
355	1	B	5	N	2500	0	40	280	1343	63	38	29	0	0	0	0	0	0	0	0	0	0	0	0	3950921	
356	1	B	5	N	2500	0	40	370	1435	79	39	28	0	0	0	0	0	0	0	0	0	0	0	0	3951061	
357	1	B	5	N	2500	0	40	384	1410	72	42	30	0	0	0	0	0	0	0	0	0	0	0	0	3951077	
358	1	B	5	N	2500	0	40	50	166	23	5	1	0	0	0	0	0	0	0	0	0	0	0	0	3951186	
359	1	B	5	N	2500	0	40	85	104	3	2	1	0	0	0	0	0	0	0	0	0	0	0	0	3951514	
360	1	B	5	N	2500	0	40	244	1101	65	39	28	0	0	0	0	0	0	0	0	0	0	0	0	3952075	
361	1	B	5	N	2500	0	40	24	28	3	2	1	0	0	0	0	0	0	0	0	0	0	0	0	3952138	
362	1	B	5	N	2500	0	40	209	364	23	18	18	0	0	0	0	0	0	0	0	0	0	0	0	3952403	
363	1	B	5	N	2500	0	40	296	1358	69	45	34	0	0	0	0	0	0	0	0	0	0	0	0	3952418	
364	1	B	5	N	2500	0	40	331	1409	81	39	26	0	0	0	0	0	0	0	0	0	0	0	0	3952621	
365	1	B	5	N	2500	0	40	23	33	1	2	1	0	0	0	0	0	0	0	0	0	0	0	0	3953074	
366	1	B	5	N	2500	0	40	353	1524	83	55	46	0	0	0	0	0	0	0	0	0	0	0	0	3953588	
367	1	B	5	N	2500	0	40	283	1259	71	44	32	0	0	0	0	0	0	0	0	0	0	0	0	3953978	
368	1	B	5	N	2500	0	40	66	242	19	18	19	0	0	0	0	0	0	0	0	0	0	0	0	3954322	
369	1	B	5	N	2500	0	40	26	31	2	1	2	0	0	0	0	0	0	0	0	0	0	0	0	3954322	
370	1	B	5	N	2500	0	40	244	1173	57	36	22	0	0	0	0	0	0	0	0	0	0	0	0	3954462	
371	1	B	5	N	2500	0	40	21	19	0	0	0	0	0	0	0	0	0	0	0	0	0	0	0	3954805	
372	1	B	5	N	2500	0	40	351	1147	54	27	19	0	0	0	0	0	0	0	0	0	0	0	0	3954868	
373	1	B	6	N	2500	0	40	24	42	7	7	7	0	0	0	0	0	0	0	0	0	0	0	0	3964072	
374	1	B	6	N	2500	0	40	34	77	13	16	15	0	0	0	0	0	0	0	0	0	0	0	0	3964072	
375	1	B	6	N	2500	0	40	35	73	11	2	0	0	0	0	0	0	0	0	0	0	0	0	0	3964118	
376	1	B	6	N	2500	0	40	270	1079	64	35	25	0	0	0	0	0	0	0	0	0	0	0	0	3964430	
377	1	B	6	N	2500	0	40	31	29	4	2	1	0	0	0	0	0	0	0	0	0	0	0	0	3964477	
378	1	B	6	N	2500	0	40	47	71	11	5	2	0	0	0	0	0	0	0	0	0	0	0	0	3964477	
379	1	B	6	N	2500	0	40	262	1240	71	35	24	0	0	0	0	0	0	0	0	0	0	0	0	3964852	
380	1	B	6	N	2500	0	40	421	1639	67	40	29	0	0	0	0	0	0	0	0	0	0	0	0	3965772	
381	1	B	6	N	2500	0	40	33	42	5	1	1	0	0	0	0	0	0	0	0	0	0	0	0	3965944	
382	1	B	6	N	2500	0	40	274	1166	62	35	22	0	0	0	0	0	0	0	0	0	0	0	0	3966521	
383	1	B	6	N	2500	0	40	35	112	15	4	1	0	0	0	0	0	0	0	0	0	0	0	0	3966646	
384	1	B	6	N	2500	0	40	306	1362	68	42	31	0	0	0	0	0	0	0	0	0	0	0	0	3967129	
385	1	B	6	N	2500	0	40	323	1292	77	40	27	0	0	0	0	0	0	0	0	0	0	0	0	3967644	
386	1	B	6	N	2500	0	40	253	1211	57	38	26	0	0	0	0	0	0	0	0	0	0	0	0	3967722	
387	1	B	6	N	2500	0	40	100	237	48	10	5	0	0	0	0	0	0	0	0	0	0	0	0	3967816	
388	1	B	6	N	2500	0	40	250	1234	63	34	23	0	0	0	0	0	0	0	0	0	0	0	0	3968018	
389	1	B	6	N	2500	0	40	28	32	4	2	1	0	0	0	0	0	0	0	0	0	0	0	0	3968221	
390	1	B	6	N	2500	0	40	324	889	52	26	17	0	0	0	0	0	0	0	0	0	0	0	0	3968252	
391	1	B	6	N	2500	0	40	288	1277	66	36	22	0	0	0	0	0	0	0	0	0	0	0	0	3968362	
392	1	B	6	N	2500	0	40	295	1245	65	35	23	0	0	0	0	0	0	0	0	0	0	0	0	3968455	
393	1	B	6	N	2500	0	40	307	1288	66	35	26	0	0	0	0	0	0	0	0	0	0	0	0	3969095	
394	1	B	6	N	2500	0	40	43	146	12	14	14	0	0	0	0	0	0	0	0	0	0	0	0	3969204	
395	1	B	6	N	2500	0	40	25	23	0	0	1	0	0	0	0	0	0	0	0	0	0	0	0	3969532	
396	1	B	6	N	2500	0	40	320	1197	63	33	25	0	0	0	0	0	0	0	0	0	0	0	0	3970078	
397	1	B	6	N	2500	0	40	34	38	1	1	2	0	0	0	0	0	0	0	0	0	0	0	0	3970624	
398	1	B	6	N	2500	0	40	307	1365	64	35	26	0	0	0	0	0	0	0	0	0	0	0	0	3970889	
399	1	B	6	N	2500	0	40	26	26	4	2	1	0	0	0	0	0	0	0	0	0	0	0	0	3971326	
400	1	B	6	N	2500	0	40	78	93	14	9	5	0	0	0	0	0	0	0	0	0	0	0	0	3971326	
401	1	B	6	N	2500	0	40	21	21	3	1	0	0	0	0	0	0	0	0	0	0	0	0	0	3971419	
402	1	B	7	N	2500	0	40	65	214	28	0	0	0	0	0	0	0	0	0	0	0	0	0	0	3978658	
403	1	B	7	N	2500	0	40	69	274	33	0	1	0	0	0	0	0	0	0	0	0	0	0	0	3978970	
404	1	B	7	N	2500	0	40	45	63	14	3	2	0	0	0	0	0	0	0	0	0	0	0	0	3979141	
405	1	B	7	N	2500	0	40	24	28	3	1	0	0	0	0	0	0	0	0	0	0	0	0	0	3979219	
406	1	B	7	N	2500	0	40	302	1331	66	40	30	0	0	0	0	0	0	0	0	0	0	0	0	3979344	
407	1	B	7	N	2500	0	40	32	60	1	1	1	0	0	0	0	0	0	0	0	0	0	0	0	3979578	
408	1	B	7	N	2500	0	40	28	46	8	2	1	0	0	0	0	0	0	0	0	0	0	0	0	3979781	
409	1	B	7	N	2500	0	40	42	96	5	5	7	0	0	0	0	0	0	0	0	0	0	0	0	3979968	
410	1	B	7	N	2500	0	40	47	233	23	0	0	0	0	0	0	0	0	0	0	0	0	0	0	3980093	
411	1	B	7	N	2500	0	40	47	63	2	1	0	0	0	0	0	0	0	0	0	0	0	0	0	3980483	
412	1	B	7	N	2500	0	40	243	1133	59	31	20	0	0	0	0	0	0	0	0	0	0	0	0	3980670	
413	1	B	7	N	2500	0	40	269	1186	72	48	40	0	0	0	0	0	0	0	0	0	0	0	0	3980904	
414	1	B	7	N	2500	0	40	310	1322	67	41	28	0	0	0	0	0	0	0	0	0	0	0	0	3981185	
415	1	B	7	N	2500	0	40	276	1272	65	40	29	0	0	0	0	0	0	0	0	0	0	0	0	3981247	
416	1	B	7	N	2500	0	40	33	65	2	1	1	0	0	0	0	0	0	0	0	0	0	0	0	3981528	
417	1	B	7	N	2500	0	40	52	87	15	6	3	0	0	0	0	0	0	0	0	0	0	0	0	3981731	
418	1	B	7	N	2500	0	40	24	40	1	1	1	0	0	0	0	0	0	0	0	0	0	0	0	3981980	
419	1	B	7	N	2500	0	40	270	1167	61	29	21	0	0	0	0	0	0	0	0	0	0	0	0	3982464	
420	1	B	7	N	2500	0	40	22	30	2	3	4	0	0	0	0	0	0	0	0	0	0	0	0	3982838	
421	1	B	7	N	2500	0	40	286	1147	56	33	27	0	0	0	0	0	0	0	0	0	0	0	0	3983057	
422	1	B	7	N	2500	0	40	38	41	6	3	1	0	0	0	0	0	0	0	0	0	0	0	0	3983072	
423	1	B	7	N	2500	0	40	25	25	3	2	1	0	0	0	0	0	0	0	0	0	0	0	0	3983072	
424	1	B	7	N	2500	0	40	246	1292	69	33	23	0	0	0	0	0	0	0	0	0	0	0	0	3983447	
425	1	B	7	N	2500	0	40	53	70	11	6	2	0	0	0	0	0	0	0	0	0	0	0	0	3983993	
426	1	B	7	N	2500	0	40	26	29	1	1	1	0	0	0	0	0	0	0	0	0	0	0	0	3984180	
427	1	B	7	N	2500	0	40	291	1222	63	37	27	0	0	0	0	0	0	0	0	0	0	0	0	3984211	
428	1	B	7	N	2500	0	40	293	1109	53	35	27	0	0	0	0	0	0	0	0	0	0	0	0	3984242	
429	1	B	7	N	2500	0	40	320	1174	60	30	22	0	0	0	0	0	0	0	0	0	0	0	0	3984632	
430	1	B	7	N	2500	0	40	285	1186	64	35	24	0	0	0	0	0	0	0	0	0	0	0	0	3984695	
431	1	B	7	N	2500	0	40	254	1196	61	33	30	0	0	0	0	0	0	0	0	0	0	0	0	3985303	
432	1	B	7	N	2500	0	40	26	31	4	2	1	0	0	0	0	0	0	0	0	0	0	0	0	3985319	
433	1	B	7	N	2500	0	40	35	34	2	2	2	0	0	0	0	0	0	0	0	0	0	0	0	3985444	
434	1	B	7	N	2500	0	40	22	43	6	1	1	0	0	0	0	0	0	0	0	0	0	0	0	3985459	
435	1	B	7	N	2500	0	40	299	1171	61	30	21	0	0	0	0	0	0	0	0	0	0	0	0	3985631	
436	1	B	7	N	2500	0	40	309	1243	73	35	22	0	0	0	0	0	0	0	0	0	0	0	0	3985912	
437	1	B	8	N	2500	0	40	33	63	13	5	2	0	0	0	0	0	0	0	0	0	0	0	0	3993415	
438	1	B	8	N	2500	0	40	285	1342	67	39	26	0	0	0	0	0	0	0	0	0	0	0	0	3993509	
439	1	B	8	N	2500	0	40	54	60	1	1	1	0	0	0	0	0	0	0	0	0	0	0	0	3994149	
440	1	B	8	N	2500	0	40	25	41	2	2	2	0	0	0	0	0	0	0	0	0	0	0	0	3994164	
441	1	B	8	N	2500	0	40	158	1129	80	33	25	0	0	0	0	0	0	0	0	0	0	0	0	3994492	
442	1	B	8	N	2500	0	40	242	872	60	30	22	0	0	0	0	0	0	0	0	0	0	0	0	3994648	
443	1	B	8	N	2500	0	40	23	26	1	0	1	0	0	0	0	0	0	0	0	0	0	0	0	3994804	
444	1	B	8	N	2500	0	40	239	1160	61	36	26	0	0	0	0	0	0	0	0	0	0	0	0	3994882	
445	1	B	8	N	2500	0	40	29	67	3	1	1	0	0	0	0	0	0	0	0	0	0	0	0	3995428	
446	1	B	8	N	2500	0	40	29	49	1	1	1	0	0	0	0	0	0	0	0	0	0	0	0	3995584	
447	1	B	8	N	2500	0	40	28	57	3	2	3	0	0	0	0	0	0	0	0	0	0	0	0	3995849	
448	1	B	8	N	2500	0	40	75	260	27	26	30	0	0	0	0	0	0	0	0	0	0	0	0	3995927	
449	1	B	8	N	2500	0	40	475	1674	71	43	35	0	0	0	0	0	0	0	0	0	0	0	0	3996161	
450	1	B	8	N	2500	0	40	264	1260	66	38	25	0	0	0	0	0	0	0	0	0	0	0	0	3996255	
451	1	B	8	N	2500	0	40	26	58	1	1	1	0	0	0	0	0	0	0	0	0	0	0	0	3996442	
452	1	B	8	N	2500	0	40	302	1287	65	34	26	0	0	0	0	0	0	0	0	0	0	0	0	3996598	
453	1	B	8	N	2500	0	40	22	28	3	1	0	0	0	0	0	0	0	0	0	0	0	0	0	3996894	
454	1	B	8	N	2500	0	40	21	22	2	1	3	0	0	0	0	0	0	0	0	0	0	0	0	3997050	
455	1	B	8	N	2500	0	40	28	45	4	3	3	0	0	0	0	0	0	0	0	0	0	0	0	3997534	
456	1	B	8	N	2500	0	40	34	67	2	1	1	0	0	0	0	0	0	0	0	0	0	0	0	3997643	
457	1	B	8	N	2500	0	40	274	1089	62	34	25	0	0	0	0	0	0	0	0	0	0	0	0	3997846	
458	1	B	8	N	2500	0	40	20	28	0	0	1	0	0	0	0	0	0	0	0	0	0	0	0	3998220	
459	1	B	8	N	2500	0	40	149	284	31	32	37	0	0	0	0	0	0	0	0	0	0	0	0	3998657	
460	1	B	8	N	2500	0	40	225	1068	67	31	23	0	0	0	0	0	0	0	0	0	0	0	0	3998860	
461	1	B	8	N	2500	0	40	302	1187	59	30	23	0	0	0	0	0	0	0	0	0	0	0	0	3999312	
462	1	B	8	N	2500	0	40	247	1164	82	41	31	0	0	0	0	0	0	0	0	0	0	0	0	3999609	
463	1	B	8	N	2500	0	40	258	1001	40	23	18	0	0	0	0	0	0	0	0	0	0	0	0	3999624	
464	1	B	8	N	2500	0	40	306	1058	48	24	20	0	0	0	0	0	0	0	0	0	0	0	0	3999671	
465	1	B	8	N	2500	0	40	304	1033	64	28	24	0	0	0	0	0	0	0	0	0	0	0	0	4000014	
466	1	B	8	N	2500	0	40	301	1220	69	29	21	0	0	0	0	0	0	0	0	0	0	0	0	4000279	
467	1	B	8	N	2500	0	40	23	35	1	1	3	0	0	0	0	0	0	0	0	0	0	0	0	4000529	
468	1	B	8	N	2500	0	40	276	1351	64	37	25	0	0	0	0	0	0	0	0	0	0	0	0	4000716	
469	1	B	9	N	2500	0	40	325	1374	61	34	24	0	0	0	0	0	0	0	0	0	0	0	0	4008516	
470	1	B	9	N	2500	0	40	24	26	2	2	1	0	0	0	0	0	0	0	0	0	0	0	0	4009624	
471	1	B	9	N	2500	0	40	50	124	8	9	11	0	0	0	0	0	0	0	0	0	0	0	0	4009686	
472	1	B	9	N	2500	0	40	23	32	1	1	2	0	0	0	0	0	0	0	0	0	0	0	0	4009749	
473	1	B	9	N	2500	0	40	338	1327	61	40	28	0	0	0	0	0	0	0	0	0	0	0	0	4009936	
474	1	B	9	N	2500	0	40	295	1301	63	37	27	0	0	0	0	0	0	0	0	0	0	0	0	4011231	
475	1	B	9	N	2500	0	40	36	39	1	1	1	0	0	0	0	0	0	0	0	0	0	0	0	4012104	
476	1	B	9	N	2500	0	40	41	123	9	8	12	0	0	0	0	0	0	0	0	0	0	0	0	4012260	
477	1	B	9	N	2500	0	40	281	1328	63	35	23	0	0	0	0	0	0	0	0	0	0	0	0	4012557	
478	1	B	9	N	2500	0	40	275	1132	62	29	24	0	0	0	0	0	0	0	0	0	0	0	0	4013181	
479	1	B	9	N	2500	0	40	297	1405	75	42	31	0	0	0	0	0	0	0	0	0	0	0	0	4013212	
480	1	B	9	N	2500	0	40	296	1038	55	25	18	0	0	0	0	0	0	0	0	0	0	0	0	4013321	
481	1	B	9	N	2500	0	40	34	69	2	1	2	0	0	0	0	0	0	0	0	0	0	0	0	4013415	
482	1	B	9	N	2500	0	40	306	988	48	24	21	0	0	0	0	0	0	0	0	0	0	0	0	4013664	
483	1	B	9	N	2500	0	40	352	1401	64	33	23	0	0	0	0	0	0	0	0	0	0	0	0	4014163	
484	1	B	9	N	2500	0	40	338	1357	62	42	29	0	0	0	0	0	0	0	0	0	0	0	0	4014257	
485	1	B	9	N	2500	0	40	286	1036	59	25	22	0	0	0	0	0	0	0	0	0	0	0	0	4015287	
486	1	B	10	N	2500	0	40	52	66	1	1	1	0	0	0	0	0	0	0	0	0	0	0	0	4022728	
487	1	B	10	N	2500	0	40	20	19	2	0	0	0	0	0	0	0	0	0	0	0	0	0	0	4022775	
488	1	B	10	N	2500	0	40	24	35	1	0	1	0	0	0	0	0	0	0	0	0	0	0	0	4022884	
489	1	B	10	N	2500	0	40	39	75	1	1	1	0	0	0	0	0	0	0	0	0	0	0	0	4023461	
490	1	B	10	N	2500	0	40	309	1234	59	35	25	0	0	0	0	0	0	0	0	0	0	0	0	4023711	
491	1	B	10	N	2500	0	40	25	47	5	1	0	0	0	0	0	0	0	0	0	0	0	0	0	4023960	
492	1	B	10	N	2500	0	40	282	1240	67	31	22	0	0	0	0	0	0	0	0	0	0	0	0	4024132	
493	1	B	10	N	2500	0	40	261	1159	59	29	21	0	0	0	0	0	0	0	0	0	0	0	0	4024288	
494	1	B	10	N	2500	0	40	341	1359	68	43	31	0	0	0	0	0	0	0	0	0	0	0	0	4024662	
495	1	B	10	N	2500	0	40	442	1475	95	35	25	0	0	0	0	0	0	0	0	0	0	0	0	4025099	
496	1	B	10	N	2500	0	40	29	34	1	2	2	0	0	0	0	0	0	0	0	0	0	0	0	4025333	
497	1	B	10	N	2500	0	40	375	1445	79	39	31	0	0	0	0	0	0	0	0	0	0	0	0	4026035	
498	1	B	10	N	2500	0	40	55	73	12	8	3	0	0	0	0	0	0	0	0	0	0	0	0	4026300	
499	1	B	10	N	2500	0	40	274	1126	64	37	23	0	0	0	0	0	0	0	0	0	0	0	0	4026394	
500	1	B	10	N	2500	0	40	318	1412	75	43	33	0	0	0	0	0	0	0	0	0	0	0	0	4026472	
501	1	B	10	N	2500	0	40	24	44	5	1	0	0	0	0	0	0	0	0	0	0	0	0	0	4027065	
502	1	B	10	N	2500	0	40	307	1270	78	35	25	0	0	0	0	0	0	0	0	0	0	0	0	4028047	
503	1	B	10	N	2500	0	40	306	1163	56	31	20	0	0	0	0	0	0	0	0	0	0	0	0	4028391	
504	1	B	10	N	2500	0	40	42	52	1	0	1	0	0	0	0	0	0	0	0	0	0	0	0	4029264	
505	1	B	11	N	2500	0	40	26	28	3	1	0	0	0	0	0	0	0	0	0	0	0	0	0	4037579	
506	1	B	11	N	2500	0	40	325	1352	67	39	26	0	0	0	0	0	0	0	0	0	0	0	0	4037985	
507	1	B	11	N	2500	0	40	295	1455	78	56	45	0	0	0	0	0	0	0	0	0	0	0	0	4037985	
508	1	B	11	N	2500	0	40	62	233	18	0	1	0	0	0	0	0	0	0	0	0	0	0	0	4038156	
509	1	B	11	N	2500	0	40	30	78	7	0	1	0	0	0	0	0	0	0	0	0	0	0	0	4038359	
510	1	B	11	N	2500	0	40	389	1295	60	28	23	0	0	0	0	0	0	0	0	0	0	0	0	4038484	
511	1	B	11	N	2500	0	40	26	35	3	1	0	0	0	0	0	0	0	0	0	0	0	0	0	4038499	
512	1	B	11	N	2500	0	40	21	21	0	0	0	0	0	0	0	0	0	0	0	0	0	0	0	4038593	
513	1	B	11	N	2500	0	40	23	29	3	3	2	0	0	0	0	0	0	0	0	0	0	0	0	4038640	
514	1	B	11	N	2500	0	40	54	86	9	2	1	0	0	0	0	0	0	0	0	0	0	0	0	4038780	
515	1	B	11	N	2500	0	40	235	935	48	25	20	0	0	0	0	0	0	0	0	0	0	0	0	4039014	
516	1	B	11	N	2500	0	40	297	1141	76	37	28	0	0	0	0	0	0	0	0	0	0	0	0	4039248	
517	1	B	11	N	2500	0	40	22	20	1	0	0	0	0	0	0	0	0	0	0	0	0	0	0	4039295	
518	1	B	11	N	2500	0	40	351	1318	65	35	26	0	0	0	0	0	0	0	0	0	0	0	0	4039654	
519	1	B	11	N	2500	0	40	427	1460	73	37	24	0	0	0	0	0	0	0	0	0	0	0	0	4040200	
520	1	B	11	N	2500	0	40	313	1127	63	30	22	0	0	0	0	0	0	0	0	0	0	0	0	4040933	
521	1	B	11	N	2500	0	40	272	1153	52	33	25	0	0	0	0	0	0	0	0	0	0	0	0	4040949	
522	1	B	11	N	2500	0	40	363	1634	83	56	41	0	0	0	0	0	0	0	0	0	0	0	0	4041900	
523	1	B	11	N	2500	0	40	271	1224	67	31	23	0	0	0	0	0	0	0	0	0	0	0	0	4042103	
524	1	B	11	N	2500	0	40	32	70	9	1	1	0	0	0	0	0	0	0	0	0	0	0	0	4042212	
525	1	B	11	N	2500	0	40	68	95	7	8	7	0	0	0	0	0	0	0	0	0	0	0	0	4043242	
526	1	B	11	N	2500	0	40	24	24	3	1	0	0	0	0	0	0	0	0	0	0	0	0	0	4043523	
527	1	B	11	N	2500	0	40	279	1225	56	29	21	0	0	0	0	0	0	0	0	0	0	0	0	4044256	
528	1	B	11	N	2500	0	40	239	1055	49	26	20	0	0	0	0	0	0	0	0	0	0	0	0	4044381	
529	1	B	11	N	2500	0	40	268	1346	69	37	30	0	0	0	0	0	0	0	0	0	0	0	0	4044412	
530	1	B	11	N	2500	0	40	458	1455	74	44	34	0	0	0	0	0	0	0	0	0	0	0	0	4044630	
531	1	B	12	N	2500	0	40	297	1347	58	36	30	0	0	0	0	0	0	0	0	0	0	0	0	4053491	
532	1	B	12	N	2500	0	40	242	1248	80	34	24	0	0	0	0	0	0	0	0	0	0	0	0	4055800	
533	1	B	12	N	2500	0	40	27	48	5	2	1	0	0	0	0	0	0	0	0	0	0	0	0	4059216	
534	1	C	1	N	2500	0	40	33	48	5	1	0	0	0	0	0	0	0	0	0	0	0	0	0	4068389	
535	1	C	1	N	2500	0	40	278	1126	69	40	30	0	0	0	0	0	0	0	0	0	0	0	0	4068498	
536	1	C	1	N	2500	0	40	40	39	2	2	2	0	0	0	0	0	0	0	0	0	0	0	0	4068966	
537	1	C	1	N	2500	0	40	355	1308	56	35	26	0	0	0	0	0	0	0	0	0	0	0	0	4069762	
538	1	C	1	N	2500	0	40	74	88	2	1	1	0	0	0	0	0	0	0	0	0	0	0	0	4069824	
539	1	C	1	N	2500	0	40	35	75	6	8	10	0	0	0	0	0	0	0	0	0	0	0	0	4070089	
540	1	C	1	N	2500	0	40	263	1205	60	38	29	0	0	0	0	0	0	0	0	0	0	0	0	4070199	
541	1	C	1	N	2500	0	40	24	43	1	1	0	0	0	0	0	0	0	0	0	0	0	0	0	4070542	
542	1	C	1	N	2500	0	40	25	50	8	9	9	0	0	0	0	0	0	0	0	0	0	0	0	4070901	
543	1	C	1	N	2500	0	40	243	1026	66	43	32	0	0	0	0	0	0	0	0	0	0	0	0	4071119	
544	1	C	1	N	2500	0	40	37	61	4	4	5	0	0	0	0	0	0	0	0	0	0	0	0	4071166	
545	1	C	1	N	2500	0	40	250	1368	78	35	29	0	0	0	0	0	0	0	0	0	0	0	0	4071166	
546	1	C	1	N	2500	0	40	263	965	55	28	19	0	0	0	0	0	0	0	0	0	0	0	0	4071337	
547	1	C	1	N	2500	0	40	309	1163	68	33	22	0	0	0	0	0	0	0	0	0	0	0	0	4071774	
548	1	C	1	N	2500	0	40	376	1340	84	37	23	0	0	0	0	0	0	0	0	0	0	0	0	4071930	
549	1	C	1	N	2500	0	40	286	1116	63	33	26	0	0	0	0	0	0	0	0	0	0	0	0	4071930	
550	1	C	1	N	2500	0	40	333	1193	66	32	22	0	0	0	0	0	0	0	0	0	0	0	0	4072055	
551	1	C	1	N	2500	0	40	31	36	4	3	1	0	0	0	0	0	0	0	0	0	0	0	0	4072351	
552	1	C	1	N	2500	0	40	205	859	59	32	24	0	0	0	0	0	0	0	0	0	0	0	0	4073069	
553	1	C	1	N	2500	0	40	262	1278	63	34	19	0	0	0	0	0	0	0	0	0	0	0	0	4073521	
554	1	C	1	N	2500	0	40	93	110	8	8	9	0	0	0	0	0	0	0	0	0	0	0	0	4073599	
555	1	C	1	N	2500	0	40	29	27	0	1	1	0	0	0	0	0	0	0	0	0	0	0	0	4074333	
556	1	C	1	N	2500	0	40	29	69	2	1	1	0	0	0	0	0	0	0	0	0	0	0	0	4074426	
557	1	C	1	N	2500	0	40	321	1360	64	39	30	0	0	0	0	0	0	0	0	0	0	0	0	4074723	
558	1	C	1	N	2500	0	40	314	1172	82	35	24	0	0	0	0	0	0	0	0	0	0	0	0	4074738	
559	1	C	1	N	2500	0	40	300	1257	68	40	28	0	0	0	0	0	0	0	0	0	0	0	0	4074972	
560	1	C	1	N	2500	0	40	268	1095	64	30	22	0	0	0	0	0	0	0	0	0	0	0	0	4075393	
561	1	C	2	N	2500	0	40	32	65	10	2	1	0	0	0	0	0	0	0	0	0	0	0	0	4083162	
562	1	C	2	N	2500	0	40	60	79	4	4	4	0	0	0	0	0	0	0	0	0	0	0	0	4083771	
563	1	C	2	N	2500	0	40	341	1316	68	37	27	0	0	0	0	0	0	0	0	0	0	0	0	4084535	
564	1	C	2	N	2500	0	40	32	60	11	2	1	0	0	0	0	0	0	0	0	0	0	0	0	4085034	
565	1	C	2	N	2500	0	40	272	1251	63	37	27	0	0	0	0	0	0	0	0	0	0	0	0	4085221	
566	1	C	2	N	2500	0	40	31	39	1	1	1	0	0	0	0	0	0	0	0	0	0	0	0	4085221	
567	1	C	2	N	2500	0	40	312	1252	64	31	23	0	0	0	0	0	0	0	0	0	0	0	0	4085237	
568	1	C	2	N	2500	0	40	43	109	7	7	7	0	0	0	0	0	0	0	0	0	0	0	0	4085440	
569	1	C	2	N	2500	0	40	351	1239	63	31	22	0	0	0	0	0	0	0	0	0	0	0	0	4085830	
570	1	C	2	N	2500	0	40	286	1535	84	62	51	0	0	0	0	0	0	0	0	0	0	0	0	4086313	
571	1	C	2	N	2500	0	40	295	1590	105	72	60	0	0	0	0	0	0	0	0	0	0	0	0	4086485	
572	1	C	2	N	2500	0	40	24	40	2	2	2	0	0	0	0	0	0	0	0	0	0	0	0	4087468	
573	1	C	2	N	2500	0	40	77	101	8	9	11	0	0	0	0	0	0	0	0	0	0	0	0	4087983	
574	1	C	2	N	2500	0	40	47	136	10	11	14	0	0	0	0	0	0	0	0	0	0	0	0	4088310	
575	1	C	2	N	2500	0	40	27	47	2	2	2	0	0	0	0	0	0	0	0	0	0	0	0	4088341	
576	1	C	2	N	2500	0	40	27	53	3	2	2	0	0	0	0	0	0	0	0	0	0	0	0	4088404	
577	1	C	2	N	2500	0	40	330	1210	62	32	25	0	0	0	0	0	0	0	0	0	0	0	0	4088965	
578	1	C	2	N	2500	0	40	342	1443	97	42	32	0	0	0	0	0	0	0	0	0	0	0	0	4089028	
579	1	C	2	N	2500	0	40	35	56	2	1	2	0	0	0	0	0	0	0	0	0	0	0	0	4089527	
580	1	C	2	N	2500	0	40	308	1415	74	46	36	0	0	0	0	0	0	0	0	0	0	0	0	4089730	
581	1	C	2	N	2500	0	40	57	133	9	11	14	0	0	0	0	0	0	0	0	0	0	0	0	4089979	
582	1	C	2	N	2500	0	40	26	23	0	0	0	0	0	0	0	0	0	0	0	0	0	0	0	4090011	
583	1	C	2	N	2500	0	40	29	47	2	2	3	0	0	0	0	0	0	0	0	0	0	0	0	4090354	
584	1	C	3	N	2500	0	40	283	1269	77	48	43	0	0	0	0	0	0	0	0	0	0	0	0	4097889	
585	1	C	3	N	2500	0	40	50	173	13	16	14	0	0	0	0	0	0	0	0	0	0	0	0	4098310	
586	1	C	3	N	2500	0	40	297	1346	68	38	29	0	0	0	0	0	0	0	0	0	0	0	0	4099152	
587	1	C	3	N	2500	0	40	275	1360	76	41	29	0	0	0	0	0	0	0	0	0	0	0	0	4099527	
588	1	C	3	N	2500	0	40	276	1198	59	32	24	0	0	0	0	0	0	0	0	0	0	0	0	4099527	
589	1	C	3	N	2500	0	40	20	23	0	0	1	0	0	0	0	0	0	0	0	0	0	0	0	4099761	
590	1	C	3	N	2500	0	40	324	1299	69	40	33	0	0	0	0	0	0	0	0	0	0	0	0	4100369	
591	1	C	3	N	2500	0	40	336	1225	57	36	22	0	0	0	0	0	0	0	0	0	0	0	0	4100619	
592	1	C	3	N	2500	0	40	192	1100	73	38	26	0	0	0	0	0	0	0	0	0	0	0	0	4100666	
593	1	C	3	N	2500	0	40	27	34	1	1	0	0	0	0	0	0	0	0	0	0	0	0	0	4101118	
594	1	C	3	N	2500	0	40	253	1158	57	35	25	0	0	0	0	0	0	0	0	0	0	0	0	4101508	
595	1	C	3	N	2500	0	40	51	47	4	4	3	0	0	0	0	0	0	0	0	0	0	0	0	4101664	
596	1	C	3	N	2500	0	40	290	1292	70	41	32	0	0	0	0	0	0	0	0	0	0	0	0	4101914	
597	1	C	3	N	2500	0	40	426	1785	79	51	34	0	0	0	0	0	0	0	0	0	0	0	0	4102023	
598	1	C	3	N	2500	0	40	261	1299	75	37	26	0	0	0	0	0	0	0	0	0	0	0	0	4102928	
599	1	C	3	N	2500	0	40	308	1254	78	46	39	0	0	0	0	0	0	0	0	0	0	0	0	4103021	
600	1	C	3	N	2500	0	40	388	1414	68	39	31	0	0	0	0	0	0	0	0	0	0	0	0	4103068	
601	1	C	3	N	2500	0	40	386	1054	54	24	21	0	0	0	0	0	0	0	0	0	0	0	0	4103146	
602	1	C	3	N	2500	0	40	38	74	3	2	2	0	0	0	0	0	0	0	0	0	0	0	0	4103614	
603	1	C	3	N	2500	0	40	284	1153	55	31	20	0	0	0	0	0	0	0	0	0	0	0	0	4103661	
604	1	C	3	N	2500	0	40	22	27	0	0	1	0	0	0	0	0	0	0	0	0	0	0	0	4103770	
605	1	C	3	N	2500	0	40	23	27	0	1	1	0	0	0	0	0	0	0	0	0	0	0	0	4103770	
606	1	C	3	N	2500	0	40	33	33	2	1	2	0	0	0	0	0	0	0	0	0	0	0	0	4103988	
607	1	C	3	N	2500	0	40	298	1191	77	49	40	0	0	0	0	0	0	0	0	0	0	0	0	4104020	
608	1	C	3	N	2500	0	40	26	30	1	1	1	0	0	0	0	0	0	0	0	0	0	0	0	4104129	
609	1	C	3	N	2500	0	40	29	43	1	1	1	0	0	0	0	0	0	0	0	0	0	0	0	4104269	
610	1	C	3	N	2500	0	40	50	73	10	3	2	0	0	0	0	0	0	0	0	0	0	0	0	4104300	
611	1	C	3	N	2500	0	40	22	38	1	1	1	0	0	0	0	0	0	0	0	0	0	0	0	4104566	
612	1	C	3	N	2500	0	40	29	54	3	3	4	0	0	0	0	0	0	0	0	0	0	0	0	4104581	
613	1	C	3	N	2500	0	40	20	17	0	0	0	0	0	0	0	0	0	0	0	0	0	0	0	4104659	
614	1	C	3	N	2500	0	40	20	18	0	0	1	0	0	0	0	0	0	0	0	0	0	0	0	4104737	
615	1	C	4	N	2500	0	40	320	1402	68	45	29	0	0	0	0	0	0	0	0	0	0	0	0	4113380	
616	1	C	4	N	2500	0	40	71	85	2	1	2	0	0	0	0	0	0	0	0	0	0	0	0	4113442	
617	1	C	4	N	2500	0	40	322	1447	81	45	34	0	0	0	0	0	0	0	0	0	0	0	0	4113645	
618	1	C	4	N	2500	0	40	299	1320	64	36	26	0	0	0	0	0	0	0	0	0	0	0	0	4113894	
619	1	C	4	N	2500	0	40	141	229	19	22	27	0	0	0	0	0	0	0	0	0	0	0	0	4113988	
620	1	C	4	N	2500	0	40	379	1313	72	31	22	0	0	0	0	0	0	0	0	0	0	0	0	4114191	
621	1	C	4	N	2500	0	40	256	1072	83	36	24	0	0	0	0	0	0	0	0	0	0	0	0	4114316	
622	1	C	4	N	2500	0	40	417	1445	88	43	29	0	0	0	0	0	0	0	0	0	0	0	0	4115111	
623	1	C	4	N	2500	0	40	20	20	1	0	0	0	0	0	0	0	0	0	0	0	0	0	0	4116266	
624	1	C	4	N	2500	0	40	25	50	2	2	2	0	0	0	0	0	0	0	0	0	0	0	0	4117061	
625	1	C	4	N	2500	0	40	44	53	2	1	1	0	0	0	0	0	0	0	0	0	0	0	0	4117202	
626	1	C	4	N	2500	0	40	34	41	1	1	1	0	0	0	0	0	0	0	0	0	0	0	0	4117326	
627	1	C	4	N	2500	0	40	78	130	4	2	2	0	0	0	0	0	0	0	0	0	0	0	0	4117732	
628	1	C	4	N	2500	0	40	87	450	46	44	47	0	0	0	0	0	0	0	0	0	0	0	0	4117904	
629	1	C	4	N	2500	0	40	339	1455	82	39	26	0	0	0	0	0	0	0	0	0	0	0	0	4118340	
630	1	C	4	N	2500	0	40	373	1261	55	29	23	0	0	0	0	0	0	0	0	0	0	0	0	4118777	
631	1	C	4	N	2500	0	40	71	242	17	18	19	0	0	0	0	0	0	0	0	0	0	0	0	4119167	
632	1	C	4	N	2500	0	40	287	1191	54	29	22	0	0	0	0	0	0	0	0	0	0	0	0	4119292	
633	1	C	4	N	2500	0	40	271	1117	58	33	23	0	0	0	0	0	0	0	0	0	0	0	0	4119620	
634	1	C	5	N	2500	0	40	21	22	0	0	0	0	0	0	0	0	0	0	0	0	0	0	0	4127108	
635	1	C	5	N	2500	0	40	73	176	15	13	14	0	0	0	0	0	0	0	0	0	0	0	0	4127139	
636	1	C	5	N	2500	0	40	30	29	4	0	0	0	0	0	0	0	0	0	0	0	0	0	0	4127435	
637	1	C	5	N	2500	0	40	41	51	2	1	1	0	0	0	0	0	0	0	0	0	0	0	0	4127560	
638	1	C	5	N	2500	0	40	25	48	8	1	0	0	0	0	0	0	0	0	0	0	0	0	0	4127919	
639	1	C	5	N	2500	0	40	20	18	1	1	1	0	0	0	0	0	0	0	0	0	0	0	0	4128293	
640	1	C	5	N	2500	0	40	260	1085	68	38	25	0	0	0	0	0	0	0	0	0	0	0	0	4128808	
641	1	C	5	N	2500	0	40	33	55	1	2	2	0	0	0	0	0	0	0	0	0	0	0	0	4128855	
642	1	C	5	N	2500	0	40	333	1347	74	36	26	0	0	0	0	0	0	0	0	0	0	0	0	4129167	
643	1	C	5	N	2500	0	40	373	1409	74	45	33	0	0	0	0	0	0	0	0	0	0	0	0	4129463	
644	1	C	5	N	2500	0	40	28	73	2	1	1	0	0	0	0	0	0	0	0	0	0	0	0	4129619	
645	1	C	5	N	2500	0	40	295	1340	97	44	30	0	0	0	0	0	0	0	0	0	0	0	0	4129650	
646	1	C	5	N	2500	0	40	21	32	0	1	0	0	0	0	0	0	0	0	0	0	0	0	0	4130072	
647	1	C	5	N	2500	0	40	67	287	36	40	44	0	0	0	0	0	0	0	0	0	0	0	0	4130462	
648	1	C	5	N	2500	0	40	341	1153	54	30	23	0	0	0	0	0	0	0	0	0	0	0	0	4130477	
649	1	C	5	N	2500	0	40	256	1035	44	26	20	0	0	0	0	0	0	0	0	0	0	0	0	4130477	
650	1	C	5	N	2500	0	40	28	61	4	3	4	0	0	0	0	0	0	0	0	0	0	0	0	4130508	
651	1	C	5	N	2500	0	40	340	1250	61	29	22	0	0	0	0	0	0	0	0	0	0	0	0	4130540	
652	1	C	5	N	2500	0	40	300	1252	69	36	28	0	0	0	0	0	0	0	0	0	0	0	0	4131008	
653	1	C	5	N	2500	0	40	264	1220	59	35	21	0	0	0	0	0	0	0	0	0	0	0	0	4131288	
654	1	C	5	N	2500	0	40	359	1251	77	34	23	0	0	0	0	0	0	0	0	0	0	0	0	4131491	
655	1	C	5	N	2500	0	40	391	1481	82	39	32	0	0	0	0	0	0	0	0	0	0	0	0	4131788	
656	1	C	5	N	2500	0	40	258	1151	54	33	22	0	0	0	0	0	0	0	0	0	0	0	0	4131834	
657	1	C	5	N	2500	0	40	20	32	1	1	0	0	0	0	0	0	0	0	0	0	0	0	0	4132084	
658	1	C	5	N	2500	0	40	232	1100	54	37	25	0	0	0	0	0	0	0	0	0	0	0	0	4132115	
659	1	C	5	N	2500	0	40	320	1422	72	41	27	0	0	0	0	0	0	0	0	0	0	0	0	4132318	
660	1	C	5	N	2500	0	40	30	30	1	1	0	0	0	0	0	0	0	0	0	0	0	0	0	4132396	
661	1	C	5	N	2500	0	40	21	26	0	0	0	0	0	0	0	0	0	0	0	0	0	0	0	4132630	
662	1	C	5	N	2500	0	40	229	1222	62	36	24	0	0	0	0	0	0	0	0	0	0	0	0	4132724	
663	1	C	5	N	2500	0	40	269	1115	60	31	22	0	0	0	0	0	0	0	0	0	0	0	0	4132880	
664	1	C	5	N	2500	0	40	25	33	1	0	1	0	0	0	0	0	0	0	0	0	0	0	0	4133488	
665	1	C	5	N	2500	0	40	26	52	2	2	3	0	0	0	0	0	0	0	0	0	0	0	0	4134096	
666	1	C	5	N	2500	0	40	24	33	1	0	1	0	0	0	0	0	0	0	0	0	0	0	0	4134206	
667	1	C	5	N	2500	0	40	51	162	13	13	14	0	0	0	0	0	0	0	0	0	0	0	0	4134330	
668	1	C	5	N	2500	0	40	21	20	0	0	0	0	0	0	0	0	0	0	0	0	0	0	0	4134362	
669	1	C	5	N	2500	0	40	21	21	0	0	0	0	0	0	0	0	0	0	0	0	0	0	0	4134393	
670	1	C	6	N	2500	0	40	188	1080	84	42	25	0	0	0	0	0	0	0	0	0	0	0	0	4141881	
671	1	C	6	N	2500	0	40	26	49	10	1	0	0	0	0	0	0	0	0	0	0	0	0	0	4142458	
672	1	C	6	N	2500	0	40	24	47	1	1	1	0	0	0	0	0	0	0	0	0	0	0	0	4142708	
673	1	C	6	N	2500	0	40	327	1405	72	39	27	0	0	0	0	0	0	0	0	0	0	0	0	4143098	
674	1	C	6	N	2500	0	40	42	53	8	4	1	0	0	0	0	0	0	0	0	0	0	0	0	4143191	
675	1	C	6	N	2500	0	40	20	39	1	1	1	0	0	0	0	0	0	0	0	0	0	0	0	4144377	
676	1	C	6	N	2500	0	40	25	20	1	0	0	0	0	0	0	0	0	0	0	0	0	0	0	4144767	
677	1	C	6	N	2500	0	40	328	1192	62	29	20	0	0	0	0	0	0	0	0	0	0	0	0	4145999	
678	1	C	6	N	2500	0	40	225	1253	87	40	27	0	0	0	0	0	0	0	0	0	0	0	0	4146608	
679	1	C	6	N	2500	0	40	309	1152	70	31	22	0	0	0	0	0	0	0	0	0	0	0	0	4147356	
680	1	C	6	N	2500	0	40	34	73	2	1	2	0	0	0	0	0	0	0	0	0	0	0	0	4148121	
681	1	C	6	N	2500	0	40	34	36	5	3	1	0	0	0	0	0	0	0	0	0	0	0	0	4148448	
682	1	C	7	N	2500	0	40	33	92	7	0	1	0	0	0	0	0	0	0	0	0	0	0	0	4156654	
683	1	C	7	N	2500	0	40	74	449	43	1	2	0	0	0	0	0	0	0	0	0	0	0	0	4156966	
684	1	C	7	N	2500	0	40	279	1143	53	31	24	0	0	0	0	0	0	0	0	0	0	0	0	4157325	
685	1	C	7	N	2500	0	40	38	68	3	1	1	0	0	0	0	0	0	0	0	0	0	0	0	4157949	
686	1	C	7	N	2500	0	40	21	30	1	1	1	0	0	0	0	0	0	0	0	0	0	0	0	4157996	
687	1	C	7	N	2500	0	40	383	1307	66	35	25	0	0	0	0	0	0	0	0	0	0	0	0	4158245	
688	1	C	7	N	2500	0	40	257	1099	73	43	32	0	0	0	0	0	0	0	0	0	0	0	0	4158276	
689	1	C	7	N	2500	0	40	80	401	51	57	59	0	0	0	0	0	0	0	0	0	0	0	0	4158432	
690	1	C	7	N	2500	0	40	293	1309	69	40	32	0	0	0	0	0	0	0	0	0	0	0	0	4159134	
691	1	C	7	N	2500	0	40	21	19	1	1	1	0	0	0	0	0	0	0	0	0	0	0	0	4159602	
692	1	C	7	N	2500	0	40	34	69	3	3	4	0	0	0	0	0	0	0	0	0	0	0	0	4159665	
693	1	C	7	N	2500	0	40	266	1144	67	38	24	0	0	0	0	0	0	0	0	0	0	0	0	4160102	
694	1	C	7	N	2500	0	40	265	1237	61	42	30	0	0	0	0	0	0	0	0	0	0	0	0	4160133	
695	1	C	7	N	2500	0	40	49	149	5	1	1	0	0	0	0	0	0	0	0	0	0	0	0	4160710	
696	1	C	7	N	2500	0	40	272	1285	73	35	25	0	0	0	0	0	0	0	0	0	0	0	0	4160819	
697	1	C	7	N	2500	0	40	283	1354	71	45	36	0	0	0	0	0	0	0	0	0	0	0	0	4161022	
698	1	C	7	N	2500	0	40	24	60	3	3	5	0	0	0	0	0	0	0	0	0	0	0	0	4161552	
699	1	C	7	N	2500	0	40	32	52	1	1	1	0	0	0	0	0	0	0	0	0	0	0	0	4161677	
700	1	C	7	N	2500	0	40	78	93	2	1	2	0	0	0	0	0	0	0	0	0	0	0	0	4162301	
701	1	C	7	N	2500	0	40	208	1247	83	49	36	0	0	0	0	0	0	0	0	0	0	0	0	4162598	
702	1	C	7	N	2500	0	40	344	1226	63	36	25	0	0	0	0	0	0	0	0	0	0	0	0	4162972	
703	1	C	7	N	2500	0	40	41	47	1	1	3	0	0	0	0	0	0	0	0	0	0	0	0	4163034	
704	1	C	7	N	2500	0	40	27	53	2	2	2	0	0	0	0	0	0	0	0	0	0	0	0	4163206	
705	1	C	7	N	2500	0	40	26	44	1	1	1	0	0	0	0	0	0	0	0	0	0	0	0	4163378	
706	1	C	7	N	2500	0	40	22	23	0	0	0	0	0	0	0	0	0	0	0	0	0	0	0	4163518	
707	1	C	7	N	2500	0	40	294	1062	63	29	19	0	0	0	0	0	0	0	0	0	0	0	0	4163627	
708	1	C	8	N	2500	0	40	292	1154	71	34	23	0	0	0	0	0	0	0	0	0	0	0	0	4171318	
709	1	C	8	N	2500	0	40	199	1198	77	40	29	0	0	0	0	0	0	0	0	0	0	0	0	4172254	
710	1	C	8	N	2500	0	40	394	1459	85	43	31	0	0	0	0	0	0	0	0	0	0	0	0	4172847	
711	1	C	8	N	2500	0	40	299	1018	61	29	18	0	0	0	0	0	0	0	0	0	0	0	0	4173143	
712	1	C	8	N	2500	0	40	67	304	35	35	36	0	0	0	0	0	0	0	0	0	0	0	0	4173190	
713	1	C	8	N	2500	0	40	441	1642	80	40	28	0	0	0	0	0	0	0	0	0	0	0	0	4173798	
714	1	C	8	N	2500	0	40	323	1360	73	42	29	0	0	0	0	0	0	0	0	0	0	0	0	4174188	
715	1	C	8	N	2500	0	40	37	80	4	2	3	0	0	0	0	0	0	0	0	0	0	0	0	4174329	
716	1	C	8	N	2500	0	40	371	1436	78	38	30	0	0	0	0	0	0	0	0	0	0	0	0	4174485	
717	1	C	8	N	2500	0	40	26	39	1	1	1	0	0	0	0	0	0	0	0	0	0	0	0	4174563	
718	1	C	8	N	2500	0	40	229	1176	82	40	27	0	0	0	0	0	0	0	0	0	0	0	0	4174594	
719	1	C	8	N	2500	0	40	258	1186	68	39	27	0	0	0	0	0	0	0	0	0	0	0	0	4174656	
720	1	C	8	N	2500	0	40	31	39	1	1	1	0	0	0	0	0	0	0	0	0	0	0	0	4175031	
721	1	C	8	N	2500	0	40	501	2135	95	57	47	0	0	0	0	0	0	0	0	0	0	0	0	4175514	
722	1	C	8	N	2500	0	40	52	156	11	13	17	0	0	0	0	0	0	0	0	0	0	0	0	4176060	
723	1	C	8	N	2500	0	40	362	1197	62	30	22	0	0	0	0	0	0	0	0	0	0	0	0	4176466	
724	1	C	8	N	2500	0	40	307	1210	70	29	22	0	0	0	0	0	0	0	0	0	0	0	0	4176560	
725	1	C	8	N	2500	0	40	365	1450	62	39	29	0	0	0	0	0	0	0	0	0	0	0	0	4177121	
726	1	C	8	N	2500	0	40	389	1368	64	35	28	0	0	0	0	0	0	0	0	0	0	0	0	4177199	
727	1	C	8	N	2500	0	40	52	141	10	10	11	0	0	0	0	0	0	0	0	0	0	0	0	4177886	
728	1	C	8	N	2500	0	40	268	1360	65	47	33	0	0	0	0	0	0	0	0	0	0	0	0	4178229	
729	1	C	9	N	2500	0	40	287	1128	66	37	30	0	0	0	0	0	0	0	0	0	0	0	0	4186388	
730	1	C	9	N	2500	0	40	366	1283	60	32	24	0	0	0	0	0	0	0	0	0	0	0	0	4186980	
731	1	C	9	N	2500	0	40	352	1410	69	40	28	0	0	0	0	0	0	0	0	0	0	0	0	4187121	
732	1	C	9	N	2500	0	40	264	1382	69	47	41	0	0	0	0	0	0	0	0	0	0	0	0	4187745	
733	1	C	9	N	2500	0	40	359	1252	59	28	24	0	0	0	0	0	0	0	0	0	0	0	0	4188462	
734	1	C	9	N	2500	0	40	278	1225	62	34	26	0	0	0	0	0	0	0	0	0	0	0	0	4188790	
735	1	C	9	N	2500	0	40	349	1238	79	32	23	0	0	0	0	0	0	0	0	0	0	0	0	4189586	
736	1	C	9	N	2500	0	40	265	1151	59	39	31	0	0	0	0	0	0	0	0	0	0	0	0	4190615	
737	1	C	9	N	2500	0	40	29	57	1	1	1	0	0	0	0	0	0	0	0	0	0	0	0	4191036	
738	1	C	9	N	2500	0	40	330	1149	61	29	22	0	0	0	0	0	0	0	0	0	0	0	0	4191832	
739	1	C	9	N	2500	0	40	46	70	1	1	1	0	0	0	0	0	0	0	0	0	0	0	0	4192924	
740	1	C	9	N	2500	0	40	315	1307	73	35	24	0	0	0	0	0	0	0	0	0	0	0	0	4193283	
741	1	C	10	N	2500	0	40	42	46	6	4	2	0	0	0	0	0	0	0	0	0	0	0	0	4200755	
742	1	C	10	N	2500	0	40	23	21	0	1	1	0	0	0	0	0	0	0	0	0	0	0	0	4201130	
743	1	C	10	N	2500	0	40	32	35	7	4	1	0	0	0	0	0	0	0	0	0	0	0	0	4201769	
744	1	C	10	N	2500	0	40	26	23	3	2	0	0	0	0	0	0	0	0	0	0	0	0	0	4202690	
745	1	C	10	N	2500	0	40	36	71	9	1	1	0	0	0	0	0	0	0	0	0	0	0	0	4202830	
746	1	C	10	N	2500	0	40	335	1074	48	25	18	0	0	0	0	0	0	0	0	0	0	0	0	4202861	
747	1	C	10	N	2500	0	40	330	1203	60	31	22	0	0	0	0	0	0	0	0	0	0	0	0	4203111	
748	1	C	10	N	2500	0	40	287	912	41	22	17	0	0	0	0	0	0	0	0	0	0	0	0	4203579	
749	1	C	10	N	2500	0	40	233	956	70	31	19	0	0	0	0	0	0	0	0	0	0	0	0	4203969	
750	1	C	10	N	2500	0	40	368	1318	68	33	23	0	0	0	0	0	0	0	0	0	0	0	0	4204437	
751	1	C	10	N	2500	0	40	24	50	2	2	2	0	0	0	0	0	0	0	0	0	0	0	0	4204796	
752	1	C	10	N	2500	0	40	246	1033	82	37	30	0	0	0	0	0	0	0	0	0	0	0	0	4205217	
753	1	C	10	N	2500	0	40	25	37	4	6	7	0	0	0	0	0	0	0	0	0	0	0	0	4205248	
754	1	C	10	N	2500	0	40	32	70	3	2	3	0	0	0	0	0	0	0	0	0	0	0	0	4205778	
755	1	C	10	N	2500	0	40	246	1143	61	34	24	0	0	0	0	0	0	0	0	0	0	0	0	4205778	
756	1	C	10	N	2500	0	40	27	59	2	1	1	0	0	0	0	0	0	0	0	0	0	0	0	4206246	
757	1	C	10	N	2500	0	40	294	1243	76	42	34	0	0	0	0	0	0	0	0	0	0	0	0	4206324	
758	1	C	10	N	2500	0	40	339	1183	55	31	21	0	0	0	0	0	0	0	0	0	0	0	0	4206621	
759	1	C	10	N	2500	0	40	85	95	8	8	8	0	0	0	0	0	0	0	0	0	0	0	0	4206761	
760	1	C	10	N	2500	0	40	167	263	33	13	17	0	0	0	0	0	0	0	0	0	0	0	0	4207323	
761	1	C	10	N	2500	0	40	23	33	2	2	2	0	0	0	0	0	0	0	0	0	0	0	0	4207697	
762	1	C	10	N	2500	0	40	29	65	1	1	0	0	0	0	0	0	0	0	0	0	0	0	0	4207713	
763	1	C	10	N	2500	0	40	338	1285	59	33	23	0	0	0	0	0	0	0	0	0	0	0	0	4207869	
764	1	C	11	N	2500	0	40	36	83	15	4	3	0	0	0	0	0	0	0	0	0	0	0	0	4215373	
765	1	C	11	N	2500	0	40	34	64	1	1	1	0	0	0	0	0	0	0	0	0	0	0	0	4215747	
766	1	C	11	N	2500	0	40	263	1468	85	41	27	0	0	0	0	0	0	0	0	0	0	0	0	4216231	
767	1	C	11	N	2500	0	40	350	1306	63	35	24	0	0	0	0	0	0	0	0	0	0	0	0	4216418	
768	1	C	11	N	2500	0	40	229	1194	87	37	24	0	0	0	0	0	0	0	0	0	0	0	0	4216543	
769	1	C	11	N	2500	0	40	23	32	1	0	1	0	0	0	0	0	0	0	0	0	0	0	0	4216761	
770	1	C	11	N	2500	0	40	306	1369	68	42	31	0	0	0	0	0	0	0	0	0	0	0	0	4216964	
771	1	C	11	N	2500	0	40	325	1304	69	32	24	0	0	0	0	0	0	0	0	0	0	0	0	4217026	
772	1	C	11	N	2500	0	40	366	1376	73	35	27	0	0	0	0	0	0	0	0	0	0	0	0	4217057	
773	1	C	11	N	2500	0	40	20	24	0	1	1	0	0	0	0	0	0	0	0	0	0	0	0	4217557	
774	1	C	11	N	2500	0	40	25	43	3	2	2	0	0	0	0	0	0	0	0	0	0	0	0	4218025	
775	1	C	11	N	2500	0	40	338	1229	69	35	21	0	0	0	0	0	0	0	0	0	0	0	0	4218399	
776	1	C	11	N	2500	0	40	364	1358	71	42	28	0	0	0	0	0	0	0	0	0	0	0	0	4218789	
777	1	C	11	N	2500	0	40	20	39	2	0	0	0	0	0	0	0	0	0	0	0	0	0	0	4218929	
778	1	C	11	N	2500	0	40	343	1383	70	34	23	0	0	0	0	0	0	0	0	0	0	0	0	4219085	
779	1	C	11	N	2500	0	40	230	1288	93	51	38	0	0	0	0	0	0	0	0	0	0	0	0	4219491	
780	1	C	11	N	2500	0	40	329	1212	58	36	27	0	0	0	0	0	0	0	0	0	0	0	0	4219522	
781	1	C	11	N	2500	0	40	285	1313	67	44	39	0	0	0	0	0	0	0	0	0	0	0	0	4219959	
782	1	C	11	N	2500	0	40	291	1166	63	33	24	0	0	0	0	0	0	0	0	0	0	0	0	4220115	
783	1	C	11	N	2500	0	40	267	1266	74	36	24	0	0	0	0	0	0	0	0	0	0	0	0	4220365	
784	1	C	11	N	2500	0	40	350	1079	63	27	20	0	0	0	0	0	0	0	0	0	0	0	0	4220989	
785	1	C	11	N	2500	0	40	345	1287	69	41	30	0	0	0	0	0	0	0	0	0	0	0	0	4221098	
786	1	C	11	N	2500	0	40	360	1276	63	35	29	0	0	0	0	0	0	0	0	0	0	0	0	4221659	
787	1	C	11	N	2500	0	40	358	1334	70	36	33	0	0	0	0	0	0	0	0	0	0	0	0	4221784	
788	1	C	11	N	2500	0	40	316	1269	65	31	22	0	0	0	0	0	0	0	0	0	0	0	0	4222252	
789	1	C	11	N	2500	0	40	297	1198	75	38	29	0	0	0	0	0	0	0	0	0	0	0	0	4222408	
790	1	C	11	N	2500	0	40	300	1141	62	30	21	0	0	0	0	0	0	0	0	0	0	0	0	4222673	
