Id	Plate	Row	Column	Clog	Scan rate	Status sort	Status sel	TOF	EXT	Green	Yellow	Red	PH Ext	PW Ext	PC Ext	PH Green	PW Green	PCGreen	PH Yellow	PW Yellow	PCYellow	PH Red	PW Red	PCRed	Time Stamp	
0	1	A	1	N	2500	0	40	61	363	36	1	0	0	0	0	0	0	0	0	0	0	0	0	0	5882058	
1	1	A	1	N	2500	0	40	32	54	12	0	0	0	0	0	0	0	0	0	0	0	0	0	0	5882432	
2	1	A	1	N	2500	0	40	27	25	1	0	0	0	0	0	0	0	0	0	0	0	0	0	0	5882947	
3	1	A	1	N	2500	0	40	24	23	0	0	0	0	0	0	0	0	0	0	0	0	0	0	0	5884445	
4	1	A	1	N	2500	0	40	504	1646	80	32	32	0	0	0	0	0	0	0	0	0	0	0	0	5884507	
5	1	A	1	N	2500	0	40	232	614	38	15	13	0	0	0	0	0	0	0	0	0	0	0	0	5884710	
6	1	A	1	N	2500	0	40	40	48	1	2	1	0	0	0	0	0	0	0	0	0	0	0	0	5884835	
7	1	A	1	N	2500	0	40	44	62	2	2	2	0	0	0	0	0	0	0	0	0	0	0	0	5885927	
8	1	A	1	N	2500	0	40	318	1400	86	39	33	0	0	0	0	0	0	0	0	0	0	0	0	5886629	
9	1	A	1	N	2500	0	40	42	107	7	6	8	0	0	0	0	0	0	0	0	0	0	0	0	5887986	
10	1	A	1	N	2500	0	40	47	214	22	1	1	0	0	0	0	0	0	0	0	0	0	0	0	5888033	
11	1	A	1	N	2500	0	40	72	236	15	13	15	0	0	0	0	0	0	0	0	0	0	0	0	5888142	
12	1	A	1	N	2500	0	40	81	191	10	7	9	0	0	0	0	0	0	0	0	0	0	0	0	5888142	
13	1	A	1	N	2500	0	40	91	428	54	46	54	0	0	0	0	0	0	0	0	0	0	0	0	5888360	
14	1	A	1	N	2500	0	40	480	1625	96	34	28	0	0	0	0	0	0	0	0	0	0	0	0	5889000	
15	1	A	2	N	2500	0	40	78	194	31	3	2	0	0	0	0	0	0	0	0	0	0	0	0	5896737	
16	1	A	2	N	2500	0	40	21	24	1	1	0	0	0	0	0	0	0	0	0	0	0	0	0	5897907	
17	1	A	2	N	2500	0	40	28	39	4	0	0	0	0	0	0	0	0	0	0	0	0	0	0	5898531	
18	1	A	2	N	2500	0	40	51	78	7	3	2	0	0	0	0	0	0	0	0	0	0	0	0	5898859	
19	1	A	2	N	2500	0	40	267	532	16	9	12	0	0	0	0	0	0	0	0	0	0	0	0	5899046	
20	1	A	2	N	2500	0	40	399	1069	52	22	23	0	0	0	0	0	0	0	0	0	0	0	0	5899623	
21	1	A	2	N	2500	0	40	518	1585	73	39	33	0	0	0	0	0	0	0	0	0	0	0	0	5900294	
22	1	A	2	N	2500	0	40	68	118	11	2	1	0	0	0	0	0	0	0	0	0	0	0	0	5900372	
23	1	A	2	N	2500	0	40	473	1212	65	27	25	0	0	0	0	0	0	0	0	0	0	0	0	5900435	
24	1	A	2	N	2500	0	40	240	462	19	11	12	0	0	0	0	0	0	0	0	0	0	0	0	5900466	
25	1	A	2	N	2500	0	40	333	1058	57	22	21	0	0	0	0	0	0	0	0	0	0	0	0	5900684	
26	1	A	2	N	2500	0	40	454	1334	61	34	29	0	0	0	0	0	0	0	0	0	0	0	0	5900918	
27	1	A	2	N	2500	0	40	398	1060	50	22	21	0	0	0	0	0	0	0	0	0	0	0	0	5901152	
28	1	A	2	N	2500	0	40	205	1022	75	29	26	0	0	0	0	0	0	0	0	0	0	0	0	5901823	
29	1	A	2	N	2500	0	40	62	110	12	2	1	0	0	0	0	0	0	0	0	0	0	0	0	5902057	
30	1	A	2	N	2500	0	40	51	120	2	1	1	0	0	0	0	0	0	0	0	0	0	0	0	5902229	
31	1	A	2	N	2500	0	40	54	105	4	5	6	0	0	0	0	0	0	0	0	0	0	0	0	5902587	
32	1	A	2	N	2500	0	40	28	27	2	0	0	0	0	0	0	0	0	0	0	0	0	0	0	5902712	
33	1	A	2	N	2500	0	40	222	819	31	18	15	0	0	0	0	0	0	0	0	0	0	0	0	5902821	
34	1	A	2	N	2500	0	40	54	75	4	4	3	0	0	0	0	0	0	0	0	0	0	0	0	5904038	
35	1	A	3	N	2500	0	40	97	672	73	1	2	0	0	0	0	0	0	0	0	0	0	0	0	5911370	
36	1	A	3	N	2500	0	40	24	28	3	1	0	0	0	0	0	0	0	0	0	0	0	0	0	5912603	
37	1	A	3	N	2500	0	40	364	1038	49	20	20	0	0	0	0	0	0	0	0	0	0	0	0	5912868	
38	1	A	3	N	2500	0	40	445	1069	55	24	24	0	0	0	0	0	0	0	0	0	0	0	0	5913507	
39	1	A	3	N	2500	0	40	393	945	41	20	20	0	0	0	0	0	0	0	0	0	0	0	0	5913866	
40	1	A	3	N	2500	0	40	271	1179	68	28	26	0	0	0	0	0	0	0	0	0	0	0	0	5914412	
41	1	A	3	N	2500	0	40	528	1488	80	41	39	0	0	0	0	0	0	0	0	0	0	0	0	5914880	
42	1	A	3	N	2500	0	40	28	29	4	1	1	0	0	0	0	0	0	0	0	0	0	0	0	5914989	
43	1	A	3	N	2500	0	40	205	298	14	13	14	0	0	0	0	0	0	0	0	0	0	0	0	5915208	
44	1	A	3	N	2500	0	40	21	28	3	0	0	0	0	0	0	0	0	0	0	0	0	0	0	5915286	
45	1	A	3	N	2500	0	40	262	836	54	23	22	0	0	0	0	0	0	0	0	0	0	0	0	5915301	
46	1	A	3	N	2500	0	40	395	966	54	21	19	0	0	0	0	0	0	0	0	0	0	0	0	5915598	
47	1	A	3	N	2500	0	40	29	43	5	1	2	0	0	0	0	0	0	0	0	0	0	0	0	5915925	
48	1	A	3	N	2500	0	40	274	1209	64	31	26	0	0	0	0	0	0	0	0	0	0	0	0	5916144	
49	1	A	3	N	2500	0	40	483	1240	66	30	27	0	0	0	0	0	0	0	0	0	0	0	0	5916175	
50	1	A	3	N	2500	0	40	204	1011	54	24	23	0	0	0	0	0	0	0	0	0	0	0	0	5917127	
51	1	A	3	N	2500	0	40	32	27	2	1	0	0	0	0	0	0	0	0	0	0	0	0	0	5917329	
52	1	A	3	N	2500	0	40	41	132	17	3	1	0	0	0	0	0	0	0	0	0	0	0	0	5917329	
53	1	A	3	N	2500	0	40	311	634	22	11	11	0	0	0	0	0	0	0	0	0	0	0	0	5917376	
54	1	A	3	N	2500	0	40	223	947	54	23	19	0	0	0	0	0	0	0	0	0	0	0	0	5918328	
55	1	A	3	N	2500	0	40	75	292	27	28	35	0	0	0	0	0	0	0	0	0	0	0	0	5918359	
56	1	A	4	N	2500	0	40	109	161	7	7	9	0	0	0	0	0	0	0	0	0	0	0	0	5926175	
57	1	A	4	N	2500	0	40	20	17	2	0	0	0	0	0	0	0	0	0	0	0	0	0	0	5926721	
58	1	A	4	N	2500	0	40	25	37	0	0	0	0	0	0	0	0	0	0	0	0	0	0	0	5927204	
59	1	A	4	N	2500	0	40	91	344	37	32	35	0	0	0	0	0	0	0	0	0	0	0	0	5927267	
60	1	A	4	N	2500	0	40	45	85	9	1	0	0	0	0	0	0	0	0	0	0	0	0	0	5927594	
61	1	A	4	N	2500	0	40	56	75	10	2	1	0	0	0	0	0	0	0	0	0	0	0	0	5927953	
62	1	A	4	N	2500	0	40	22	22	2	1	1	0	0	0	0	0	0	0	0	0	0	0	0	5928062	
63	1	A	4	N	2500	0	40	68	129	20	3	1	0	0	0	0	0	0	0	0	0	0	0	0	5928250	
64	1	A	4	N	2500	0	40	85	147	6	7	7	0	0	0	0	0	0	0	0	0	0	0	0	5928281	
65	1	A	4	N	2500	0	40	20	22	1	1	2	0	0	0	0	0	0	0	0	0	0	0	0	5928562	
66	1	A	4	N	2500	0	40	36	38	3	1	0	0	0	0	0	0	0	0	0	0	0	0	0	5929404	
67	1	A	4	N	2500	0	40	26	39	4	0	1	0	0	0	0	0	0	0	0	0	0	0	0	5929435	
68	1	A	4	N	2500	0	40	309	865	33	20	20	0	0	0	0	0	0	0	0	0	0	0	0	5929732	
69	1	A	4	N	2500	0	40	96	182	7	9	11	0	0	0	0	0	0	0	0	0	0	0	0	5930855	
70	1	A	4	N	2500	0	40	27	54	5	0	0	0	0	0	0	0	0	0	0	0	0	0	0	5930933	
71	1	A	4	N	2500	0	40	76	91	11	5	2	0	0	0	0	0	0	0	0	0	0	0	0	5931292	
72	1	A	4	N	2500	0	40	46	62	3	3	3	0	0	0	0	0	0	0	0	0	0	0	0	5931635	
73	1	A	4	N	2500	0	40	38	61	4	2	5	0	0	0	0	0	0	0	0	0	0	0	0	5931728	
74	1	A	4	N	2500	0	40	304	603	20	11	13	0	0	0	0	0	0	0	0	0	0	0	0	5932118	
75	1	A	4	N	2500	0	40	21	21	1	0	0	0	0	0	0	0	0	0	0	0	0	0	0	5932399	
76	1	A	4	N	2500	0	40	142	260	10	8	9	0	0	0	0	0	0	0	0	0	0	0	0	5932462	
77	1	A	4	N	2500	0	40	34	37	4	2	1	0	0	0	0	0	0	0	0	0	0	0	0	5932540	
78	1	A	5	N	2500	0	40	55	127	13	2	2	0	0	0	0	0	0	0	0	0	0	0	0	5940761	
79	1	A	5	N	2500	0	40	258	564	24	14	18	0	0	0	0	0	0	0	0	0	0	0	0	5942134	
80	1	A	5	N	2500	0	40	25	46	1	1	1	0	0	0	0	0	0	0	0	0	0	0	0	5943350	
81	1	A	5	N	2500	0	40	55	201	18	16	21	0	0	0	0	0	0	0	0	0	0	0	0	5944037	
82	1	A	5	N	2500	0	40	272	424	15	8	9	0	0	0	0	0	0	0	0	0	0	0	0	5944723	
83	1	A	5	N	2500	0	40	267	420	14	11	10	0	0	0	0	0	0	0	0	0	0	0	0	5944864	
84	1	A	5	N	2500	0	40	89	214	7	5	6	0	0	0	0	0	0	0	0	0	0	0	0	5945051	
85	1	A	5	N	2500	0	40	255	436	16	9	11	0	0	0	0	0	0	0	0	0	0	0	0	5945051	
86	1	A	5	N	2500	0	40	22	20	2	1	0	0	0	0	0	0	0	0	0	0	0	0	0	5945644	
87	1	A	5	N	2500	0	40	105	260	9	7	6	0	0	0	0	0	0	0	0	0	0	0	0	5947016	
88	1	A	5	N	2500	0	40	53	248	26	0	0	0	0	0	0	0	0	0	0	0	0	0	0	5947157	
89	1	A	5	N	2500	0	40	80	350	24	26	24	0	0	0	0	0	0	0	0	0	0	0	0	5947297	
90	1	A	5	N	2500	0	40	270	477	17	10	9	0	0	0	0	0	0	0	0	0	0	0	0	5947703	
91	1	A	6	N	2500	0	40	39	42	3	2	2	0	0	0	0	0	0	0	0	0	0	0	0	5960932	
92	1	A	7	N	2500	0	40	433	1418	60	32	27	0	0	0	0	0	0	0	0	0	0	0	0	5970728	
93	1	A	7	N	2500	0	40	361	1411	64	32	26	0	0	0	0	0	0	0	0	0	0	0	0	5970775	
94	1	A	7	N	2500	0	40	28	30	0	0	1	0	0	0	0	0	0	0	0	0	0	0	0	5970869	
95	1	A	7	N	2500	0	40	428	1383	65	32	25	0	0	0	0	0	0	0	0	0	0	0	0	5970916	
96	1	A	7	N	2500	0	40	427	1455	70	38	28	0	0	0	0	0	0	0	0	0	0	0	0	5971446	
97	1	A	7	N	2500	0	40	506	1716	81	46	38	0	0	0	0	0	0	0	0	0	0	0	0	5972054	
98	1	A	7	N	2500	0	40	28	30	1	1	0	0	0	0	0	0	0	0	0	0	0	0	0	5972616	
99	1	A	7	N	2500	0	40	326	1824	102	41	35	0	0	0	0	0	0	0	0	0	0	0	0	5973256	
100	1	A	7	N	2500	0	40	29	52	9	10	13	0	0	0	0	0	0	0	0	0	0	0	0	5973334	
101	1	A	7	N	2500	0	40	36	51	2	1	2	0	0	0	0	0	0	0	0	0	0	0	0	5973614	
102	1	A	7	N	2500	0	40	279	1114	67	37	29	0	0	0	0	0	0	0	0	0	0	0	0	5974004	
103	1	A	7	N	2500	0	40	379	1495	73	40	29	0	0	0	0	0	0	0	0	0	0	0	0	5974036	
104	1	A	7	N	2500	0	40	356	1240	76	44	36	0	0	0	0	0	0	0	0	0	0	0	0	5974270	
105	1	A	7	N	2500	0	40	20	20	0	0	0	0	0	0	0	0	0	0	0	0	0	0	0	5974394	
106	1	A	7	N	2500	0	40	80	72	7	8	9	0	0	0	0	0	0	0	0	0	0	0	0	5974613	
107	1	A	7	N	2500	0	40	479	1536	80	46	39	0	0	0	0	0	0	0	0	0	0	0	0	5975471	
108	1	A	7	N	2500	0	40	358	1439	73	39	33	0	0	0	0	0	0	0	0	0	0	0	0	5975564	
109	1	A	7	N	2500	0	40	100	157	12	12	15	0	0	0	0	0	0	0	0	0	0	0	0	5976142	
110	1	A	7	N	2500	0	40	25	28	1	1	1	0	0	0	0	0	0	0	0	0	0	0	0	5976188	
111	1	A	7	N	2500	0	40	457	1537	74	35	30	0	0	0	0	0	0	0	0	0	0	0	0	5976391	
112	1	A	7	N	2500	0	40	62	120	8	9	12	0	0	0	0	0	0	0	0	0	0	0	0	5976625	
113	1	A	7	N	2500	0	40	39	89	4	4	7	0	0	0	0	0	0	0	0	0	0	0	0	5976781	
114	1	A	8	N	2500	0	40	111	785	90	1	2	0	0	0	0	0	0	0	0	0	0	0	0	5985158	
115	1	A	8	N	2500	0	40	27	27	3	1	0	0	0	0	0	0	0	0	0	0	0	0	0	5985767	
116	1	A	8	N	2500	0	40	289	1186	56	28	22	0	0	0	0	0	0	0	0	0	0	0	0	5986562	
117	1	A	8	N	2500	0	40	29	50	5	1	0	0	0	0	0	0	0	0	0	0	0	0	0	5987077	
118	1	A	8	N	2500	0	40	395	1188	64	26	22	0	0	0	0	0	0	0	0	0	0	0	0	5987483	
119	1	A	8	N	2500	0	40	46	92	12	3	1	0	0	0	0	0	0	0	0	0	0	0	0	5988013	
120	1	A	8	N	2500	0	40	271	1250	87	30	25	0	0	0	0	0	0	0	0	0	0	0	0	5989105	
121	1	A	8	N	2500	0	40	448	1155	61	23	21	0	0	0	0	0	0	0	0	0	0	0	0	5991398	
122	1	A	9	N	2500	0	40	100	694	79	1	2	0	0	0	0	0	0	0	0	0	0	0	0	5999916	
123	1	A	9	N	2500	0	40	27	51	10	1	1	0	0	0	0	0	0	0	0	0	0	0	0	6000119	
124	1	A	9	N	2500	0	40	22	26	1	0	1	0	0	0	0	0	0	0	0	0	0	0	0	6001523	
125	1	A	9	N	2500	0	40	43	103	3	3	3	0	0	0	0	0	0	0	0	0	0	0	0	6003442	
126	1	A	9	N	2500	0	40	40	56	2	1	1	0	0	0	0	0	0	0	0	0	0	0	0	6003691	
127	1	A	9	N	2500	0	40	22	23	0	0	1	0	0	0	0	0	0	0	0	0	0	0	0	6004284	
128	1	A	9	N	2500	0	40	398	1210	63	25	26	0	0	0	0	0	0	0	0	0	0	0	0	6004612	
129	1	A	9	N	2500	0	40	23	34	2	2	2	0	0	0	0	0	0	0	0	0	0	0	0	6005095	
130	1	A	9	N	2500	0	40	261	1276	73	34	32	0	0	0	0	0	0	0	0	0	0	0	0	6005142	
131	1	A	9	N	2500	0	40	25	32	1	0	1	0	0	0	0	0	0	0	0	0	0	0	0	6005470	
132	1	A	9	N	2500	0	40	385	898	40	17	16	0	0	0	0	0	0	0	0	0	0	0	0	6005719	
133	1	A	9	N	2500	0	40	86	347	36	34	36	0	0	0	0	0	0	0	0	0	0	0	0	6006031	
134	1	A	9	N	2500	0	40	385	894	39	19	18	0	0	0	0	0	0	0	0	0	0	0	0	6006328	
135	1	A	10	N	2500	0	40	96	663	75	1	1	0	0	0	0	0	0	0	0	0	0	0	0	6014252	
136	1	A	10	N	2500	0	40	58	216	17	19	23	0	0	0	0	0	0	0	0	0	0	0	0	6015407	
137	1	A	10	N	2500	0	40	158	623	25	14	13	0	0	0	0	0	0	0	0	0	0	0	0	6016873	
138	1	A	10	N	2500	0	40	35	73	35	36	67	0	0	0	0	0	0	0	0	0	0	0	0	6016951	
139	1	A	10	N	2500	0	40	184	381	15	9	11	0	0	0	0	0	0	0	0	0	0	0	0	6017216	
140	1	A	10	N	2500	0	40	36	69	5	4	4	0	0	0	0	0	0	0	0	0	0	0	0	6018137	
141	1	A	10	N	2500	0	40	313	604	21	11	12	0	0	0	0	0	0	0	0	0	0	0	0	6018917	
142	1	A	10	N	2500	0	40	54	112	7	5	6	0	0	0	0	0	0	0	0	0	0	0	0	6018979	
143	1	A	10	N	2500	0	40	37	44	1	1	1	0	0	0	0	0	0	0	0	0	0	0	0	6019868	
144	1	A	10	N	2500	0	40	292	542	21	10	10	0	0	0	0	0	0	0	0	0	0	0	0	6020430	
145	1	A	10	N	2500	0	40	50	136	9	8	12	0	0	0	0	0	0	0	0	0	0	0	0	6021007	
146	1	A	10	N	2500	0	40	324	629	21	14	15	0	0	0	0	0	0	0	0	0	0	0	0	6021413	
147	1	A	11	N	2500	0	40	24	44	4	0	0	0	0	0	0	0	0	0	0	0	0	0	0	6029509	
148	1	A	11	N	2500	0	40	23	38	5	0	0	0	0	0	0	0	0	0	0	0	0	0	0	6029572	
149	1	A	11	N	2500	0	40	23	39	3	0	0	0	0	0	0	0	0	0	0	0	0	0	0	6029977	
150	1	A	11	N	2500	0	40	24	32	1	0	1	0	0	0	0	0	0	0	0	0	0	0	0	6031802	
151	1	A	11	N	2500	0	40	68	143	8	8	10	0	0	0	0	0	0	0	0	0	0	0	0	6033004	
152	1	A	11	N	2500	0	40	20	30	2	3	10	0	0	0	0	0	0	0	0	0	0	0	0	6033331	
153	1	A	11	N	2500	0	40	25	51	1	1	2	0	0	0	0	0	0	0	0	0	0	0	0	6034205	
154	1	A	11	N	2500	0	40	25	45	5	6	6	0	0	0	0	0	0	0	0	0	0	0	0	6034267	
155	1	A	12	N	2500	0	40	47	140	10	8	9	0	0	0	0	0	0	0	0	0	0	0	0	6048697	
156	1	A	12	N	2500	0	40	25	25	0	0	0	0	0	0	0	0	0	0	0	0	0	0	0	6049914	
157	1	B	1	N	2500	0	40	330	1368	111	42	32	0	0	0	0	0	0	0	0	0	0	0	0	6060429	
158	1	B	1	N	2500	0	40	268	1486	95	40	29	0	0	0	0	0	0	0	0	0	0	0	0	6060444	
159	1	B	1	N	2500	0	40	30	42	1	1	2	0	0	0	0	0	0	0	0	0	0	0	0	6060569	
160	1	B	1	N	2500	0	40	407	1462	95	35	30	0	0	0	0	0	0	0	0	0	0	0	0	6060616	
161	1	B	1	N	2500	0	40	36	41	3	1	0	0	0	0	0	0	0	0	0	0	0	0	0	6062098	
162	1	B	1	N	2500	0	40	56	58	3	1	2	0	0	0	0	0	0	0	0	0	0	0	0	6062191	
163	1	B	1	N	2500	0	40	22	27	1	1	1	0	0	0	0	0	0	0	0	0	0	0	0	6063237	
164	1	B	1	N	2500	0	40	26	43	7	7	7	0	0	0	0	0	0	0	0	0	0	0	0	6064531	
165	1	B	1	N	2500	0	40	35	36	0	1	1	0	0	0	0	0	0	0	0	0	0	0	0	6065311	
166	1	B	1	N	2500	0	40	21	30	1	1	1	0	0	0	0	0	0	0	0	0	0	0	0	6065452	
167	1	B	1	N	2500	0	40	39	82	5	4	7	0	0	0	0	0	0	0	0	0	0	0	0	6065623	
168	1	B	2	N	2500	0	40	61	118	10	1	1	0	0	0	0	0	0	0	0	0	0	0	0	6074905	
169	1	B	2	N	2500	0	40	29	28	1	0	0	0	0	0	0	0	0	0	0	0	0	0	0	6076029	
170	1	B	2	N	2500	0	40	68	184	32	3	2	0	0	0	0	0	0	0	0	0	0	0	0	6076387	
171	1	B	2	N	2500	0	40	43	44	4	0	1	0	0	0	0	0	0	0	0	0	0	0	0	6076902	
172	1	B	2	N	2500	0	40	32	76	5	5	7	0	0	0	0	0	0	0	0	0	0	0	0	6076980	
173	1	B	2	N	2500	0	40	24	22	1	1	1	0	0	0	0	0	0	0	0	0	0	0	0	6077199	
174	1	B	2	N	2500	0	40	29	28	1	1	1	0	0	0	0	0	0	0	0	0	0	0	0	6077199	
175	1	B	2	N	2500	0	40	41	49	3	1	1	0	0	0	0	0	0	0	0	0	0	0	0	6077214	
176	1	B	2	N	2500	0	40	563	1415	64	30	27	0	0	0	0	0	0	0	0	0	0	0	0	6077370	
177	1	B	2	N	2500	0	40	434	1154	62	24	20	0	0	0	0	0	0	0	0	0	0	0	0	6077932	
178	1	B	2	N	2500	0	40	21	17	1	0	0	0	0	0	0	0	0	0	0	0	0	0	0	6078431	
179	1	B	2	N	2500	0	40	26	34	1	1	1	0	0	0	0	0	0	0	0	0	0	0	0	6078821	
180	1	B	2	N	2500	0	40	366	889	38	16	15	0	0	0	0	0	0	0	0	0	0	0	0	6079601	
181	1	B	2	N	2500	0	40	26	37	1	1	1	0	0	0	0	0	0	0	0	0	0	0	0	6080256	
182	1	B	2	N	2500	0	40	26	26	1	1	2	0	0	0	0	0	0	0	0	0	0	0	0	6080553	
183	1	B	3	N	2500	0	40	49	104	8	6	7	0	0	0	0	0	0	0	0	0	0	0	0	6090739	
184	1	B	3	N	2500	0	40	25	35	1	1	2	0	0	0	0	0	0	0	0	0	0	0	0	6090895	
185	1	B	3	N	2500	0	40	46	100	9	2	3	0	0	0	0	0	0	0	0	0	0	0	0	6091644	
186	1	B	3	N	2500	0	40	374	944	41	19	20	0	0	0	0	0	0	0	0	0	0	0	0	6091847	
187	1	B	3	N	2500	0	40	444	1009	53	28	29	0	0	0	0	0	0	0	0	0	0	0	0	6092299	
188	1	B	3	N	2500	0	40	342	787	31	17	19	0	0	0	0	0	0	0	0	0	0	0	0	6095435	
189	1	B	3	N	2500	0	40	39	68	2	2	3	0	0	0	0	0	0	0	0	0	0	0	0	6096371	
190	1	B	3	N	2500	0	40	21	20	1	0	0	0	0	0	0	0	0	0	0	0	0	0	0	6096480	
191	1	B	4	N	2500	0	40	98	173	27	4	3	0	0	0	0	0	0	0	0	0	0	0	0	6104280	
192	1	B	4	N	2500	0	40	55	157	10	10	11	0	0	0	0	0	0	0	0	0	0	0	0	6104436	
193	1	B	4	N	2500	0	40	41	84	6	5	5	0	0	0	0	0	0	0	0	0	0	0	0	6104483	
194	1	B	4	N	2500	0	40	36	118	12	0	0	0	0	0	0	0	0	0	0	0	0	0	0	6104608	
195	1	B	4	N	2500	0	40	47	105	12	1	1	0	0	0	0	0	0	0	0	0	0	0	0	6105622	
196	1	B	4	N	2500	0	40	70	132	11	2	2	0	0	0	0	0	0	0	0	0	0	0	0	6105653	
197	1	B	4	N	2500	0	40	40	93	9	1	1	0	0	0	0	0	0	0	0	0	0	0	0	6105669	
198	1	B	4	N	2500	0	40	100	352	57	7	6	0	0	0	0	0	0	0	0	0	0	0	0	6105918	
199	1	B	4	N	2500	0	40	23	24	2	0	0	0	0	0	0	0	0	0	0	0	0	0	0	6106043	
200	1	B	4	N	2500	0	40	159	248	12	10	11	0	0	0	0	0	0	0	0	0	0	0	0	6106059	
201	1	B	4	N	2500	0	40	355	764	38	16	21	0	0	0	0	0	0	0	0	0	0	0	0	6106137	
202	1	B	4	N	2500	0	40	69	196	15	14	18	0	0	0	0	0	0	0	0	0	0	0	0	6106183	
203	1	B	4	N	2500	0	40	349	721	28	15	16	0	0	0	0	0	0	0	0	0	0	0	0	6107151	
204	1	B	4	N	2500	0	40	25	23	0	0	0	0	0	0	0	0	0	0	0	0	0	0	0	6107431	
205	1	B	4	N	2500	0	40	44	86	4	2	3	0	0	0	0	0	0	0	0	0	0	0	0	6107806	
206	1	B	4	N	2500	0	40	23	48	1	0	0	0	0	0	0	0	0	0	0	0	0	0	0	6108882	
207	1	B	4	N	2500	0	40	32	52	3	2	2	0	0	0	0	0	0	0	0	0	0	0	0	6109241	
208	1	B	4	N	2500	0	40	88	427	35	42	50	0	0	0	0	0	0	0	0	0	0	0	0	6109818	
209	1	B	4	N	2500	0	40	21	25	1	1	1	0	0	0	0	0	0	0	0	0	0	0	0	6110068	
210	1	B	4	N	2500	0	40	56	189	14	15	16	0	0	0	0	0	0	0	0	0	0	0	0	6110224	
211	1	B	4	N	2500	0	40	65	104	3	3	4	0	0	0	0	0	0	0	0	0	0	0	0	6111035	
212	1	B	4	N	2500	0	40	171	228	6	4	6	0	0	0	0	0	0	0	0	0	0	0	0	6111144	
213	1	B	5	N	2500	0	40	26	27	2	0	1	0	0	0	0	0	0	0	0	0	0	0	0	6118726	
214	1	B	5	N	2500	0	40	27	65	6	0	0	0	0	0	0	0	0	0	0	0	0	0	0	6118819	
215	1	B	5	N	2500	0	40	76	169	17	4	3	0	0	0	0	0	0	0	0	0	0	0	0	6119397	
216	1	B	5	N	2500	0	40	52	80	7	1	1	0	0	0	0	0	0	0	0	0	0	0	0	6119833	
217	1	B	5	N	2500	0	40	20	32	3	0	0	0	0	0	0	0	0	0	0	0	0	0	0	6120145	
218	1	B	5	N	2500	0	40	25	27	2	1	1	0	0	0	0	0	0	0	0	0	0	0	0	6121144	
219	1	B	5	N	2500	0	40	263	353	12	7	7	0	0	0	0	0	0	0	0	0	0	0	0	6121191	
220	1	B	5	N	2500	0	40	25	45	3	2	3	0	0	0	0	0	0	0	0	0	0	0	0	6121425	
221	1	B	5	N	2500	0	40	61	171	14	19	17	0	0	0	0	0	0	0	0	0	0	0	0	6121596	
222	1	B	5	N	2500	0	40	23	25	0	1	1	0	0	0	0	0	0	0	0	0	0	0	0	6123297	
223	1	B	5	N	2500	0	40	51	62	5	2	2	0	0	0	0	0	0	0	0	0	0	0	0	6123312	
224	1	B	5	N	2500	0	40	162	277	8	5	8	0	0	0	0	0	0	0	0	0	0	0	0	6123312	
225	1	B	5	N	2500	0	40	22	29	1	1	1	0	0	0	0	0	0	0	0	0	0	0	0	6123749	
226	1	B	5	N	2500	0	40	194	293	9	6	8	0	0	0	0	0	0	0	0	0	0	0	0	6124311	
227	1	B	5	N	2500	0	40	40	105	8	10	10	0	0	0	0	0	0	0	0	0	0	0	0	6124357	
228	1	B	5	N	2500	0	40	23	21	0	1	0	0	0	0	0	0	0	0	0	0	0	0	0	6124451	
229	1	B	5	N	2500	0	40	35	46	2	2	3	0	0	0	0	0	0	0	0	0	0	0	0	6124591	
230	1	B	5	N	2500	0	40	43	55	2	2	4	0	0	0	0	0	0	0	0	0	0	0	0	6124669	
231	1	B	5	N	2500	0	40	22	20	1	0	0	0	0	0	0	0	0	0	0	0	0	0	0	6124685	
232	1	B	5	N	2500	0	40	63	98	2	2	4	0	0	0	0	0	0	0	0	0	0	0	0	6125122	
233	1	B	5	N	2500	0	40	53	116	7	8	11	0	0	0	0	0	0	0	0	0	0	0	0	6125683	
234	1	B	6	N	2500	0	40	43	130	14	0	1	0	0	0	0	0	0	0	0	0	0	0	0	6133390	
235	1	B	6	N	2500	0	40	48	219	21	0	0	0	0	0	0	0	0	0	0	0	0	0	0	6133842	
236	1	B	6	N	2500	0	40	37	80	6	4	5	0	0	0	0	0	0	0	0	0	0	0	0	6134154	
237	1	B	7	N	2500	0	40	500	1595	92	36	28	0	0	0	0	0	0	0	0	0	0	0	0	6148335	
238	1	B	7	N	2500	0	40	27	25	2	0	0	0	0	0	0	0	0	0	0	0	0	0	0	6148444	
239	1	B	7	N	2500	0	40	50	69	5	1	1	0	0	0	0	0	0	0	0	0	0	0	0	6148444	
240	1	B	7	N	2500	0	40	52	83	6	2	2	0	0	0	0	0	0	0	0	0	0	0	0	6148444	
241	1	B	7	N	2500	0	40	315	1413	102	38	31	0	0	0	0	0	0	0	0	0	0	0	0	6148522	
242	1	B	7	N	2500	0	40	49	154	10	11	13	0	0	0	0	0	0	0	0	0	0	0	0	6148896	
243	1	B	7	N	2500	0	40	48	140	10	8	10	0	0	0	0	0	0	0	0	0	0	0	0	6148974	
244	1	B	7	N	2500	0	40	55	83	6	2	1	0	0	0	0	0	0	0	0	0	0	0	0	6149005	
245	1	B	7	N	2500	0	40	67	128	13	1	1	0	0	0	0	0	0	0	0	0	0	0	0	6149193	
246	1	B	7	N	2500	0	40	38	33	3	1	1	0	0	0	0	0	0	0	0	0	0	0	0	6149255	
247	1	B	7	N	2500	0	40	40	40	3	1	0	0	0	0	0	0	0	0	0	0	0	0	0	6149661	
248	1	B	7	N	2500	0	40	50	149	15	2	1	0	0	0	0	0	0	0	0	0	0	0	0	6149801	
249	1	B	7	N	2500	0	40	47	48	5	1	1	0	0	0	0	0	0	0	0	0	0	0	0	6149801	
250	1	B	7	N	2500	0	40	76	215	16	15	19	0	0	0	0	0	0	0	0	0	0	0	0	6149848	
251	1	B	7	N	2500	0	40	24	23	2	1	1	0	0	0	0	0	0	0	0	0	0	0	0	6150020	
252	1	B	7	N	2500	0	40	449	1504	79	30	24	0	0	0	0	0	0	0	0	0	0	0	0	6150706	
253	1	B	7	N	2500	0	40	76	159	13	5	3	0	0	0	0	0	0	0	0	0	0	0	0	6151268	
254	1	B	7	N	2500	0	40	29	50	2	2	3	0	0	0	0	0	0	0	0	0	0	0	0	6151283	
255	1	B	7	N	2500	0	40	49	117	8	8	7	0	0	0	0	0	0	0	0	0	0	0	0	6151299	
256	1	B	7	N	2500	0	40	323	1614	102	40	29	0	0	0	0	0	0	0	0	0	0	0	0	6151767	
257	1	B	7	N	2500	0	40	436	1451	65	32	23	0	0	0	0	0	0	0	0	0	0	0	0	6151892	
258	1	B	7	N	2500	0	40	71	190	14	12	13	0	0	0	0	0	0	0	0	0	0	0	0	6152157	
259	1	B	7	N	2500	0	40	339	1381	102	38	31	0	0	0	0	0	0	0	0	0	0	0	0	6152204	
260	1	B	7	N	2500	0	40	20	20	1	0	0	0	0	0	0	0	0	0	0	0	0	0	0	6152594	
261	1	B	7	N	2500	0	40	66	269	24	25	28	0	0	0	0	0	0	0	0	0	0	0	0	6152812	
262	1	B	7	N	2500	0	40	24	40	1	1	2	0	0	0	0	0	0	0	0	0	0	0	0	6152890	
263	1	B	7	N	2500	0	40	49	47	5	1	1	0	0	0	0	0	0	0	0	0	0	0	0	6153046	
264	1	B	7	N	2500	0	40	409	1297	66	27	21	0	0	0	0	0	0	0	0	0	0	0	0	6153576	
265	1	B	7	N	2500	0	40	25	25	0	1	1	0	0	0	0	0	0	0	0	0	0	0	0	6153639	
266	1	B	8	N	2500	0	40	38	63	13	11	16	0	0	0	0	0	0	0	0	0	0	0	0	6163545	
267	1	B	8	N	2500	0	40	47	204	21	0	0	0	0	0	0	0	0	0	0	0	0	0	0	6163607	
268	1	B	8	N	2500	0	40	23	23	1	0	0	0	0	0	0	0	0	0	0	0	0	0	0	6163701	
269	1	B	8	N	2500	0	40	404	1129	52	24	18	0	0	0	0	0	0	0	0	0	0	0	0	6164543	
270	1	B	8	N	2500	0	40	35	60	2	1	2	0	0	0	0	0	0	0	0	0	0	0	0	6164840	
271	1	B	8	N	2500	0	40	61	73	7	2	1	0	0	0	0	0	0	0	0	0	0	0	0	6165120	
272	1	B	8	N	2500	0	40	123	410	59	13	6	0	0	0	0	0	0	0	0	0	0	0	0	6165245	
273	1	B	8	N	2500	0	40	381	827	30	14	14	0	0	0	0	0	0	0	0	0	0	0	0	6165245	
274	1	B	8	N	2500	0	40	72	167	14	5	4	0	0	0	0	0	0	0	0	0	0	0	0	6165635	
275	1	B	8	N	2500	0	40	31	34	2	1	0	0	0	0	0	0	0	0	0	0	0	0	0	6165635	
276	1	B	8	N	2500	0	40	28	29	3	1	1	0	0	0	0	0	0	0	0	0	0	0	0	6165900	
277	1	B	8	N	2500	0	40	421	1130	53	24	20	0	0	0	0	0	0	0	0	0	0	0	0	6165963	
278	1	B	8	N	2500	0	40	35	47	4	1	0	0	0	0	0	0	0	0	0	0	0	0	0	6166868	
279	1	B	8	N	2500	0	40	404	1100	53	22	19	0	0	0	0	0	0	0	0	0	0	0	0	6167538	
280	1	B	8	N	2500	0	40	333	1108	50	24	19	0	0	0	0	0	0	0	0	0	0	0	0	6167663	
281	1	B	8	N	2500	0	40	26	35	2	1	2	0	0	0	0	0	0	0	0	0	0	0	0	6168006	
282	1	B	8	N	2500	0	40	33	43	1	1	1	0	0	0	0	0	0	0	0	0	0	0	0	6168693	
283	1	B	8	N	2500	0	40	260	1015	55	22	18	0	0	0	0	0	0	0	0	0	0	0	0	6168896	
284	1	B	8	N	2500	0	40	23	24	1	0	0	0	0	0	0	0	0	0	0	0	0	0	0	6169894	
285	1	B	9	N	2500	0	40	55	90	7	0	0	0	0	0	0	0	0	0	0	0	0	0	0	6177569	
286	1	B	9	N	2500	0	40	195	753	27	15	15	0	0	0	0	0	0	0	0	0	0	0	0	6178412	
287	1	B	9	N	2500	0	40	36	37	3	1	0	0	0	0	0	0	0	0	0	0	0	0	0	6179348	
288	1	B	9	N	2500	0	40	54	197	18	18	18	0	0	0	0	0	0	0	0	0	0	0	0	6180096	
289	1	B	9	N	2500	0	40	25	38	3	1	1	0	0	0	0	0	0	0	0	0	0	0	0	6180268	
290	1	B	9	N	2500	0	40	615	1877	94	35	35	0	0	0	0	0	0	0	0	0	0	0	0	6180580	
291	1	B	9	N	2500	0	40	21	19	1	0	0	0	0	0	0	0	0	0	0	0	0	0	0	6181173	
292	1	B	9	N	2500	0	40	344	924	43	19	17	0	0	0	0	0	0	0	0	0	0	0	0	6181313	
293	1	B	9	N	2500	0	40	327	690	24	12	14	0	0	0	0	0	0	0	0	0	0	0	0	6181734	
294	1	B	9	N	2500	0	40	27	34	2	1	1	0	0	0	0	0	0	0	0	0	0	0	0	6182093	
295	1	B	9	N	2500	0	40	20	19	0	0	1	0	0	0	0	0	0	0	0	0	0	0	0	6182577	
296	1	B	9	N	2500	0	40	28	57	2	2	1	0	0	0	0	0	0	0	0	0	0	0	0	6182655	
297	1	B	9	N	2500	0	40	398	1187	67	25	24	0	0	0	0	0	0	0	0	0	0	0	0	6183185	
298	1	B	9	N	2500	0	40	387	1236	59	27	23	0	0	0	0	0	0	0	0	0	0	0	0	6183497	
299	1	B	9	N	2500	0	40	24	29	1	1	2	0	0	0	0	0	0	0	0	0	0	0	0	6183528	
300	1	B	9	N	2500	0	40	21	21	0	0	0	0	0	0	0	0	0	0	0	0	0	0	0	6184776	
301	1	B	9	N	2500	0	40	26	32	2	1	1	0	0	0	0	0	0	0	0	0	0	0	0	6185073	
302	1	B	10	N	2500	0	40	41	111	6	7	8	0	0	0	0	0	0	0	0	0	0	0	0	6193840	
303	1	B	10	N	2500	0	40	344	696	25	12	14	0	0	0	0	0	0	0	0	0	0	0	0	6193887	
304	1	B	10	N	2500	0	40	57	95	7	2	0	0	0	0	0	0	0	0	0	0	0	0	0	6194090	
305	1	B	10	N	2500	0	40	34	40	3	2	2	0	0	0	0	0	0	0	0	0	0	0	0	6194495	
306	1	B	10	N	2500	0	40	44	111	10	2	2	0	0	0	0	0	0	0	0	0	0	0	0	6194994	
307	1	B	10	N	2500	0	40	386	1042	44	20	20	0	0	0	0	0	0	0	0	0	0	0	0	6195197	
308	1	B	10	N	2500	0	40	31	50	2	2	2	0	0	0	0	0	0	0	0	0	0	0	0	6195634	
309	1	B	10	N	2500	0	40	190	658	26	13	16	0	0	0	0	0	0	0	0	0	0	0	0	6195837	
310	1	B	10	N	2500	0	40	36	67	4	3	3	0	0	0	0	0	0	0	0	0	0	0	0	6196586	
311	1	B	10	N	2500	0	40	54	135	12	7	8	0	0	0	0	0	0	0	0	0	0	0	0	6196851	
312	1	B	10	N	2500	0	40	297	542	18	10	12	0	0	0	0	0	0	0	0	0	0	0	0	6197069	
313	1	B	10	N	2500	0	40	238	698	28	14	13	0	0	0	0	0	0	0	0	0	0	0	0	6197116	
314	1	B	10	N	2500	0	40	346	656	20	12	13	0	0	0	0	0	0	0	0	0	0	0	0	6197225	
315	1	B	10	N	2500	0	40	363	850	36	15	16	0	0	0	0	0	0	0	0	0	0	0	0	6198442	
316	1	B	10	N	2500	0	40	283	569	20	11	11	0	0	0	0	0	0	0	0	0	0	0	0	6199331	
317	1	B	11	N	2500	0	40	58	125	9	1	1	0	0	0	0	0	0	0	0	0	0	0	0	6207396	
318	1	B	11	N	2500	0	40	85	202	15	4	1	0	0	0	0	0	0	0	0	0	0	0	0	6207396	
319	1	B	11	N	2500	0	40	32	31	3	0	0	0	0	0	0	0	0	0	0	0	0	0	0	6207818	
320	1	B	11	N	2500	0	40	21	21	1	0	0	0	0	0	0	0	0	0	0	0	0	0	0	6207818	
321	1	B	11	N	2500	0	40	26	42	3	0	0	0	0	0	0	0	0	0	0	0	0	0	0	6208114	
322	1	B	11	N	2500	0	40	34	31	2	0	1	0	0	0	0	0	0	0	0	0	0	0	0	6208286	
323	1	B	11	N	2500	0	40	210	472	15	10	12	0	0	0	0	0	0	0	0	0	0	0	0	6208754	
324	1	B	11	N	2500	0	40	107	239	30	5	4	0	0	0	0	0	0	0	0	0	0	0	0	6208785	
325	1	B	11	N	2500	0	40	24	27	1	0	0	0	0	0	0	0	0	0	0	0	0	0	0	6209081	
326	1	B	11	N	2500	0	40	26	37	1	1	1	0	0	0	0	0	0	0	0	0	0	0	0	6209112	
327	1	B	11	N	2500	0	40	33	54	7	0	1	0	0	0	0	0	0	0	0	0	0	0	0	6209159	
328	1	B	11	N	2500	0	40	193	256	6	3	7	0	0	0	0	0	0	0	0	0	0	0	0	6209892	
329	1	B	11	N	2500	0	40	65	301	30	28	31	0	0	0	0	0	0	0	0	0	0	0	0	6209908	
330	1	B	11	N	2500	0	40	108	202	21	3	3	0	0	0	0	0	0	0	0	0	0	0	0	6210236	
331	1	B	11	N	2500	0	40	26	29	2	1	2	0	0	0	0	0	0	0	0	0	0	0	0	6210298	
332	1	B	11	N	2500	0	40	23	27	0	0	0	0	0	0	0	0	0	0	0	0	0	0	0	6210532	
333	1	B	11	N	2500	0	40	36	36	2	0	0	0	0	0	0	0	0	0	0	0	0	0	0	6210969	
334	1	B	11	N	2500	0	40	309	549	23	10	12	0	0	0	0	0	0	0	0	0	0	0	0	6211047	
335	1	B	11	N	2500	0	40	121	317	13	6	7	0	0	0	0	0	0	0	0	0	0	0	0	6211546	
336	1	B	11	N	2500	0	40	28	34	2	0	1	0	0	0	0	0	0	0	0	0	0	0	0	6211936	
337	1	B	11	N	2500	0	40	41	46	3	1	0	0	0	0	0	0	0	0	0	0	0	0	0	6212076	
338	1	B	11	N	2500	0	40	20	20	0	0	1	0	0	0	0	0	0	0	0	0	0	0	0	6212154	
339	1	B	11	N	2500	0	40	33	50	2	3	4	0	0	0	0	0	0	0	0	0	0	0	0	6212576	
340	1	B	11	N	2500	0	40	274	432	16	10	10	0	0	0	0	0	0	0	0	0	0	0	0	6212669	
341	1	B	11	N	2500	0	40	119	332	13	7	5	0	0	0	0	0	0	0	0	0	0	0	0	6212903	
342	1	B	11	N	2500	0	40	38	83	6	7	8	0	0	0	0	0	0	0	0	0	0	0	0	6214354	
343	1	B	12	N	2500	0	40	36	80	7	1	1	0	0	0	0	0	0	0	0	0	0	0	0	6222716	
344	1	B	12	N	2500	0	40	21	23	1	0	0	0	0	0	0	0	0	0	0	0	0	0	0	6225524	
345	1	B	12	N	2500	0	40	47	60	6	1	1	0	0	0	0	0	0	0	0	0	0	0	0	6226616	
346	1	B	12	N	2500	0	40	26	33	2	1	2	0	0	0	0	0	0	0	0	0	0	0	0	6226662	
347	1	B	12	N	2500	0	40	21	17	1	0	0	0	0	0	0	0	0	0	0	0	0	0	0	6228238	
348	1	C	1	N	2500	0	40	21	21	0	0	1	0	0	0	0	0	0	0	0	0	0	0	0	6237879	
349	1	C	1	N	2500	0	40	35	46	2	2	2	0	0	0	0	0	0	0	0	0	0	0	0	6238409	
350	1	C	1	N	2500	0	40	502	1632	75	45	35	0	0	0	0	0	0	0	0	0	0	0	0	6238534	
351	1	C	1	N	2500	0	40	28	47	2	1	2	0	0	0	0	0	0	0	0	0	0	0	0	6238565	
352	1	C	1	N	2500	0	40	111	255	25	8	5	0	0	0	0	0	0	0	0	0	0	0	0	6239236	
353	1	C	1	N	2500	0	40	31	50	1	1	1	0	0	0	0	0	0	0	0	0	0	0	0	6239657	
354	1	C	1	N	2500	0	40	260	1327	73	30	21	0	0	0	0	0	0	0	0	0	0	0	0	6240000	
355	1	C	1	N	2500	0	40	34	44	2	1	2	0	0	0	0	0	0	0	0	0	0	0	0	6241716	
356	1	C	1	N	2500	0	40	429	1397	68	32	24	0	0	0	0	0	0	0	0	0	0	0	0	6242060	
357	1	C	1	N	2500	0	40	24	42	2	1	1	0	0	0	0	0	0	0	0	0	0	0	0	6242106	
358	1	C	1	N	2500	0	40	294	1443	83	38	29	0	0	0	0	0	0	0	0	0	0	0	0	6242418	
359	1	C	1	N	2500	0	40	62	141	13	5	4	0	0	0	0	0	0	0	0	0	0	0	0	6242481	
360	1	C	1	N	2500	0	40	230	1304	66	32	25	0	0	0	0	0	0	0	0	0	0	0	0	6242808	
361	1	C	1	N	2500	0	40	52	106	8	8	9	0	0	0	0	0	0	0	0	0	0	0	0	6243136	
362	1	C	1	N	2500	0	40	32	30	1	1	0	0	0	0	0	0	0	0	0	0	0	0	0	6243432	
363	1	C	1	N	2500	0	40	24	26	1	0	0	0	0	0	0	0	0	0	0	0	0	0	0	6243432	
364	1	C	1	N	2500	0	40	28	50	4	4	3	0	0	0	0	0	0	0	0	0	0	0	0	6243807	
365	1	C	1	N	2500	0	40	24	50	4	4	3	0	0	0	0	0	0	0	0	0	0	0	0	6243807	
366	1	C	1	N	2500	0	40	23	32	1	1	1	0	0	0	0	0	0	0	0	0	0	0	0	6244353	
367	1	C	1	N	2500	0	40	24	32	2	1	3	0	0	0	0	0	0	0	0	0	0	0	0	6244992	
368	1	C	2	N	2500	0	40	26	30	1	0	1	0	0	0	0	0	0	0	0	0	0	0	0	6252636	
369	1	C	2	N	2500	0	40	28	46	4	1	1	0	0	0	0	0	0	0	0	0	0	0	0	6252699	
370	1	C	2	N	2500	0	40	326	1059	72	28	25	0	0	0	0	0	0	0	0	0	0	0	0	6252933	
371	1	C	2	N	2500	0	40	38	63	9	0	0	0	0	0	0	0	0	0	0	0	0	0	0	6253448	
372	1	C	2	N	2500	0	40	20	28	2	0	0	0	0	0	0	0	0	0	0	0	0	0	0	6253604	
373	1	C	2	N	2500	0	40	42	74	7	3	1	0	0	0	0	0	0	0	0	0	0	0	0	6253650	
374	1	C	2	N	2500	0	40	34	38	1	1	1	0	0	0	0	0	0	0	0	0	0	0	0	6254898	
375	1	C	2	N	2500	0	40	281	945	50	22	20	0	0	0	0	0	0	0	0	0	0	0	0	6255242	
376	1	C	2	N	2500	0	40	33	54	15	17	17	0	0	0	0	0	0	0	0	0	0	0	0	6255242	
377	1	C	2	N	2500	0	40	304	1060	68	29	26	0	0	0	0	0	0	0	0	0	0	0	0	6257410	
378	1	C	2	N	2500	0	40	414	1452	79	34	27	0	0	0	0	0	0	0	0	0	0	0	0	6257504	
379	1	C	2	N	2500	0	40	37	72	4	3	4	0	0	0	0	0	0	0	0	0	0	0	0	6257644	
380	1	C	2	N	2500	0	40	23	33	8	7	6	0	0	0	0	0	0	0	0	0	0	0	0	6257722	
381	1	C	2	N	2500	0	40	376	1090	62	28	26	0	0	0	0	0	0	0	0	0	0	0	0	6258065	
382	1	C	2	N	2500	0	40	67	251	23	23	25	0	0	0	0	0	0	0	0	0	0	0	0	6258330	
383	1	C	2	N	2500	0	40	371	848	33	16	16	0	0	0	0	0	0	0	0	0	0	0	0	6258736	
384	1	C	2	N	2500	0	40	355	885	41	19	14	0	0	0	0	0	0	0	0	0	0	0	0	6259532	
385	1	C	3	N	2500	0	40	23	40	3	2	1	0	0	0	0	0	0	0	0	0	0	0	0	6267847	
386	1	C	3	N	2500	0	40	220	1059	61	31	23	0	0	0	0	0	0	0	0	0	0	0	0	6267925	
387	1	C	3	N	2500	0	40	336	836	40	17	16	0	0	0	0	0	0	0	0	0	0	0	0	6269001	
388	1	C	3	N	2500	0	40	20	17	0	0	0	0	0	0	0	0	0	0	0	0	0	0	0	6269017	
389	1	C	3	N	2500	0	40	430	1144	54	26	27	0	0	0	0	0	0	0	0	0	0	0	0	6269282	
390	1	C	3	N	2500	0	40	24	52	2	0	1	0	0	0	0	0	0	0	0	0	0	0	0	6269859	
391	1	C	3	N	2500	0	40	23	39	1	1	1	0	0	0	0	0	0	0	0	0	0	0	0	6270249	
392	1	C	3	N	2500	0	40	445	1255	72	30	31	0	0	0	0	0	0	0	0	0	0	0	0	6271216	
393	1	C	3	N	2500	0	40	69	161	8	8	10	0	0	0	0	0	0	0	0	0	0	0	0	6271871	
394	1	C	3	N	2500	0	40	26	39	1	1	1	0	0	0	0	0	0	0	0	0	0	0	0	6271996	
395	1	C	3	N	2500	0	40	26	50	5	4	5	0	0	0	0	0	0	0	0	0	0	0	0	6272121	
396	1	C	3	N	2500	0	40	359	1068	54	24	25	0	0	0	0	0	0	0	0	0	0	0	0	6272183	
397	1	C	3	N	2500	0	40	281	1154	71	32	30	0	0	0	0	0	0	0	0	0	0	0	0	6272199	
398	1	C	3	N	2500	0	40	28	39	1	1	2	0	0	0	0	0	0	0	0	0	0	0	0	6272308	
399	1	C	3	N	2500	0	40	33	68	2	1	1	0	0	0	0	0	0	0	0	0	0	0	0	6273229	
400	1	C	3	N	2500	0	40	303	827	49	20	19	0	0	0	0	0	0	0	0	0	0	0	0	6273353	
401	1	C	3	N	2500	0	40	25	48	3	2	2	0	0	0	0	0	0	0	0	0	0	0	0	6273416	
402	1	C	3	N	2500	0	40	53	148	15	13	15	0	0	0	0	0	0	0	0	0	0	0	0	6274289	
403	1	C	4	N	2500	0	40	44	75	6	1	1	0	0	0	0	0	0	0	0	0	0	0	0	6283088	
404	1	C	4	N	2500	0	40	311	664	25	15	16	0	0	0	0	0	0	0	0	0	0	0	0	6284663	
405	1	C	4	N	2500	0	40	23	49	2	0	1	0	0	0	0	0	0	0	0	0	0	0	0	6285053	
406	1	C	4	N	2500	0	40	324	735	27	19	15	0	0	0	0	0	0	0	0	0	0	0	0	6285319	
407	1	C	4	N	2500	0	40	40	106	10	8	9	0	0	0	0	0	0	0	0	0	0	0	0	6286816	
408	1	C	4	N	2500	0	40	167	692	34	15	12	0	0	0	0	0	0	0	0	0	0	0	0	6287222	
409	1	C	4	N	2500	0	40	375	876	35	19	19	0	0	0	0	0	0	0	0	0	0	0	0	6287300	
410	1	C	4	N	2500	0	40	517	1162	53	26	25	0	0	0	0	0	0	0	0	0	0	0	0	6287549	
411	1	C	4	N	2500	0	40	34	68	1	1	1	0	0	0	0	0	0	0	0	0	0	0	0	6287627	
412	1	C	4	N	2500	0	40	350	541	23	11	11	0	0	0	0	0	0	0	0	0	0	0	0	6287659	
413	1	C	4	N	2500	0	40	347	688	28	14	14	0	0	0	0	0	0	0	0	0	0	0	0	6288158	
414	1	C	4	N	2500	0	40	273	712	33	21	18	0	0	0	0	0	0	0	0	0	0	0	0	6288220	
415	1	C	5	N	2500	0	40	43	80	7	1	1	0	0	0	0	0	0	0	0	0	0	0	0	6296582	
416	1	C	5	N	2500	0	40	28	42	3	0	0	0	0	0	0	0	0	0	0	0	0	0	0	6297003	
417	1	C	5	N	2500	0	40	22	30	1	1	1	0	0	0	0	0	0	0	0	0	0	0	0	6297253	
418	1	C	5	N	2500	0	40	25	52	1	1	1	0	0	0	0	0	0	0	0	0	0	0	0	6298033	
419	1	C	5	N	2500	0	40	219	267	9	5	8	0	0	0	0	0	0	0	0	0	0	0	0	6298204	
420	1	C	5	N	2500	0	40	30	55	3	2	2	0	0	0	0	0	0	0	0	0	0	0	0	6298672	
421	1	C	5	N	2500	0	40	69	107	20	1	2	0	0	0	0	0	0	0	0	0	0	0	0	6298750	
422	1	C	5	N	2500	0	40	37	68	2	1	0	0	0	0	0	0	0	0	0	0	0	0	0	6299187	
423	1	C	5	N	2500	0	40	191	420	16	11	12	0	0	0	0	0	0	0	0	0	0	0	0	6299390	
424	1	C	5	N	2500	0	40	34	72	2	1	2	0	0	0	0	0	0	0	0	0	0	0	0	6301043	
425	1	C	5	N	2500	0	40	248	404	17	8	8	0	0	0	0	0	0	0	0	0	0	0	0	6302073	
426	1	C	5	N	2500	0	40	34	49	1	0	0	0	0	0	0	0	0	0	0	0	0	0	0	6302369	
427	1	C	5	N	2500	0	40	22	26	1	1	1	0	0	0	0	0	0	0	0	0	0	0	0	6303040	
428	1	C	5	N	2500	0	40	172	226	6	4	5	0	0	0	0	0	0	0	0	0	0	0	0	6303851	
429	1	C	6	N	2500	0	40	22	25	3	1	0	0	0	0	0	0	0	0	0	0	0	0	0	6314147	
430	1	C	7	N	2500	0	40	20	17	2	0	0	0	0	0	0	0	0	0	0	0	0	0	0	6326331	
431	1	C	7	N	2500	0	40	295	1309	71	34	26	0	0	0	0	0	0	0	0	0	0	0	0	6326893	
432	1	C	7	N	2500	0	40	20	26	0	0	0	0	0	0	0	0	0	0	0	0	0	0	0	6326893	
433	1	C	7	N	2500	0	40	25	21	2	0	1	0	0	0	0	0	0	0	0	0	0	0	0	6327501	
434	1	C	7	N	2500	0	40	48	130	8	8	10	0	0	0	0	0	0	0	0	0	0	0	0	6327735	
435	1	C	7	N	2500	0	40	22	24	2	0	0	0	0	0	0	0	0	0	0	0	0	0	0	6327766	
436	1	C	7	N	2500	0	40	35	38	2	1	1	0	0	0	0	0	0	0	0	0	0	0	0	6327907	
437	1	C	7	N	2500	0	40	408	1377	73	39	31	0	0	0	0	0	0	0	0	0	0	0	0	6328343	
438	1	C	7	N	2500	0	40	298	1161	55	29	19	0	0	0	0	0	0	0	0	0	0	0	0	6329201	
439	1	C	7	N	2500	0	40	432	1342	71	31	25	0	0	0	0	0	0	0	0	0	0	0	0	6329467	
440	1	C	7	N	2500	0	40	481	1448	77	35	27	0	0	0	0	0	0	0	0	0	0	0	0	6329810	
441	1	C	7	N	2500	0	40	377	1479	75	40	35	0	0	0	0	0	0	0	0	0	0	0	0	6330028	
442	1	C	7	N	2500	0	40	20	24	0	1	1	0	0	0	0	0	0	0	0	0	0	0	0	6330153	
443	1	C	7	N	2500	0	40	41	87	1	0	1	0	0	0	0	0	0	0	0	0	0	0	0	6330449	
444	1	C	7	N	2500	0	40	464	1667	82	38	33	0	0	0	0	0	0	0	0	0	0	0	0	6331027	
445	1	C	7	N	2500	0	40	330	1387	77	41	33	0	0	0	0	0	0	0	0	0	0	0	0	6331214	
446	1	C	7	N	2500	0	40	387	1281	73	31	25	0	0	0	0	0	0	0	0	0	0	0	0	6331229	
447	1	C	7	N	2500	0	40	323	1792	108	42	29	0	0	0	0	0	0	0	0	0	0	0	0	6331276	
448	1	C	7	N	2500	0	40	289	1529	81	44	37	0	0	0	0	0	0	0	0	0	0	0	0	6331370	
449	1	C	7	N	2500	0	40	60	145	9	9	10	0	0	0	0	0	0	0	0	0	0	0	0	6331401	
450	1	C	7	N	2500	0	40	31	53	9	12	11	0	0	0	0	0	0	0	0	0	0	0	0	6331573	
451	1	C	7	N	2500	0	40	37	94	7	7	8	0	0	0	0	0	0	0	0	0	0	0	0	6332056	
452	1	C	7	N	2500	0	40	32	42	1	1	0	0	0	0	0	0	0	0	0	0	0	0	0	6332321	
453	1	C	7	N	2500	0	40	27	47	2	2	2	0	0	0	0	0	0	0	0	0	0	0	0	6332524	
454	1	C	8	N	2500	0	40	317	1203	72	32	26	0	0	0	0	0	0	0	0	0	0	0	0	6340527	
455	1	C	8	N	2500	0	40	31	35	2	1	0	0	0	0	0	0	0	0	0	0	0	0	0	6340886	
456	1	C	8	N	2500	0	40	160	646	124	9	7	0	0	0	0	0	0	0	0	0	0	0	0	6340948	
457	1	C	8	N	2500	0	40	38	45	7	0	1	0	0	0	0	0	0	0	0	0	0	0	0	6340948	
458	1	C	8	N	2500	0	40	23	29	1	0	0	0	0	0	0	0	0	0	0	0	0	0	0	6340948	
459	1	C	8	N	2500	0	40	362	903	38	19	16	0	0	0	0	0	0	0	0	0	0	0	0	6341323	
460	1	C	8	N	2500	0	40	381	1000	46	20	18	0	0	0	0	0	0	0	0	0	0	0	0	6341713	
461	1	C	8	N	2500	0	40	120	249	41	4	2	0	0	0	0	0	0	0	0	0	0	0	0	6341884	
462	1	C	8	N	2500	0	40	318	958	58	24	20	0	0	0	0	0	0	0	0	0	0	0	0	6342742	
463	1	C	8	N	2500	0	40	61	71	6	2	2	0	0	0	0	0	0	0	0	0	0	0	0	6343351	
464	1	C	8	N	2500	0	40	331	747	26	14	15	0	0	0	0	0	0	0	0	0	0	0	0	6343366	
465	1	C	8	N	2500	0	40	20	18	2	0	0	0	0	0	0	0	0	0	0	0	0	0	0	6343397	
466	1	C	8	N	2500	0	40	23	27	3	1	1	0	0	0	0	0	0	0	0	0	0	0	0	6343397	
467	1	C	8	N	2500	0	40	65	246	28	23	25	0	0	0	0	0	0	0	0	0	0	0	0	6343413	
468	1	C	8	N	2500	0	40	26	43	1	1	1	0	0	0	0	0	0	0	0	0	0	0	0	6344287	
469	1	C	8	N	2500	0	40	427	1251	64	32	25	0	0	0	0	0	0	0	0	0	0	0	0	6344567	
470	1	C	8	N	2500	0	40	300	1318	73	38	29	0	0	0	0	0	0	0	0	0	0	0	0	6344739	
471	1	C	8	N	2500	0	40	401	1238	67	28	26	0	0	0	0	0	0	0	0	0	0	0	0	6345160	
472	1	C	8	N	2500	0	40	404	1073	52	22	15	0	0	0	0	0	0	0	0	0	0	0	0	6345223	
473	1	C	8	N	2500	0	40	71	213	16	15	18	0	0	0	0	0	0	0	0	0	0	0	0	6345535	
474	1	C	8	N	2500	0	40	225	1047	50	26	19	0	0	0	0	0	0	0	0	0	0	0	0	6346268	
475	1	C	8	N	2500	0	40	404	1086	56	23	20	0	0	0	0	0	0	0	0	0	0	0	0	6346346	
476	1	C	8	N	2500	0	40	30	83	7	0	0	0	0	0	0	0	0	0	0	0	0	0	0	6346783	
477	1	C	8	N	2500	0	40	372	964	39	20	19	0	0	0	0	0	0	0	0	0	0	0	0	6346939	
478	1	C	8	N	2500	0	40	24	32	2	2	2	0	0	0	0	0	0	0	0	0	0	0	0	6347095	
479	1	C	8	N	2500	0	40	25	32	1	1	1	0	0	0	0	0	0	0	0	0	0	0	0	6347360	
480	1	C	9	N	2500	0	40	32	96	9	0	0	0	0	0	0	0	0	0	0	0	0	0	0	6355534	
481	1	C	9	N	2500	0	40	348	889	38	18	20	0	0	0	0	0	0	0	0	0	0	0	0	6357016	
482	1	C	9	N	2500	0	40	21	29	1	0	1	0	0	0	0	0	0	0	0	0	0	0	0	6357406	
483	1	C	9	N	2500	0	40	204	716	28	15	12	0	0	0	0	0	0	0	0	0	0	0	0	6357687	
484	1	C	9	N	2500	0	40	22	20	0	0	0	0	0	0	0	0	0	0	0	0	0	0	0	6358545	
485	1	C	9	N	2500	0	40	22	36	1	2	1	0	0	0	0	0	0	0	0	0	0	0	0	6359169	
486	1	C	9	N	2500	0	40	381	863	35	16	14	0	0	0	0	0	0	0	0	0	0	0	0	6359684	
487	1	C	9	N	2500	0	40	188	963	60	24	23	0	0	0	0	0	0	0	0	0	0	0	0	6360074	
488	1	C	9	N	2500	0	40	200	775	30	16	14	0	0	0	0	0	0	0	0	0	0	0	0	6360167	
489	1	C	9	N	2500	0	40	346	899	47	22	22	0	0	0	0	0	0	0	0	0	0	0	0	6360355	
490	1	C	9	N	2500	0	40	361	1001	58	25	22	0	0	0	0	0	0	0	0	0	0	0	0	6360479	
491	1	C	9	N	2500	0	40	382	1013	40	22	21	0	0	0	0	0	0	0	0	0	0	0	0	6360760	
492	1	C	9	N	2500	0	40	30	50	2	2	2	0	0	0	0	0	0	0	0	0	0	0	0	6360823	
493	1	C	9	N	2500	0	40	375	996	47	21	16	0	0	0	0	0	0	0	0	0	0	0	0	6361306	
494	1	C	9	N	2500	0	40	238	954	47	28	27	0	0	0	0	0	0	0	0	0	0	0	0	6361322	
495	1	C	9	N	2500	0	40	369	962	47	20	17	0	0	0	0	0	0	0	0	0	0	0	0	6361337	
496	1	C	9	N	2500	0	40	367	934	47	20	19	0	0	0	0	0	0	0	0	0	0	0	0	6361493	
497	1	C	9	N	2500	0	40	308	802	39	19	19	0	0	0	0	0	0	0	0	0	0	0	0	6361915	
498	1	C	9	N	2500	0	40	42	116	7	6	7	0	0	0	0	0	0	0	0	0	0	0	0	6361993	
499	1	C	9	N	2500	0	40	372	891	47	17	14	0	0	0	0	0	0	0	0	0	0	0	0	6362570	
500	1	C	10	N	2500	0	40	22	34	1	1	2	0	0	0	0	0	0	0	0	0	0	0	0	6370058	
501	1	C	10	N	2500	0	40	33	96	6	0	0	0	0	0	0	0	0	0	0	0	0	0	0	6370136	
502	1	C	10	N	2500	0	40	23	26	3	0	0	0	0	0	0	0	0	0	0	0	0	0	0	6370604	
503	1	C	10	N	2500	0	40	26	34	1	1	1	0	0	0	0	0	0	0	0	0	0	0	0	6370604	
504	1	C	10	N	2500	0	40	302	634	20	11	12	0	0	0	0	0	0	0	0	0	0	0	0	6370994	
505	1	C	10	N	2500	0	40	326	633	25	12	14	0	0	0	0	0	0	0	0	0	0	0	0	6371243	
506	1	C	10	N	2500	0	40	248	691	20	13	15	0	0	0	0	0	0	0	0	0	0	0	0	6371353	
507	1	C	10	N	2500	0	40	20	27	0	0	1	0	0	0	0	0	0	0	0	0	0	0	0	6371649	
508	1	C	10	N	2500	0	40	79	280	40	5	3	0	0	0	0	0	0	0	0	0	0	0	0	6372913	
509	1	C	10	N	2500	0	40	318	765	27	13	14	0	0	0	0	0	0	0	0	0	0	0	0	6373193	
510	1	C	10	N	2500	0	40	49	80	3	3	5	0	0	0	0	0	0	0	0	0	0	0	0	6373271	
511	1	C	10	N	2500	0	40	23	28	1	1	1	0	0	0	0	0	0	0	0	0	0	0	0	6373693	
512	1	C	10	N	2500	0	40	289	643	25	13	12	0	0	0	0	0	0	0	0	0	0	0	0	6374270	
513	1	C	10	N	2500	0	40	291	756	36	17	15	0	0	0	0	0	0	0	0	0	0	0	0	6374941	
514	1	C	10	N	2500	0	40	23	36	1	2	1	0	0	0	0	0	0	0	0	0	0	0	0	6375190	
515	1	C	10	N	2500	0	40	287	553	16	10	12	0	0	0	0	0	0	0	0	0	0	0	0	6375362	
516	1	C	10	N	2500	0	40	22	28	1	1	2	0	0	0	0	0	0	0	0	0	0	0	0	6375533	
517	1	C	10	N	2500	0	40	327	776	45	17	17	0	0	0	0	0	0	0	0	0	0	0	0	6375611	
518	1	C	10	N	2500	0	40	24	31	1	2	2	0	0	0	0	0	0	0	0	0	0	0	0	6375721	
519	1	C	10	N	2500	0	40	232	710	23	14	9	0	0	0	0	0	0	0	0	0	0	0	0	6375799	
520	1	C	10	N	2500	0	40	260	703	29	17	18	0	0	0	0	0	0	0	0	0	0	0	0	6376657	
521	1	C	10	N	2500	0	40	48	82	6	5	6	0	0	0	0	0	0	0	0	0	0	0	0	6377016	
522	1	C	10	N	2500	0	40	27	49	2	2	3	0	0	0	0	0	0	0	0	0	0	0	0	6377218	
523	1	C	10	N	2500	0	40	342	915	40	19	19	0	0	0	0	0	0	0	0	0	0	0	0	6377265	
524	1	C	10	N	2500	0	40	148	412	13	8	6	0	0	0	0	0	0	0	0	0	0	0	0	6377281	
525	1	C	11	N	2500	0	40	25	42	1	0	0	0	0	0	0	0	0	0	0	0	0	0	0	6384644	
526	1	C	11	N	2500	0	40	288	586	17	11	14	0	0	0	0	0	0	0	0	0	0	0	0	6385003	
527	1	C	11	N	2500	0	40	266	501	18	10	11	0	0	0	0	0	0	0	0	0	0	0	0	6385050	
528	1	C	11	N	2500	0	40	71	207	24	3	2	0	0	0	0	0	0	0	0	0	0	0	0	6385440	
529	1	C	11	N	2500	0	40	250	443	15	8	8	0	0	0	0	0	0	0	0	0	0	0	0	6385502	
530	1	C	11	N	2500	0	40	31	42	3	0	0	0	0	0	0	0	0	0	0	0	0	0	0	6386797	
531	1	C	11	N	2500	0	40	211	314	8	7	7	0	0	0	0	0	0	0	0	0	0	0	0	6387000	
532	1	C	11	N	2500	0	40	240	365	10	5	9	0	0	0	0	0	0	0	0	0	0	0	0	6387156	
533	1	C	11	N	2500	0	40	272	452	15	7	12	0	0	0	0	0	0	0	0	0	0	0	0	6388060	
534	1	C	11	N	2500	0	40	140	329	11	6	6	0	0	0	0	0	0	0	0	0	0	0	0	6388076	
535	1	C	11	N	2500	0	40	245	342	10	5	9	0	0	0	0	0	0	0	0	0	0	0	0	6388638	
536	1	C	11	N	2500	0	40	271	447	15	7	9	0	0	0	0	0	0	0	0	0	0	0	0	6389043	
537	1	C	11	N	2500	0	40	217	360	10	5	8	0	0	0	0	0	0	0	0	0	0	0	0	6389402	
538	1	C	11	N	2500	0	40	174	238	5	3	4	0	0	0	0	0	0	0	0	0	0	0	0	6390276	
539	1	C	11	N	2500	0	40	348	639	20	12	14	0	0	0	0	0	0	0	0	0	0	0	0	6390307	
540	1	C	11	N	2500	0	40	234	369	13	7	7	0	0	0	0	0	0	0	0	0	0	0	0	6390354	
541	1	C	11	N	2500	0	40	191	269	7	4	5	0	0	0	0	0	0	0	0	0	0	0	0	6390494	
542	1	C	11	N	2500	0	40	254	371	12	6	7	0	0	0	0	0	0	0	0	0	0	0	0	6390525	
543	1	C	11	N	2500	0	40	201	400	14	10	10	0	0	0	0	0	0	0	0	0	0	0	0	6391102	
544	1	C	11	N	2500	0	40	23	31	3	3	4	0	0	0	0	0	0	0	0	0	0	0	0	6391336	
545	1	C	11	N	2500	0	40	248	429	15	8	9	0	0	0	0	0	0	0	0	0	0	0	0	6391383	
546	1	C	11	N	2500	0	40	23	22	1	0	0	0	0	0	0	0	0	0	0	0	0	0	0	6391430	
547	1	C	11	N	2500	0	40	23	50	1	1	0	0	0	0	0	0	0	0	0	0	0	0	0	6391680	
548	1	C	11	N	2500	0	40	26	38	1	0	0	0	0	0	0	0	0	0	0	0	0	0	0	6391680	
549	1	C	11	N	2500	0	40	148	386	13	8	7	0	0	0	0	0	0	0	0	0	0	0	0	6391929	
550	1	C	11	N	2500	0	40	141	158	3	2	3	0	0	0	0	0	0	0	0	0	0	0	0	6392070	
551	1	C	12	N	2500	0	40	23	26	3	0	0	0	0	0	0	0	0	0	0	0	0	0	0	6402163	
552	1	D	1	N	2500	0	40	61	290	20	4	3	0	0	0	0	0	0	0	0	0	0	0	0	6415594	
553	1	D	1	N	2500	0	40	43	44	2	2	1	0	0	0	0	0	0	0	0	0	0	0	0	6417076	
554	1	D	1	N	2500	0	40	48	97	10	10	9	0	0	0	0	0	0	0	0	0	0	0	0	6417529	
555	1	D	1	N	2500	0	40	22	21	1	0	0	0	0	0	0	0	0	0	0	0	0	0	0	6417950	
556	1	D	1	N	2500	0	40	45	110	8	8	10	0	0	0	0	0	0	0	0	0	0	0	0	6418730	
557	1	D	1	N	2500	0	40	426	1385	83	32	24	0	0	0	0	0	0	0	0	0	0	0	0	6419276	
558	1	D	1	N	2500	0	40	24	28	1	1	0	0	0	0	0	0	0	0	0	0	0	0	0	6419541	
559	1	D	1	N	2500	0	40	457	1525	76	31	25	0	0	0	0	0	0	0	0	0	0	0	0	6420165	
560	1	D	1	N	2500	0	40	248	1409	103	41	32	0	0	0	0	0	0	0	0	0	0	0	0	6420368	
561	1	D	1	N	2500	0	40	32	33	1	0	0	0	0	0	0	0	0	0	0	0	0	0	0	6421195	
562	1	D	1	N	2500	0	40	22	46	2	2	2	0	0	0	0	0	0	0	0	0	0	0	0	6422552	
563	1	D	2	N	2500	0	40	321	1255	85	32	31	0	0	0	0	0	0	0	0	0	0	0	0	6430383	
564	1	D	2	N	2500	0	40	20	17	1	0	0	0	0	0	0	0	0	0	0	0	0	0	0	6431631	
565	1	D	2	N	2500	0	40	28	46	2	1	2	0	0	0	0	0	0	0	0	0	0	0	0	6431959	
566	1	D	2	N	2500	0	40	422	1258	64	26	26	0	0	0	0	0	0	0	0	0	0	0	0	6431974	
567	1	D	2	N	2500	0	40	58	116	10	3	2	0	0	0	0	0	0	0	0	0	0	0	0	6432349	
568	1	D	2	N	2500	0	40	64	163	14	5	4	0	0	0	0	0	0	0	0	0	0	0	0	6432396	
569	1	D	2	N	2500	0	40	29	49	5	4	4	0	0	0	0	0	0	0	0	0	0	0	0	6432895	
570	1	D	2	N	2500	0	40	23	27	2	1	0	0	0	0	0	0	0	0	0	0	0	0	0	6433628	
571	1	D	2	N	2500	0	40	20	21	1	0	1	0	0	0	0	0	0	0	0	0	0	0	0	6433878	
572	1	D	2	N	2500	0	40	26	36	2	0	0	0	0	0	0	0	0	0	0	0	0	0	0	6433987	
573	1	D	2	N	2500	0	40	45	65	6	1	1	0	0	0	0	0	0	0	0	0	0	0	0	6433987	
574	1	D	2	N	2500	0	40	38	40	3	1	0	0	0	0	0	0	0	0	0	0	0	0	0	6434455	
575	1	D	2	N	2500	0	40	27	34	2	1	0	0	0	0	0	0	0	0	0	0	0	0	0	6434502	
576	1	D	2	N	2500	0	40	67	90	10	2	1	0	0	0	0	0	0	0	0	0	0	0	0	6435032	
577	1	D	2	N	2500	0	40	399	1031	50	21	19	0	0	0	0	0	0	0	0	0	0	0	0	6435375	
578	1	D	2	N	2500	0	40	420	1035	48	23	22	0	0	0	0	0	0	0	0	0	0	0	0	6435391	
579	1	D	2	N	2500	0	40	20	17	0	0	0	0	0	0	0	0	0	0	0	0	0	0	0	6435469	
580	1	D	2	N	2500	0	40	21	18	1	0	0	0	0	0	0	0	0	0	0	0	0	0	0	6435625	
581	1	D	2	N	2500	0	40	99	144	6	4	5	0	0	0	0	0	0	0	0	0	0	0	0	6435640	
582	1	D	2	N	2500	0	40	272	1040	55	27	24	0	0	0	0	0	0	0	0	0	0	0	0	6435656	
583	1	D	2	N	2500	0	40	57	74	4	3	2	0	0	0	0	0	0	0	0	0	0	0	0	6436093	
584	1	D	2	N	2500	0	40	281	1137	67	25	24	0	0	0	0	0	0	0	0	0	0	0	0	6436218	
585	1	D	2	N	2500	0	40	27	34	2	1	1	0	0	0	0	0	0	0	0	0	0	0	0	6436764	
586	1	D	2	N	2500	0	40	239	899	35	17	15	0	0	0	0	0	0	0	0	0	0	0	0	6436966	
587	1	D	2	N	2500	0	40	20	29	1	1	3	0	0	0	0	0	0	0	0	0	0	0	0	6436966	
588	1	D	3	N	2500	0	40	32	59	4	1	0	0	0	0	0	0	0	0	0	0	0	0	0	6445063	
589	1	D	3	N	2500	0	40	27	40	2	0	0	0	0	0	0	0	0	0	0	0	0	0	0	6445063	
590	1	D	3	N	2500	0	40	23	34	2	0	0	0	0	0	0	0	0	0	0	0	0	0	0	6445094	
591	1	D	3	N	2500	0	40	128	349	44	5	5	0	0	0	0	0	0	0	0	0	0	0	0	6445156	
592	1	D	3	N	2500	0	40	38	55	5	2	1	0	0	0	0	0	0	0	0	0	0	0	0	6445952	
593	1	D	3	N	2500	0	40	433	1128	64	24	25	0	0	0	0	0	0	0	0	0	0	0	0	6446233	
594	1	D	3	N	2500	0	40	58	51	3	1	1	0	0	0	0	0	0	0	0	0	0	0	0	6446342	
595	1	D	3	N	2500	0	40	41	41	3	1	0	0	0	0	0	0	0	0	0	0	0	0	0	6447169	
596	1	D	3	N	2500	0	40	20	26	1	1	1	0	0	0	0	0	0	0	0	0	0	0	0	6447528	
597	1	D	3	N	2500	0	40	21	30	1	1	1	0	0	0	0	0	0	0	0	0	0	0	0	6447808	
598	1	D	3	N	2500	0	40	28	55	3	1	0	0	0	0	0	0	0	0	0	0	0	0	0	6447808	
599	1	D	3	N	2500	0	40	74	144	21	2	2	0	0	0	0	0	0	0	0	0	0	0	0	6447886	
600	1	D	3	N	2500	0	40	368	780	28	13	15	0	0	0	0	0	0	0	0	0	0	0	0	6448479	
601	1	D	3	N	2500	0	40	44	104	12	3	2	0	0	0	0	0	0	0	0	0	0	0	0	6448666	
602	1	D	3	N	2500	0	40	32	59	2	2	2	0	0	0	0	0	0	0	0	0	0	0	0	6448713	
603	1	D	3	N	2500	0	40	369	984	44	20	19	0	0	0	0	0	0	0	0	0	0	0	0	6448729	
604	1	D	3	N	2500	0	40	52	129	9	11	10	0	0	0	0	0	0	0	0	0	0	0	0	6448776	
605	1	D	3	N	2500	0	40	24	43	2	1	1	0	0	0	0	0	0	0	0	0	0	0	0	6449680	
606	1	D	3	N	2500	0	40	29	36	3	1	0	0	0	0	0	0	0	0	0	0	0	0	0	6449743	
607	1	D	3	N	2500	0	40	386	929	44	19	19	0	0	0	0	0	0	0	0	0	0	0	0	6449977	
608	1	D	3	N	2500	0	40	338	1031	42	23	21	0	0	0	0	0	0	0	0	0	0	0	0	6450164	
609	1	D	3	N	2500	0	40	41	66	3	4	4	0	0	0	0	0	0	0	0	0	0	0	0	6450320	
610	1	D	3	N	2500	0	40	455	1389	84	38	35	0	0	0	0	0	0	0	0	0	0	0	0	6450663	
611	1	D	3	N	2500	0	40	297	763	43	13	15	0	0	0	0	0	0	0	0	0	0	0	0	6451786	
612	1	D	3	N	2500	0	40	34	82	5	5	5	0	0	0	0	0	0	0	0	0	0	0	0	6452005	
613	1	D	3	N	2500	0	40	51	89	4	2	3	0	0	0	0	0	0	0	0	0	0	0	0	6452254	
614	1	D	4	N	2500	0	40	27	32	2	0	1	0	0	0	0	0	0	0	0	0	0	0	0	6459992	
615	1	D	4	N	2500	0	40	45	61	5	2	1	0	0	0	0	0	0	0	0	0	0	0	0	6459992	
616	1	D	4	N	2500	0	40	187	762	31	18	19	0	0	0	0	0	0	0	0	0	0	0	0	6460897	
617	1	D	4	N	2500	0	40	30	40	3	1	1	0	0	0	0	0	0	0	0	0	0	0	0	6461209	
618	1	D	4	N	2500	0	40	308	641	24	15	15	0	0	0	0	0	0	0	0	0	0	0	0	6461271	
619	1	D	4	N	2500	0	40	286	673	29	16	15	0	0	0	0	0	0	0	0	0	0	0	0	6462862	
620	1	D	4	N	2500	0	40	21	25	1	0	0	0	0	0	0	0	0	0	0	0	0	0	0	6463096	
621	1	D	4	N	2500	0	40	21	26	0	1	1	0	0	0	0	0	0	0	0	0	0	0	0	6463268	
622	1	D	4	N	2500	0	40	22	38	2	1	3	0	0	0	0	0	0	0	0	0	0	0	0	6463564	
623	1	D	4	N	2500	0	40	312	549	26	12	10	0	0	0	0	0	0	0	0	0	0	0	0	6464204	
624	1	D	4	N	2500	0	40	278	732	28	16	19	0	0	0	0	0	0	0	0	0	0	0	0	6464563	
625	1	D	4	N	2500	0	40	275	511	20	10	10	0	0	0	0	0	0	0	0	0	0	0	0	6465078	
626	1	D	4	N	2500	0	40	45	80	6	1	1	0	0	0	0	0	0	0	0	0	0	0	0	6465405	
627	1	D	4	N	2500	0	40	31	88	7	6	8	0	0	0	0	0	0	0	0	0	0	0	0	6466060	
628	1	D	4	N	2500	0	40	274	474	18	8	8	0	0	0	0	0	0	0	0	0	0	0	0	6466778	
629	1	D	5	N	2500	0	40	50	100	9	3	3	0	0	0	0	0	0	0	0	0	0	0	0	6474796	
630	1	D	5	N	2500	0	40	23	29	1	1	1	0	0	0	0	0	0	0	0	0	0	0	0	6475935	
631	1	D	5	N	2500	0	40	240	336	11	6	9	0	0	0	0	0	0	0	0	0	0	0	0	6476481	
632	1	D	5	N	2500	0	40	25	31	1	1	1	0	0	0	0	0	0	0	0	0	0	0	0	6476497	
633	1	D	5	N	2500	0	40	37	36	3	3	3	0	0	0	0	0	0	0	0	0	0	0	0	6476746	
634	1	D	5	N	2500	0	40	237	370	13	7	9	0	0	0	0	0	0	0	0	0	0	0	0	6477152	
635	1	D	5	N	2500	0	40	315	476	21	8	11	0	0	0	0	0	0	0	0	0	0	0	0	6477916	
636	1	D	5	N	2500	0	40	63	242	21	24	29	0	0	0	0	0	0	0	0	0	0	0	0	6477979	
637	1	D	5	N	2500	0	40	125	208	5	3	4	0	0	0	0	0	0	0	0	0	0	0	0	6478041	
638	1	D	5	N	2500	0	40	296	519	17	11	12	0	0	0	0	0	0	0	0	0	0	0	0	6478572	
639	1	D	5	N	2500	0	40	35	66	10	13	15	0	0	0	0	0	0	0	0	0	0	0	0	6480303	
640	1	D	5	N	2500	0	40	24	40	1	0	1	0	0	0	0	0	0	0	0	0	0	0	0	6480693	
641	1	D	5	N	2500	0	40	69	237	22	22	27	0	0	0	0	0	0	0	0	0	0	0	0	6480818	
642	1	D	5	N	2500	0	40	69	76	2	2	2	0	0	0	0	0	0	0	0	0	0	0	0	6480943	
643	1	D	5	N	2500	0	40	22	40	2	0	0	0	0	0	0	0	0	0	0	0	0	0	0	6481286	
644	1	D	5	N	2500	0	40	57	106	5	6	9	0	0	0	0	0	0	0	0	0	0	0	0	6481333	
645	1	D	6	N	2500	0	40	32	58	3	3	3	0	0	0	0	0	0	0	0	0	0	0	0	6489024	
646	1	D	6	N	2500	0	40	21	36	3	0	0	0	0	0	0	0	0	0	0	0	0	0	0	6489289	
647	1	D	6	N	2500	0	40	24	43	4	0	0	0	0	0	0	0	0	0	0	0	0	0	0	6490334	
648	1	D	6	N	2500	0	40	24	48	0	0	0	0	0	0	0	0	0	0	0	0	0	0	0	6490474	
649	1	D	6	N	2500	0	40	51	85	3	3	5	0	0	0	0	0	0	0	0	0	0	0	0	6491005	
650	1	D	6	N	2500	0	40	31	56	5	5	6	0	0	0	0	0	0	0	0	0	0	0	0	6491691	
651	1	D	6	N	2500	0	40	29	41	1	1	1	0	0	0	0	0	0	0	0	0	0	0	0	6495966	
652	1	D	6	N	2500	0	40	28	62	6	0	0	0	0	0	0	0	0	0	0	0	0	0	0	6496356	
653	1	D	7	N	2500	0	40	459	1518	81	31	26	0	0	0	0	0	0	0	0	0	0	0	0	6504281	
654	1	D	7	N	2500	0	40	25	34	3	0	0	0	0	0	0	0	0	0	0	0	0	0	0	6504717	
655	1	D	7	N	2500	0	40	402	1148	58	24	20	0	0	0	0	0	0	0	0	0	0	0	0	6505747	
656	1	D	7	N	2500	0	40	221	962	45	21	17	0	0	0	0	0	0	0	0	0	0	0	0	6506574	
657	1	D	7	N	2500	0	40	27	26	2	1	0	0	0	0	0	0	0	0	0	0	0	0	0	6506917	
658	1	D	7	N	2500	0	40	482	1557	81	33	27	0	0	0	0	0	0	0	0	0	0	0	0	6507089	
659	1	D	7	N	2500	0	40	427	1304	78	27	20	0	0	0	0	0	0	0	0	0	0	0	0	6507245	
660	1	D	7	N	2500	0	40	280	1323	80	35	27	0	0	0	0	0	0	0	0	0	0	0	0	6507853	
661	1	D	7	N	2500	0	40	39	36	3	3	1	0	0	0	0	0	0	0	0	0	0	0	0	6508337	
662	1	D	7	N	2500	0	40	426	1270	74	28	21	0	0	0	0	0	0	0	0	0	0	0	0	6508539	
663	1	D	7	N	2500	0	40	494	1514	90	33	29	0	0	0	0	0	0	0	0	0	0	0	0	6509210	
664	1	D	7	N	2500	0	40	66	273	27	25	27	0	0	0	0	0	0	0	0	0	0	0	0	6509475	
665	1	D	7	N	2500	0	40	274	1371	75	29	22	0	0	0	0	0	0	0	0	0	0	0	0	6509491	
666	1	D	7	N	2500	0	40	293	1280	91	36	27	0	0	0	0	0	0	0	0	0	0	0	0	6509553	
667	1	D	8	N	2500	0	40	30	39	2	0	0	0	0	0	0	0	0	0	0	0	0	0	0	6518867	
668	1	D	8	N	2500	0	40	400	1107	54	23	21	0	0	0	0	0	0	0	0	0	0	0	0	6519225	
669	1	D	8	N	2500	0	40	24	39	3	1	1	0	0	0	0	0	0	0	0	0	0	0	0	6520317	
670	1	D	8	N	2500	0	40	437	1169	62	27	25	0	0	0	0	0	0	0	0	0	0	0	0	6521363	
671	1	D	8	N	2500	0	40	457	1265	64	26	24	0	0	0	0	0	0	0	0	0	0	0	0	6522330	
672	1	D	8	N	2500	0	40	243	1096	57	26	20	0	0	0	0	0	0	0	0	0	0	0	0	6523250	
673	1	D	8	N	2500	0	40	469	1462	84	36	30	0	0	0	0	0	0	0	0	0	0	0	0	6523500	
674	1	D	8	N	2500	0	40	371	951	39	19	16	0	0	0	0	0	0	0	0	0	0	0	0	6523687	
675	1	D	8	N	2500	0	40	21	23	1	0	1	0	0	0	0	0	0	0	0	0	0	0	0	6523734	
676	1	D	8	N	2500	0	40	358	969	45	21	17	0	0	0	0	0	0	0	0	0	0	0	0	6525263	
677	1	D	8	N	2500	0	40	308	781	38	15	17	0	0	0	0	0	0	0	0	0	0	0	0	6525263	
678	1	D	8	N	2500	0	40	287	967	40	22	19	0	0	0	0	0	0	0	0	0	0	0	0	6525684	
679	1	D	9	N	2500	0	40	252	450	11	7	7	0	0	0	0	0	0	0	0	0	0	0	0	6534794	
680	1	D	9	N	2500	0	40	20	17	1	0	0	0	0	0	0	0	0	0	0	0	0	0	0	6536276	
681	1	D	9	N	2500	0	40	198	588	91	51	27	0	0	0	0	0	0	0	0	0	0	0	0	6537353	
682	1	D	9	N	2500	0	40	27	25	3	1	0	0	0	0	0	0	0	0	0	0	0	0	0	6537353	
683	1	D	9	N	2500	0	40	173	555	22	13	13	0	0	0	0	0	0	0	0	0	0	0	0	6537696	
684	1	D	9	N	2500	0	40	48	46	5	3	2	0	0	0	0	0	0	0	0	0	0	0	0	6538897	
685	1	D	9	N	2500	0	40	331	716	28	14	14	0	0	0	0	0	0	0	0	0	0	0	0	6539178	
686	1	D	10	N	2500	0	40	23	26	2	0	0	0	0	0	0	0	0	0	0	0	0	0	0	6547851	
687	1	D	10	N	2500	0	40	41	50	6	2	2	0	0	0	0	0	0	0	0	0	0	0	0	6549817	
688	1	D	10	N	2500	0	40	21	25	2	1	1	0	0	0	0	0	0	0	0	0	0	0	0	6549817	
689	1	D	10	N	2500	0	40	47	76	12	2	1	0	0	0	0	0	0	0	0	0	0	0	0	6550191	
690	1	D	10	N	2500	0	40	432	873	49	18	18	0	0	0	0	0	0	0	0	0	0	0	0	6550800	
691	1	D	10	N	2500	0	40	340	692	24	14	16	0	0	0	0	0	0	0	0	0	0	0	0	6550940	
692	1	D	10	N	2500	0	40	25	39	1	0	0	0	0	0	0	0	0	0	0	0	0	0	0	6551143	
693	1	D	10	N	2500	0	40	336	683	28	13	15	0	0	0	0	0	0	0	0	0	0	0	0	6551486	
694	1	D	10	N	2500	0	40	25	40	4	2	1	0	0	0	0	0	0	0	0	0	0	0	0	6552235	
695	1	D	10	N	2500	0	40	305	702	38	17	14	0	0	0	0	0	0	0	0	0	0	0	0	6552422	
696	1	D	10	N	2500	0	40	364	630	28	12	13	0	0	0	0	0	0	0	0	0	0	0	0	6552781	
697	1	D	10	N	2500	0	40	63	170	17	12	15	0	0	0	0	0	0	0	0	0	0	0	0	6553514	
698	1	D	10	N	2500	0	40	240	785	39	17	21	0	0	0	0	0	0	0	0	0	0	0	0	6553530	
699	1	D	10	N	2500	0	40	328	670	25	13	13	0	0	0	0	0	0	0	0	0	0	0	0	6554419	
700	1	D	10	N	2500	0	40	98	391	30	31	38	0	0	0	0	0	0	0	0	0	0	0	0	6555074	
701	1	D	11	N	2500	0	40	21	19	0	0	0	0	0	0	0	0	0	0	0	0	0	0	0	6565292	
702	1	D	11	N	2500	0	40	263	441	15	9	11	0	0	0	0	0	0	0	0	0	0	0	0	6565667	
703	1	D	11	N	2500	0	40	145	316	10	6	8	0	0	0	0	0	0	0	0	0	0	0	0	6567336	
704	1	D	11	N	2500	0	40	278	494	18	9	14	0	0	0	0	0	0	0	0	0	0	0	0	6567461	
705	1	D	11	N	2500	0	40	28	30	8	8	9	0	0	0	0	0	0	0	0	0	0	0	0	6567991	
706	1	D	11	N	2500	0	40	248	358	16	7	9	0	0	0	0	0	0	0	0	0	0	0	0	6568787	
707	1	D	11	N	2500	0	40	279	465	19	9	10	0	0	0	0	0	0	0	0	0	0	0	0	6568818	
708	1	D	11	N	2500	0	40	257	395	13	7	11	0	0	0	0	0	0	0	0	0	0	0	0	6569161	
709	1	D	11	N	2500	0	40	20	31	5	0	0	0	0	0	0	0	0	0	0	0	0	0	0	6569925	
710	1	D	12	N	2500	0	40	42	56	7	1	1	0	0	0	0	0	0	0	0	0	0	0	0	6577351	
711	1	E	1	N	2500	0	40	399	1452	70	33	25	0	0	0	0	0	0	0	0	0	0	0	0	6594355	
712	1	E	1	N	2500	0	40	414	1245	60	25	16	0	0	0	0	0	0	0	0	0	0	0	0	6594792	
713	1	E	1	N	2500	0	40	318	1624	85	42	29	0	0	0	0	0	0	0	0	0	0	0	0	6594839	
714	1	E	1	N	2500	0	40	460	1517	81	42	34	0	0	0	0	0	0	0	0	0	0	0	0	6595665	
715	1	E	1	N	2500	0	40	56	66	4	5	3	0	0	0	0	0	0	0	0	0	0	0	0	6595821	
716	1	E	1	N	2500	0	40	421	1358	66	32	31	0	0	0	0	0	0	0	0	0	0	0	0	6596477	
717	1	E	1	N	2500	0	40	318	1316	81	38	32	0	0	0	0	0	0	0	0	0	0	0	0	6597927	
718	1	E	1	N	2500	0	40	440	1417	66	37	28	0	0	0	0	0	0	0	0	0	0	0	0	6598115	
719	1	E	1	N	2500	0	40	492	1725	92	44	35	0	0	0	0	0	0	0	0	0	0	0	0	6598551	
720	1	E	1	N	2500	0	40	26	26	1	1	0	0	0	0	0	0	0	0	0	0	0	0	0	6598692	
721	1	E	1	N	2500	0	40	30	39	2	1	1	0	0	0	0	0	0	0	0	0	0	0	0	6598926	
722	1	E	1	N	2500	0	40	265	1401	90	42	28	0	0	0	0	0	0	0	0	0	0	0	0	6599160	
723	1	E	1	N	2500	0	40	543	1651	94	40	29	0	0	0	0	0	0	0	0	0	0	0	0	6599207	
724	1	E	1	N	2500	0	40	235	1387	80	36	28	0	0	0	0	0	0	0	0	0	0	0	0	6599784	
725	1	E	1	N	2500	0	40	24	69	4	5	7	0	0	0	0	0	0	0	0	0	0	0	0	6600735	
726	1	E	2	N	2500	0	40	63	150	16	1	1	0	0	0	0	0	0	0	0	0	0	0	0	6608114	
727	1	E	2	N	2500	0	40	33	45	4	1	0	0	0	0	0	0	0	0	0	0	0	0	0	6608473	
728	1	E	2	N	2500	0	40	23	32	3	2	3	0	0	0	0	0	0	0	0	0	0	0	0	6609269	
729	1	E	2	N	2500	0	40	20	19	1	0	0	0	0	0	0	0	0	0	0	0	0	0	0	6609643	
730	1	E	2	N	2500	0	40	351	681	23	12	11	0	0	0	0	0	0	0	0	0	0	0	0	6610018	
731	1	E	2	N	2500	0	40	43	94	9	2	2	0	0	0	0	0	0	0	0	0	0	0	0	6610252	
732	1	E	2	N	2500	0	40	27	45	3	1	1	0	0	0	0	0	0	0	0	0	0	0	0	6610283	
733	1	E	2	N	2500	0	40	220	744	37	18	18	0	0	0	0	0	0	0	0	0	0	0	0	6610392	
734	1	E	2	N	2500	0	40	421	957	49	19	17	0	0	0	0	0	0	0	0	0	0	0	0	6610688	
735	1	E	2	N	2500	0	40	344	1414	90	36	32	0	0	0	0	0	0	0	0	0	0	0	0	6611671	
736	1	E	2	N	2500	0	40	434	1214	63	28	23	0	0	0	0	0	0	0	0	0	0	0	0	6611921	
737	1	E	2	N	2500	0	40	66	184	22	20	24	0	0	0	0	0	0	0	0	0	0	0	0	6612030	
738	1	E	2	N	2500	0	40	47	52	5	2	1	0	0	0	0	0	0	0	0	0	0	0	0	6612498	
739	1	E	2	N	2500	0	40	399	1079	58	24	21	0	0	0	0	0	0	0	0	0	0	0	0	6612982	
740	1	E	2	N	2500	0	40	440	1222	67	28	25	0	0	0	0	0	0	0	0	0	0	0	0	6613106	
741	1	E	2	N	2500	0	40	413	1059	47	20	18	0	0	0	0	0	0	0	0	0	0	0	0	6613106	
742	1	E	2	N	2500	0	40	381	791	27	17	15	0	0	0	0	0	0	0	0	0	0	0	0	6613122	
743	1	E	2	N	2500	0	40	314	708	30	13	13	0	0	0	0	0	0	0	0	0	0	0	0	6613325	
744	1	E	2	N	2500	0	40	369	1077	57	24	21	0	0	0	0	0	0	0	0	0	0	0	0	6613325	
745	1	E	2	N	2500	0	40	452	1423	81	38	32	0	0	0	0	0	0	0	0	0	0	0	0	6613590	
746	1	E	2	N	2500	0	40	34	53	1	0	0	0	0	0	0	0	0	0	0	0	0	0	0	6613840	
747	1	E	3	N	2500	0	40	22	45	4	0	0	0	0	0	0	0	0	0	0	0	0	0	0	6623293	
748	1	E	3	N	2500	0	40	344	796	34	14	15	0	0	0	0	0	0	0	0	0	0	0	0	6624011	
749	1	E	3	N	2500	0	40	28	39	3	1	1	0	0	0	0	0	0	0	0	0	0	0	0	6624416	
750	1	E	3	N	2500	0	40	414	1139	70	26	24	0	0	0	0	0	0	0	0	0	0	0	0	6624432	
751	1	E	3	N	2500	0	40	54	112	8	8	9	0	0	0	0	0	0	0	0	0	0	0	0	6624604	
752	1	E	3	N	2500	0	40	338	773	30	15	15	0	0	0	0	0	0	0	0	0	0	0	0	6625087	
753	1	E	3	N	2500	0	40	208	873	42	19	15	0	0	0	0	0	0	0	0	0	0	0	0	6625618	
754	1	E	3	N	2500	0	40	27	51	4	4	4	0	0	0	0	0	0	0	0	0	0	0	0	6626398	
755	1	E	3	N	2500	0	40	34	58	9	11	12	0	0	0	0	0	0	0	0	0	0	0	0	6626554	
756	1	E	3	N	2500	0	40	370	972	44	21	23	0	0	0	0	0	0	0	0	0	0	0	0	6626569	
757	1	E	3	N	2500	0	40	393	867	36	18	18	0	0	0	0	0	0	0	0	0	0	0	0	6626912	
758	1	E	3	N	2500	0	40	455	1314	66	30	31	0	0	0	0	0	0	0	0	0	0	0	0	6626928	
759	1	E	3	N	2500	0	40	369	1008	45	22	21	0	0	0	0	0	0	0	0	0	0	0	0	6627006	
760	1	E	3	N	2500	0	40	102	426	48	47	53	0	0	0	0	0	0	0	0	0	0	0	0	6627302	
761	1	E	3	N	2500	0	40	384	1076	48	22	20	0	0	0	0	0	0	0	0	0	0	0	0	6627427	
762	1	E	3	N	2500	0	40	33	51	2	1	0	0	0	0	0	0	0	0	0	0	0	0	0	6627505	
763	1	E	3	N	2500	0	40	351	914	39	19	21	0	0	0	0	0	0	0	0	0	0	0	0	6627739	
764	1	E	3	N	2500	0	40	350	813	30	15	15	0	0	0	0	0	0	0	0	0	0	0	0	6627833	
765	1	E	3	N	2500	0	40	200	900	43	22	20	0	0	0	0	0	0	0	0	0	0	0	0	6627973	
766	1	E	3	N	2500	0	40	44	135	9	8	9	0	0	0	0	0	0	0	0	0	0	0	0	6628051	
767	1	E	3	N	2500	0	40	457	1035	64	24	23	0	0	0	0	0	0	0	0	0	0	0	0	6628800	
768	1	E	3	N	2500	0	40	349	823	31	15	15	0	0	0	0	0	0	0	0	0	0	0	0	6628847	
769	1	E	3	N	2500	0	40	58	238	22	22	25	0	0	0	0	0	0	0	0	0	0	0	0	6629377	
770	1	E	3	N	2500	0	40	58	172	16	14	16	0	0	0	0	0	0	0	0	0	0	0	0	6629767	
771	1	E	3	N	2500	0	40	370	904	41	19	17	0	0	0	0	0	0	0	0	0	0	0	0	6630032	
772	1	E	3	N	2500	0	40	81	264	27	26	27	0	0	0	0	0	0	0	0	0	0	0	0	6630157	
773	1	E	4	N	2500	0	40	20	20	1	0	0	0	0	0	0	0	0	0	0	0	0	0	0	6638300	
774	1	E	4	N	2500	0	40	24	24	2	1	0	0	0	0	0	0	0	0	0	0	0	0	0	6638519	
775	1	E	4	N	2500	0	40	298	585	19	10	12	0	0	0	0	0	0	0	0	0	0	0	0	6639096	
776	1	E	4	N	2500	0	40	218	529	17	10	10	0	0	0	0	0	0	0	0	0	0	0	0	6639392	
777	1	E	4	N	2500	0	40	68	100	4	3	4	0	0	0	0	0	0	0	0	0	0	0	0	6639486	
778	1	E	4	N	2500	0	40	20	34	2	1	1	0	0	0	0	0	0	0	0	0	0	0	0	6639580	
779	1	E	4	N	2500	0	40	236	848	35	19	17	0	0	0	0	0	0	0	0	0	0	0	0	6639751	
780	1	E	4	N	2500	0	40	380	870	39	16	14	0	0	0	0	0	0	0	0	0	0	0	0	6639814	
781	1	E	4	N	2500	0	40	371	906	39	19	18	0	0	0	0	0	0	0	0	0	0	0	0	6640048	
782	1	E	4	N	2500	0	40	33	41	4	1	1	0	0	0	0	0	0	0	0	0	0	0	0	6640141	
783	1	E	4	N	2500	0	40	308	799	30	16	17	0	0	0	0	0	0	0	0	0	0	0	0	6640640	
784	1	E	4	N	2500	0	40	151	680	23	17	17	0	0	0	0	0	0	0	0	0	0	0	0	6642356	
785	1	E	4	N	2500	0	40	302	594	19	10	12	0	0	0	0	0	0	0	0	0	0	0	0	6642715	
786	1	E	4	N	2500	0	40	360	694	30	15	16	0	0	0	0	0	0	0	0	0	0	0	0	6642871	
787	1	E	4	N	2500	0	40	300	594	18	9	13	0	0	0	0	0	0	0	0	0	0	0	0	6642902	
788	1	E	4	N	2500	0	40	75	213	18	17	18	0	0	0	0	0	0	0	0	0	0	0	0	6644431	
789	1	E	5	N	2500	0	40	43	89	5	5	5	0	0	0	0	0	0	0	0	0	0	0	0	6653339	
790	1	E	5	N	2500	0	40	24	41	2	1	1	0	0	0	0	0	0	0	0	0	0	0	0	6653776	
791	1	E	5	N	2500	0	40	200	291	7	6	6	0	0	0	0	0	0	0	0	0	0	0	0	6653869	
792	1	E	5	N	2500	0	40	21	39	10	11	27	0	0	0	0	0	0	0	0	0	0	0	0	6653900	
793	1	E	5	N	2500	0	40	342	653	31	16	17	0	0	0	0	0	0	0	0	0	0	0	0	6654103	
794	1	E	5	N	2500	0	40	122	268	36	11	6	0	0	0	0	0	0	0	0	0	0	0	0	6655164	
795	1	E	5	N	2500	0	40	246	380	9	7	10	0	0	0	0	0	0	0	0	0	0	0	0	6655273	
796	1	E	5	N	2500	0	40	27	53	2	1	1	0	0	0	0	0	0	0	0	0	0	0	0	6655304	
797	1	E	5	N	2500	0	40	31	42	3	1	1	0	0	0	0	0	0	0	0	0	0	0	0	6655835	
798	1	E	5	N	2500	0	40	338	610	25	13	16	0	0	0	0	0	0	0	0	0	0	0	0	6655975	
799	1	E	5	N	2500	0	40	26	42	6	8	8	0	0	0	0	0	0	0	0	0	0	0	0	6656287	
800	1	E	5	N	2500	0	40	33	59	8	11	13	0	0	0	0	0	0	0	0	0	0	0	0	6656287	
801	1	E	5	N	2500	0	40	372	695	25	16	16	0	0	0	0	0	0	0	0	0	0	0	0	6657036	
802	1	E	5	N	2500	0	40	195	301	9	4	5	0	0	0	0	0	0	0	0	0	0	0	0	6657286	
803	1	E	5	N	2500	0	40	146	461	16	10	9	0	0	0	0	0	0	0	0	0	0	0	0	6657364	
804	1	E	5	N	2500	0	40	244	390	15	9	9	0	0	0	0	0	0	0	0	0	0	0	0	6657785	
805	1	E	5	N	2500	0	40	37	52	1	0	0	0	0	0	0	0	0	0	0	0	0	0	0	6657832	
806	1	E	5	N	2500	0	40	318	546	20	12	15	0	0	0	0	0	0	0	0	0	0	0	0	6658175	
807	1	E	5	N	2500	0	40	204	332	12	7	7	0	0	0	0	0	0	0	0	0	0	0	0	6658409	
808	1	E	5	N	2500	0	40	25	41	1	0	0	0	0	0	0	0	0	0	0	0	0	0	0	6658721	
809	1	E	6	N	2500	0	40	229	477	13	6	6	0	0	0	0	0	0	0	0	0	0	0	0	6671856	
810	1	E	6	N	2500	0	40	34	64	41	36	41	0	0	0	0	0	0	0	0	0	0	0	0	6673494	
811	1	E	7	N	2500	0	40	48	63	4	1	1	0	0	0	0	0	0	0	0	0	0	0	0	6682916	
812	1	E	7	N	2500	0	40	455	1475	80	36	27	0	0	0	0	0	0	0	0	0	0	0	0	6682979	
813	1	E	7	N	2500	0	40	65	90	8	2	2	0	0	0	0	0	0	0	0	0	0	0	0	6683026	
814	1	E	7	N	2500	0	40	24	33	2	0	0	0	0	0	0	0	0	0	0	0	0	0	0	6683072	
815	1	E	7	N	2500	0	40	320	1124	62	28	22	0	0	0	0	0	0	0	0	0	0	0	0	6683260	
816	1	E	7	N	2500	0	40	342	1441	82	37	30	0	0	0	0	0	0	0	0	0	0	0	0	6683665	
817	1	E	7	N	2500	0	40	29	37	4	1	0	0	0	0	0	0	0	0	0	0	0	0	0	6683728	
818	1	E	7	N	2500	0	40	28	52	3	2	4	0	0	0	0	0	0	0	0	0	0	0	0	6684539	
819	1	E	7	N	2500	0	40	277	1293	84	46	35	0	0	0	0	0	0	0	0	0	0	0	0	6684695	
820	1	E	7	N	2500	0	40	404	1197	63	28	21	0	0	0	0	0	0	0	0	0	0	0	0	6685693	
821	1	E	7	N	2500	0	40	22	38	1	1	1	0	0	0	0	0	0	0	0	0	0	0	0	6685880	
822	1	E	7	N	2500	0	40	440	1589	112	45	32	0	0	0	0	0	0	0	0	0	0	0	0	6686177	
823	1	E	7	N	2500	0	40	32	30	1	1	0	0	0	0	0	0	0	0	0	0	0	0	0	6686270	
824	1	E	7	N	2500	0	40	44	55	4	5	4	0	0	0	0	0	0	0	0	0	0	0	0	6686302	
825	1	E	7	N	2500	0	40	74	403	39	40	47	0	0	0	0	0	0	0	0	0	0	0	0	6686380	
826	1	E	7	N	2500	0	40	25	42	1	0	0	0	0	0	0	0	0	0	0	0	0	0	0	6686770	
827	1	E	7	N	2500	0	40	444	1378	72	33	26	0	0	0	0	0	0	0	0	0	0	0	0	6686988	
828	1	E	7	N	2500	0	40	396	1367	74	36	29	0	0	0	0	0	0	0	0	0	0	0	0	6687035	
829	1	E	7	N	2500	0	40	28	58	5	5	4	0	0	0	0	0	0	0	0	0	0	0	0	6688517	
830	1	E	7	N	2500	0	40	22	34	1	1	1	0	0	0	0	0	0	0	0	0	0	0	0	6688798	
831	1	E	7	N	2500	0	40	515	1722	88	38	32	0	0	0	0	0	0	0	0	0	0	0	0	6688844	
832	1	E	8	N	2500	0	40	20	20	1	1	0	0	0	0	0	0	0	0	0	0	0	0	0	6696691	
833	1	E	8	N	2500	0	40	21	18	1	0	0	0	0	0	0	0	0	0	0	0	0	0	0	6697034	
834	1	E	8	N	2500	0	40	37	68	7	1	1	0	0	0	0	0	0	0	0	0	0	0	0	6697034	
835	1	E	8	N	2500	0	40	26	53	4	0	0	0	0	0	0	0	0	0	0	0	0	0	0	6697206	
836	1	E	8	N	2500	0	40	64	180	10	12	16	0	0	0	0	0	0	0	0	0	0	0	0	6697440	
837	1	E	8	N	2500	0	40	28	58	4	3	3	0	0	0	0	0	0	0	0	0	0	0	0	6697627	
838	1	E	8	N	2500	0	40	427	1210	63	28	24	0	0	0	0	0	0	0	0	0	0	0	0	6697814	
839	1	E	8	N	2500	0	40	268	978	51	23	22	0	0	0	0	0	0	0	0	0	0	0	0	6698111	
840	1	E	8	N	2500	0	40	28	37	4	0	0	0	0	0	0	0	0	0	0	0	0	0	0	6698204	
841	1	E	8	N	2500	0	40	50	110	8	8	10	0	0	0	0	0	0	0	0	0	0	0	0	6698641	
842	1	E	8	N	2500	0	40	481	1415	99	43	36	0	0	0	0	0	0	0	0	0	0	0	0	6698922	
843	1	E	8	N	2500	0	40	23	19	0	0	1	0	0	0	0	0	0	0	0	0	0	0	0	6698922	
844	1	E	8	N	2500	0	40	387	1074	52	22	22	0	0	0	0	0	0	0	0	0	0	0	0	6699265	
845	1	E	8	N	2500	0	40	77	91	10	3	2	0	0	0	0	0	0	0	0	0	0	0	0	6699593	
846	1	E	8	N	2500	0	40	27	36	0	0	0	0	0	0	0	0	0	0	0	0	0	0	0	6700030	
847	1	E	8	N	2500	0	40	282	1104	58	30	21	0	0	0	0	0	0	0	0	0	0	0	0	6700108	
848	1	E	8	N	2500	0	40	290	1051	63	27	22	0	0	0	0	0	0	0	0	0	0	0	0	6701044	
849	1	E	8	N	2500	0	40	27	30	1	1	1	0	0	0	0	0	0	0	0	0	0	0	0	6701200	
850	1	E	8	N	2500	0	40	30	44	2	2	2	0	0	0	0	0	0	0	0	0	0	0	0	6702042	
851	1	E	8	N	2500	0	40	52	78	4	3	2	0	0	0	0	0	0	0	0	0	0	0	0	6702104	
852	1	E	8	N	2500	0	40	21	29	1	1	1	0	0	0	0	0	0	0	0	0	0	0	0	6702214	
853	1	E	8	N	2500	0	40	24	33	1	0	1	0	0	0	0	0	0	0	0	0	0	0	0	6702401	
854	1	E	8	N	2500	0	40	27	53	3	2	2	0	0	0	0	0	0	0	0	0	0	0	0	6702463	
855	1	E	8	N	2500	0	40	68	232	19	19	21	0	0	0	0	0	0	0	0	0	0	0	0	6702666	
856	1	E	8	N	2500	0	40	305	807	36	18	18	0	0	0	0	0	0	0	0	0	0	0	0	6702744	
857	1	E	9	N	2500	0	40	83	106	10	4	3	0	0	0	0	0	0	0	0	0	0	0	0	6711589	
858	1	E	9	N	2500	0	40	62	106	9	3	2	0	0	0	0	0	0	0	0	0	0	0	0	6711761	
859	1	E	9	N	2500	0	40	20	20	1	1	0	0	0	0	0	0	0	0	0	0	0	0	0	6711964	
860	1	E	9	N	2500	0	40	89	110	12	3	2	0	0	0	0	0	0	0	0	0	0	0	0	6712104	
861	1	E	9	N	2500	0	40	59	81	3	2	3	0	0	0	0	0	0	0	0	0	0	0	0	6712151	
862	1	E	9	N	2500	0	40	380	1024	48	22	24	0	0	0	0	0	0	0	0	0	0	0	0	6712853	
863	1	E	9	N	2500	0	40	22	38	2	2	2	0	0	0	0	0	0	0	0	0	0	0	0	6713383	
864	1	E	9	N	2500	0	40	22	23	1	0	0	0	0	0	0	0	0	0	0	0	0	0	0	6713399	
865	1	E	9	N	2500	0	40	46	60	6	1	0	0	0	0	0	0	0	0	0	0	0	0	0	6713399	
866	1	E	9	N	2500	0	40	62	134	14	2	2	0	0	0	0	0	0	0	0	0	0	0	0	6713414	
867	1	E	9	N	2500	0	40	235	1384	235	44	32	0	0	0	0	0	0	0	0	0	0	0	0	6713414	
868	1	E	9	N	2500	0	40	22	28	2	0	0	0	0	0	0	0	0	0	0	0	0	0	0	6713414	
869	1	E	9	N	2500	0	40	34	32	2	1	1	0	0	0	0	0	0	0	0	0	0	0	0	6713539	
870	1	E	9	N	2500	0	40	355	729	35	16	14	0	0	0	0	0	0	0	0	0	0	0	0	6713570	
871	1	E	9	N	2500	0	40	219	411	15	7	8	0	0	0	0	0	0	0	0	0	0	0	0	6714366	
872	1	E	9	N	2500	0	40	347	816	43	16	15	0	0	0	0	0	0	0	0	0	0	0	0	6714366	
873	1	E	9	N	2500	0	40	313	678	33	13	13	0	0	0	0	0	0	0	0	0	0	0	0	6714382	
874	1	E	9	N	2500	0	40	298	1109	66	30	26	0	0	0	0	0	0	0	0	0	0	0	0	6714787	
875	1	E	9	N	2500	0	40	530	1449	56	28	30	0	0	0	0	0	0	0	0	0	0	0	0	6714943	
876	1	E	9	N	2500	0	40	345	700	24	14	13	0	0	0	0	0	0	0	0	0	0	0	0	6715099	
877	1	E	9	N	2500	0	40	202	825	35	20	19	0	0	0	0	0	0	0	0	0	0	0	0	6715552	
878	1	E	9	N	2500	0	40	75	174	16	5	2	0	0	0	0	0	0	0	0	0	0	0	0	6715754	
879	1	E	9	N	2500	0	40	210	739	34	17	16	0	0	0	0	0	0	0	0	0	0	0	0	6716098	
880	1	E	9	N	2500	0	40	249	948	52	22	18	0	0	0	0	0	0	0	0	0	0	0	0	6716285	
881	1	E	9	N	2500	0	40	26	42	1	1	2	0	0	0	0	0	0	0	0	0	0	0	0	6716332	
882	1	E	9	N	2500	0	40	30	31	1	1	2	0	0	0	0	0	0	0	0	0	0	0	0	6716410	
883	1	E	9	N	2500	0	40	382	873	42	19	20	0	0	0	0	0	0	0	0	0	0	0	0	6716534	
884	1	E	9	N	2500	0	40	27	32	1	1	2	0	0	0	0	0	0	0	0	0	0	0	0	6717361	
885	1	E	9	N	2500	0	40	122	162	3	2	2	0	0	0	0	0	0	0	0	0	0	0	0	6717829	
886	1	E	9	N	2500	0	40	69	267	32	33	40	0	0	0	0	0	0	0	0	0	0	0	0	6718079	
887	1	E	9	N	2500	0	40	20	17	0	0	0	0	0	0	0	0	0	0	0	0	0	0	0	6718188	
888	1	E	9	N	2500	0	40	71	79	1	1	2	0	0	0	0	0	0	0	0	0	0	0	0	6718204	
889	1	E	10	N	2500	0	40	274	567	21	14	12	0	0	0	0	0	0	0	0	0	0	0	0	6726862	
890	1	E	10	N	2500	0	40	38	35	4	1	1	0	0	0	0	0	0	0	0	0	0	0	0	6727455	
891	1	E	10	N	2500	0	40	24	47	1	1	1	0	0	0	0	0	0	0	0	0	0	0	0	6727486	
892	1	E	10	N	2500	0	40	24	37	1	1	1	0	0	0	0	0	0	0	0	0	0	0	0	6727782	
893	1	E	10	N	2500	0	40	215	289	11	6	7	0	0	0	0	0	0	0	0	0	0	0	0	6727907	
894	1	E	10	N	2500	0	40	36	59	2	3	2	0	0	0	0	0	0	0	0	0	0	0	0	6728484	
895	1	E	10	N	2500	0	40	345	788	28	16	19	0	0	0	0	0	0	0	0	0	0	0	0	6728874	
896	1	E	10	N	2500	0	40	336	684	27	14	10	0	0	0	0	0	0	0	0	0	0	0	0	6729249	
897	1	E	10	N	2500	0	40	273	559	25	10	12	0	0	0	0	0	0	0	0	0	0	0	0	6729529	
898	1	E	10	N	2500	0	40	23	18	1	1	2	0	0	0	0	0	0	0	0	0	0	0	0	6729810	
899	1	E	10	N	2500	0	40	326	752	29	16	19	0	0	0	0	0	0	0	0	0	0	0	0	6730824	
900	1	E	10	N	2500	0	40	27	52	3	3	4	0	0	0	0	0	0	0	0	0	0	0	0	6730980	
901	1	E	10	N	2500	0	40	27	47	3	2	2	0	0	0	0	0	0	0	0	0	0	0	0	6731011	
902	1	E	10	N	2500	0	40	21	32	0	0	1	0	0	0	0	0	0	0	0	0	0	0	0	6731386	
903	1	E	10	N	2500	0	40	184	710	28	17	16	0	0	0	0	0	0	0	0	0	0	0	0	6732041	
904	1	E	10	N	2500	0	40	23	36	10	8	9	0	0	0	0	0	0	0	0	0	0	0	0	6732041	
905	1	E	10	N	2500	0	40	39	55	4	4	5	0	0	0	0	0	0	0	0	0	0	0	0	6732790	
906	1	E	11	N	2500	0	40	155	249	7	4	7	0	0	0	0	0	0	0	0	0	0	0	0	6741058	
907	1	E	11	N	2500	0	40	51	177	17	17	20	0	0	0	0	0	0	0	0	0	0	0	0	6741417	
908	1	E	11	N	2500	0	40	40	50	2	2	2	0	0	0	0	0	0	0	0	0	0	0	0	6741432	
909	1	E	11	N	2500	0	40	247	408	16	7	10	0	0	0	0	0	0	0	0	0	0	0	0	6741432	
910	1	E	11	N	2500	0	40	395	770	40	16	20	0	0	0	0	0	0	0	0	0	0	0	0	6741807	
911	1	E	11	N	2500	0	40	97	107	2	1	2	0	0	0	0	0	0	0	0	0	0	0	0	6742025	
912	1	E	11	N	2500	0	40	71	258	18	19	22	0	0	0	0	0	0	0	0	0	0	0	0	6742462	
913	1	E	11	N	2500	0	40	22	26	2	0	0	0	0	0	0	0	0	0	0	0	0	0	0	6742633	
914	1	E	11	N	2500	0	40	56	110	10	5	3	0	0	0	0	0	0	0	0	0	0	0	0	6743601	
915	1	E	11	N	2500	0	40	31	82	5	4	3	0	0	0	0	0	0	0	0	0	0	0	0	6744459	
916	1	E	11	N	2500	0	40	46	85	5	7	6	0	0	0	0	0	0	0	0	0	0	0	0	6744615	
917	1	E	11	N	2500	0	40	70	277	38	26	30	0	0	0	0	0	0	0	0	0	0	0	0	6744942	
918	1	E	11	N	2500	0	40	205	286	8	5	8	0	0	0	0	0	0	0	0	0	0	0	0	6745020	
919	1	E	11	N	2500	0	40	37	39	3	1	1	0	0	0	0	0	0	0	0	0	0	0	0	6745176	
920	1	E	11	N	2500	0	40	28	51	2	1	2	0	0	0	0	0	0	0	0	0	0	0	0	6746019	
921	1	E	11	N	2500	0	40	21	22	1	1	1	0	0	0	0	0	0	0	0	0	0	0	0	6746065	
922	1	E	11	N	2500	0	40	32	65	1	1	1	0	0	0	0	0	0	0	0	0	0	0	0	6746377	
923	1	E	11	N	2500	0	40	23	39	1	0	0	0	0	0	0	0	0	0	0	0	0	0	0	6746736	
924	1	E	12	N	2500	0	40	52	112	5	5	6	0	0	0	0	0	0	0	0	0	0	0	0	6755691	
925	1	E	12	N	2500	0	40	210	337	12	6	5	0	0	0	0	0	0	0	0	0	0	0	0	6756081	
926	1	E	12	N	2500	0	40	56	113	11	4	3	0	0	0	0	0	0	0	0	0	0	0	0	6758093	
927	1	E	12	N	2500	0	40	33	51	2	2	4	0	0	0	0	0	0	0	0	0	0	0	0	6759357	
928	1	E	12	N	2500	0	40	198	278	8	3	7	0	0	0	0	0	0	0	0	0	0	0	0	6759575	
929	1	F	1	N	2500	0	40	27	36	3	1	1	0	0	0	0	0	0	0	0	0	0	0	0	6771447	
930	1	F	1	N	2500	0	40	376	1372	77	41	34	0	0	0	0	0	0	0	0	0	0	0	0	6771665	
931	1	F	1	N	2500	0	40	486	1823	92	48	33	0	0	0	0	0	0	0	0	0	0	0	0	6771821	
932	1	F	1	N	2500	0	40	23	31	0	0	0	0	0	0	0	0	0	0	0	0	0	0	0	6772195	
933	1	F	1	N	2500	0	40	32	40	3	1	0	0	0	0	0	0	0	0	0	0	0	0	0	6773724	
934	1	F	1	N	2500	0	40	27	26	2	0	0	0	0	0	0	0	0	0	0	0	0	0	0	6773771	
935	1	F	1	N	2500	0	40	52	94	7	2	1	0	0	0	0	0	0	0	0	0	0	0	0	6773771	
936	1	F	1	N	2500	0	40	264	1415	89	35	29	0	0	0	0	0	0	0	0	0	0	0	0	6774036	
937	1	F	1	N	2500	0	40	431	1424	79	40	34	0	0	0	0	0	0	0	0	0	0	0	0	6774551	
938	1	F	1	N	2500	0	40	42	51	6	6	9	0	0	0	0	0	0	0	0	0	0	0	0	6775066	
939	1	F	1	N	2500	0	40	57	77	7	1	1	0	0	0	0	0	0	0	0	0	0	0	0	6776049	
940	1	F	1	N	2500	0	40	108	751	128	156	187	0	0	0	0	0	0	0	0	0	0	0	0	6776735	
941	1	F	1	N	2500	0	40	28	38	0	1	2	0	0	0	0	0	0	0	0	0	0	0	0	6776735	
942	1	F	1	N	2500	0	40	405	1237	56	24	21	0	0	0	0	0	0	0	0	0	0	0	0	6777437	
943	1	F	2	N	2500	0	40	141	348	37	6	6	0	0	0	0	0	0	0	0	0	0	0	0	6786298	
944	1	F	2	N	2500	0	40	31	34	3	1	0	0	0	0	0	0	0	0	0	0	0	0	0	6786501	
945	1	F	2	N	2500	0	40	269	1156	58	25	23	0	0	0	0	0	0	0	0	0	0	0	0	6786719	
946	1	F	2	N	2500	0	40	45	63	6	1	0	0	0	0	0	0	0	0	0	0	0	0	0	6786781	
947	1	F	2	N	2500	0	40	416	1182	59	25	20	0	0	0	0	0	0	0	0	0	0	0	0	6786906	
948	1	F	2	N	2500	0	40	32	36	3	2	0	0	0	0	0	0	0	0	0	0	0	0	0	6787218	
949	1	F	2	N	2500	0	40	57	62	6	2	1	0	0	0	0	0	0	0	0	0	0	0	0	6787593	
950	1	F	2	N	2500	0	40	31	31	3	1	0	0	0	0	0	0	0	0	0	0	0	0	0	6789012	
951	1	F	2	N	2500	0	40	21	19	2	1	0	0	0	0	0	0	0	0	0	0	0	0	0	6789012	
952	1	F	2	N	2500	0	40	31	52	2	3	4	0	0	0	0	0	0	0	0	0	0	0	0	6789028	
953	1	F	2	N	2500	0	40	302	1481	75	41	33	0	0	0	0	0	0	0	0	0	0	0	0	6789262	
954	1	F	2	N	2500	0	40	35	32	2	0	0	0	0	0	0	0	0	0	0	0	0	0	0	6790213	
955	1	F	2	N	2500	0	40	45	42	3	1	2	0	0	0	0	0	0	0	0	0	0	0	0	6790385	
956	1	F	2	N	2500	0	40	35	58	4	3	4	0	0	0	0	0	0	0	0	0	0	0	0	6791040	
957	1	F	2	N	2500	0	40	30	27	1	0	0	0	0	0	0	0	0	0	0	0	0	0	0	6791992	
958	1	F	2	N	2500	0	40	209	962	54	25	22	0	0	0	0	0	0	0	0	0	0	0	0	6792460	
959	1	F	2	N	2500	0	40	413	1149	58	24	22	0	0	0	0	0	0	0	0	0	0	0	0	6792507	
960	1	F	2	N	2500	0	40	357	719	30	14	12	0	0	0	0	0	0	0	0	0	0	0	0	6792709	
961	1	F	3	N	2500	0	40	29	43	3	1	1	0	0	0	0	0	0	0	0	0	0	0	0	6800634	
962	1	F	3	N	2500	0	40	20	27	2	1	0	0	0	0	0	0	0	0	0	0	0	0	0	6800837	
963	1	F	3	N	2500	0	40	30	61	14	17	20	0	0	0	0	0	0	0	0	0	0	0	0	6800915	
964	1	F	3	N	2500	0	40	25	50	4	0	0	0	0	0	0	0	0	0	0	0	0	0	0	6800993	
965	1	F	3	N	2500	0	40	29	72	7	0	0	0	0	0	0	0	0	0	0	0	0	0	0	6801055	
966	1	F	3	N	2500	0	40	20	26	2	0	1	0	0	0	0	0	0	0	0	0	0	0	0	6801414	
967	1	F	3	N	2500	0	40	23	28	2	0	0	0	0	0	0	0	0	0	0	0	0	0	0	6801742	
968	1	F	3	N	2500	0	40	33	33	3	1	1	0	0	0	0	0	0	0	0	0	0	0	0	6802147	
969	1	F	3	N	2500	0	40	443	1215	67	30	24	0	0	0	0	0	0	0	0	0	0	0	0	6802647	
970	1	F	3	N	2500	0	40	42	105	11	2	1	0	0	0	0	0	0	0	0	0	0	0	0	6802662	
971	1	F	3	N	2500	0	40	66	191	24	4	2	0	0	0	0	0	0	0	0	0	0	0	0	6802662	
972	1	F	3	N	2500	0	40	48	56	5	2	1	0	0	0	0	0	0	0	0	0	0	0	0	6802725	
973	1	F	3	N	2500	0	40	95	127	15	5	2	0	0	0	0	0	0	0	0	0	0	0	0	6802725	
974	1	F	3	N	2500	0	40	72	105	11	5	3	0	0	0	0	0	0	0	0	0	0	0	0	6802725	
975	1	F	3	N	2500	0	40	98	507	61	65	78	0	0	0	0	0	0	0	0	0	0	0	0	6802818	
976	1	F	3	N	2500	0	40	25	26	2	1	0	0	0	0	0	0	0	0	0	0	0	0	0	6803037	
977	1	F	3	N	2500	0	40	331	704	25	13	12	0	0	0	0	0	0	0	0	0	0	0	0	6803052	
978	1	F	3	N	2500	0	40	48	117	21	1	1	0	0	0	0	0	0	0	0	0	0	0	0	6803442	
979	1	F	3	N	2500	0	40	56	149	15	15	16	0	0	0	0	0	0	0	0	0	0	0	0	6803848	
980	1	F	3	N	2500	0	40	502	1185	82	28	25	0	0	0	0	0	0	0	0	0	0	0	0	6803973	
981	1	F	3	N	2500	0	40	404	1095	50	24	22	0	0	0	0	0	0	0	0	0	0	0	0	6804628	
982	1	F	3	N	2500	0	40	22	37	1	1	1	0	0	0	0	0	0	0	0	0	0	0	0	6804799	
983	1	F	3	N	2500	0	40	438	1342	72	31	30	0	0	0	0	0	0	0	0	0	0	0	0	6805345	
984	1	F	3	N	2500	0	40	23	27	0	0	0	0	0	0	0	0	0	0	0	0	0	0	0	6806001	
985	1	F	3	N	2500	0	40	493	1475	84	35	33	0	0	0	0	0	0	0	0	0	0	0	0	6806422	
986	1	F	3	N	2500	0	40	387	961	42	19	19	0	0	0	0	0	0	0	0	0	0	0	0	6807607	
987	1	F	4	N	2500	0	40	74	270	29	28	35	0	0	0	0	0	0	0	0	0	0	0	0	6815719	
988	1	F	4	N	2500	0	40	297	580	23	10	14	0	0	0	0	0	0	0	0	0	0	0	0	6816437	
989	1	F	4	N	2500	0	40	27	40	2	2	2	0	0	0	0	0	0	0	0	0	0	0	0	6817467	
990	1	F	4	N	2500	0	40	353	944	44	23	24	0	0	0	0	0	0	0	0	0	0	0	0	6817872	
991	1	F	4	N	2500	0	40	211	796	37	20	22	0	0	0	0	0	0	0	0	0	0	0	0	6819479	
992	1	F	4	N	2500	0	40	271	815	55	30	29	0	0	0	0	0	0	0	0	0	0	0	0	6819916	
993	1	F	4	N	2500	0	40	20	23	1	0	1	0	0	0	0	0	0	0	0	0	0	0	0	6819947	
994	1	F	4	N	2500	0	40	290	493	23	10	10	0	0	0	0	0	0	0	0	0	0	0	0	6820025	
995	1	F	4	N	2500	0	40	22	45	4	4	4	0	0	0	0	0	0	0	0	0	0	0	0	6820119	
996	1	F	4	N	2500	0	40	22	37	2	1	2	0	0	0	0	0	0	0	0	0	0	0	0	6820228	
997	1	F	4	N	2500	0	40	30	56	13	15	18	0	0	0	0	0	0	0	0	0	0	0	0	6820945	
998	1	F	4	N	2500	0	40	32	42	1	1	3	0	0	0	0	0	0	0	0	0	0	0	0	6821725	
999	1	F	4	N	2500	0	40	91	336	40	38	40	0	0	0	0	0	0	0	0	0	0	0	0	6821803	
1000	1	F	4	N	2500	0	40	292	749	22	15	13	0	0	0	0	0	0	0	0	0	0	0	0	6822599	
1001	1	F	4	N	2500	0	40	706	2158	139	46	44	0	0	0	0	0	0	0	0	0	0	0	0	6822708	
1002	1	F	5	N	2500	0	40	27	51	2	1	1	0	0	0	0	0	0	0	0	0	0	0	0	6830259	
1003	1	F	5	N	2500	0	40	110	127	2	2	2	0	0	0	0	0	0	0	0	0	0	0	0	6830961	
1004	1	F	5	N	2500	0	40	328	579	23	12	11	0	0	0	0	0	0	0	0	0	0	0	0	6833348	
1005	1	F	5	N	2500	0	40	77	236	24	21	25	0	0	0	0	0	0	0	0	0	0	0	0	6834018	
1006	1	F	5	N	2500	0	40	66	162	5	4	3	0	0	0	0	0	0	0	0	0	0	0	0	6834299	
1007	1	F	5	N	2500	0	40	26	28	2	1	0	0	0	0	0	0	0	0	0	0	0	0	0	6834580	
1008	1	F	5	N	2500	0	40	27	34	1	1	0	0	0	0	0	0	0	0	0	0	0	0	0	6835610	
1009	1	F	5	N	2500	0	40	27	28	1	1	0	0	0	0	0	0	0	0	0	0	0	0	0	6837248	
1010	1	F	6	N	2500	0	40	143	167	3	2	4	0	0	0	0	0	0	0	0	0	0	0	0	6848480	
1011	1	F	7	N	2500	0	40	85	109	11	4	2	0	0	0	0	0	0	0	0	0	0	0	0	6861272	
1012	1	F	7	N	2500	0	40	63	68	6	3	1	0	0	0	0	0	0	0	0	0	0	0	0	6861396	
1013	1	F	7	N	2500	0	40	42	60	4	1	1	0	0	0	0	0	0	0	0	0	0	0	0	6861552	
1014	1	F	7	N	2500	0	40	22	17	2	1	0	0	0	0	0	0	0	0	0	0	0	0	0	6861584	
1015	1	F	7	N	2500	0	40	30	57	3	3	4	0	0	0	0	0	0	0	0	0	0	0	0	6861927	
1016	1	F	7	N	2500	0	40	23	26	0	0	1	0	0	0	0	0	0	0	0	0	0	0	0	6862598	
1017	1	F	7	N	2500	0	40	25	29	0	0	1	0	0	0	0	0	0	0	0	0	0	0	0	6862941	
1018	1	F	7	N	2500	0	40	59	102	4	3	2	0	0	0	0	0	0	0	0	0	0	0	0	6863128	
1019	1	F	7	N	2500	0	40	70	182	7	6	5	0	0	0	0	0	0	0	0	0	0	0	0	6863206	
1020	1	F	7	N	2500	0	40	20	22	0	0	0	0	0	0	0	0	0	0	0	0	0	0	0	6863284	
1021	1	F	7	N	2500	0	40	51	57	2	1	1	0	0	0	0	0	0	0	0	0	0	0	0	6863877	
1022	1	F	7	N	2500	0	40	59	90	3	2	3	0	0	0	0	0	0	0	0	0	0	0	0	6864360	
1023	1	F	7	N	2500	0	40	49	71	2	2	2	0	0	0	0	0	0	0	0	0	0	0	0	6864360	
1024	1	F	7	N	2500	0	40	31	45	1	1	2	0	0	0	0	0	0	0	0	0	0	0	0	6864485	
1025	1	F	7	N	2500	0	40	36	40	2	1	1	0	0	0	0	0	0	0	0	0	0	0	0	6864548	
1026	1	F	7	N	2500	0	40	32	34	1	1	2	0	0	0	0	0	0	0	0	0	0	0	0	6864548	
1027	1	F	7	N	2500	0	40	33	34	1	1	0	0	0	0	0	0	0	0	0	0	0	0	0	6864641	
1028	1	F	7	N	2500	0	40	60	69	2	2	2	0	0	0	0	0	0	0	0	0	0	0	0	6864657	
1029	1	F	7	N	2500	0	40	21	29	0	0	0	0	0	0	0	0	0	0	0	0	0	0	0	6864657	
1030	1	F	7	N	2500	0	40	28	42	1	1	2	0	0	0	0	0	0	0	0	0	0	0	0	6864657	
1031	1	F	7	N	2500	0	40	31	32	1	1	1	0	0	0	0	0	0	0	0	0	0	0	0	6864750	
1032	1	F	7	N	2500	0	40	27	45	2	2	2	0	0	0	0	0	0	0	0	0	0	0	0	6865203	
1033	1	F	7	N	2500	0	40	22	22	1	0	1	0	0	0	0	0	0	0	0	0	0	0	0	6865312	
1034	1	F	7	N	2500	0	40	20	16	0	0	0	0	0	0	0	0	0	0	0	0	0	0	0	6865468	
1035	1	F	7	N	2500	0	40	60	113	5	4	4	0	0	0	0	0	0	0	0	0	0	0	0	6865827	
1036	1	F	7	N	2500	0	40	58	156	11	10	11	0	0	0	0	0	0	0	0	0	0	0	0	6866014	
1037	1	F	7	N	2500	0	40	47	87	3	2	2	0	0	0	0	0	0	0	0	0	0	0	0	6866030	
1038	1	F	7	N	2500	0	40	39	44	1	1	1	0	0	0	0	0	0	0	0	0	0	0	0	6866030	
1039	1	F	7	N	2500	0	40	20	30	1	1	1	0	0	0	0	0	0	0	0	0	0	0	0	6866279	
1040	1	F	7	N	2500	0	40	28	25	0	1	1	0	0	0	0	0	0	0	0	0	0	0	0	6866279	
1041	1	F	7	N	2500	0	40	195	200	9	12	296	0	0	0	0	0	0	0	0	0	0	0	0	6866513	
1042	1	F	7	N	2500	0	40	268	299	14	16	358	0	0	0	0	0	0	0	0	0	0	0	0	6866513	
1043	1	F	7	N	2500	0	40	29	32	1	1	1	0	0	0	0	0	0	0	0	0	0	0	0	6866810	
1044	1	F	8	N	2500	0	40	45	112	7	1	1	0	0	0	0	0	0	0	0	0	0	0	0	6874266	
1045	1	F	8	N	2500	0	40	66	150	24	2	1	0	0	0	0	0	0	0	0	0	0	0	0	6874266	
1046	1	F	8	N	2500	0	40	86	176	19	3	2	0	0	0	0	0	0	0	0	0	0	0	0	6874266	
1047	1	F	8	N	2500	0	40	23	22	2	0	0	0	0	0	0	0	0	0	0	0	0	0	0	6874890	
1048	1	F	8	N	2500	0	40	66	179	14	5	3	0	0	0	0	0	0	0	0	0	0	0	0	6874984	
1049	1	F	8	N	2500	0	40	52	122	18	2	1	0	0	0	0	0	0	0	0	0	0	0	0	6874984	
1050	1	F	8	N	2500	0	40	20	25	0	0	1	0	0	0	0	0	0	0	0	0	0	0	0	6875702	
1051	1	F	8	N	2500	0	40	311	1150	59	26	21	0	0	0	0	0	0	0	0	0	0	0	0	6875967	
1052	1	F	8	N	2500	0	40	26	26	2	0	0	0	0	0	0	0	0	0	0	0	0	0	0	6876060	
1053	1	F	8	N	2500	0	40	37	46	3	1	0	0	0	0	0	0	0	0	0	0	0	0	0	6876372	
1054	1	F	8	N	2500	0	40	39	48	3	1	0	0	0	0	0	0	0	0	0	0	0	0	0	6876372	
1055	1	F	8	N	2500	0	40	61	108	5	5	7	0	0	0	0	0	0	0	0	0	0	0	0	6876419	
1056	1	F	8	N	2500	0	40	32	40	1	1	2	0	0	0	0	0	0	0	0	0	0	0	0	6876419	
1057	1	F	8	N	2500	0	40	85	120	10	2	2	0	0	0	0	0	0	0	0	0	0	0	0	6876575	
1058	1	F	8	N	2500	0	40	83	281	41	3	2	0	0	0	0	0	0	0	0	0	0	0	0	6877761	
1059	1	F	8	N	2500	0	40	28	25	2	1	1	0	0	0	0	0	0	0	0	0	0	0	0	6877761	
1060	1	F	8	N	2500	0	40	90	117	11	3	3	0	0	0	0	0	0	0	0	0	0	0	0	6877979	
1061	1	F	8	N	2500	0	40	64	176	15	12	18	0	0	0	0	0	0	0	0	0	0	0	0	6879758	
1062	1	F	8	N	2500	0	40	101	282	30	5	5	0	0	0	0	0	0	0	0	0	0	0	0	6880413	
1063	1	F	8	N	2500	0	40	271	841	108	17	13	0	0	0	0	0	0	0	0	0	0	0	0	6880413	
1064	1	F	8	N	2500	0	40	27	26	1	0	0	0	0	0	0	0	0	0	0	0	0	0	0	6880803	
1065	1	F	8	N	2500	0	40	25	28	2	0	0	0	0	0	0	0	0	0	0	0	0	0	0	6880818	
1066	1	F	8	N	2500	0	40	47	92	4	3	5	0	0	0	0	0	0	0	0	0	0	0	0	6880912	
1067	1	F	9	N	2500	0	40	30	56	3	4	4	0	0	0	0	0	0	0	0	0	0	0	0	6888837	
1068	1	F	9	N	2500	0	40	35	94	5	4	5	0	0	0	0	0	0	0	0	0	0	0	0	6888993	
1069	1	F	9	N	2500	0	40	70	141	10	1	1	0	0	0	0	0	0	0	0	0	0	0	0	6889539	
1070	1	F	9	N	2500	0	40	80	109	16	0	1	0	0	0	0	0	0	0	0	0	0	0	0	6889539	
1071	1	F	9	N	2500	0	40	90	157	14	1	1	0	0	0	0	0	0	0	0	0	0	0	0	6889554	
1072	1	F	9	N	2500	0	40	62	98	7	2	1	0	0	0	0	0	0	0	0	0	0	0	0	6889898	
1073	1	F	9	N	2500	0	40	129	462	62	5	5	0	0	0	0	0	0	0	0	0	0	0	0	6891333	
1074	1	F	9	N	2500	0	40	25	32	2	0	1	0	0	0	0	0	0	0	0	0	0	0	0	6891333	
1075	1	F	9	N	2500	0	40	30	48	3	2	3	0	0	0	0	0	0	0	0	0	0	0	0	6893610	
1076	1	F	9	N	2500	0	40	46	113	9	9	11	0	0	0	0	0	0	0	0	0	0	0	0	6894718	
1077	1	F	9	N	2500	0	40	73	244	27	25	28	0	0	0	0	0	0	0	0	0	0	0	0	6896028	
1078	1	F	9	N	2500	0	40	52	93	8	2	2	0	0	0	0	0	0	0	0	0	0	0	0	6896184	
1079	1	F	10	N	2500	0	40	20	19	1	0	0	0	0	0	0	0	0	0	0	0	0	0	0	6903485	
1080	1	F	10	N	2500	0	40	34	41	3	0	1	0	0	0	0	0	0	0	0	0	0	0	0	6903766	
1081	1	F	10	N	2500	0	40	51	153	13	12	15	0	0	0	0	0	0	0	0	0	0	0	0	6904983	
1082	1	F	10	N	2500	0	40	340	759	27	15	16	0	0	0	0	0	0	0	0	0	0	0	0	6908134	
1083	1	F	10	N	2500	0	40	33	41	1	1	1	0	0	0	0	0	0	0	0	0	0	0	0	6908399	
1084	1	F	10	N	2500	0	40	59	64	6	1	1	0	0	0	0	0	0	0	0	0	0	0	0	6909273	
1085	1	F	10	N	2500	0	40	48	128	21	2	3	0	0	0	0	0	0	0	0	0	0	0	0	6910864	
1086	1	F	11	N	2500	0	40	28	51	3	3	2	0	0	0	0	0	0	0	0	0	0	0	0	6919444	
1087	1	F	11	N	2500	0	40	21	27	1	2	1	0	0	0	0	0	0	0	0	0	0	0	0	6920318	
1088	1	F	11	N	2500	0	40	32	61	2	2	1	0	0	0	0	0	0	0	0	0	0	0	0	6920661	
1089	1	F	11	N	2500	0	40	25	31	1	1	0	0	0	0	0	0	0	0	0	0	0	0	0	6921269	
1090	1	F	11	N	2500	0	40	23	26	1	0	0	0	0	0	0	0	0	0	0	0	0	0	0	6922252	
1091	1	F	11	N	2500	0	40	50	153	10	13	15	0	0	0	0	0	0	0	0	0	0	0	0	6924732	
1092	1	F	11	N	2500	0	40	175	229	5	3	4	0	0	0	0	0	0	0	0	0	0	0	0	6925310	
1093	1	F	12	N	2500	0	40	24	46	1	2	2	0	0	0	0	0	0	0	0	0	0	0	0	6933297	


Threshold source: EXT,  value 50
Min TOF = 20
EXT signal gain 2.0
Green signal gain 3.0
Yellow signal gain 3.0
Red signal gain 3.0
Green PMT voltage 600
Yellow PMT voltage 600
Red PMT voltage 700
Signal multipliers: 5.0,5.0,5.0,5.0
C:\Users\unionbio\Desktop\COPAS Templates\USE for analysis.csv