Id	Plate	Row	Column	Clog	Scan rate	Status sort	Status sel	TOF	EXT	Green	Yellow	Red	PH Ext	PW Ext	PC Ext	PH Green	PW Green	PCGreen	PH Yellow	PW Yellow	PCYellow	PH Red	PW Red	PCRed	Time Stamp	
0	1	A	1	N	2500	0	40	58	200	16	17	21	0	0	0	0	0	0	0	0	0	0	0	0	7091263	
1	1	A	1	N	2500	0	40	39	157	9	1	1	0	0	0	0	0	0	0	0	0	0	0	0	7091606	
2	1	A	1	N	2500	0	40	518	1572	99	36	26	0	0	0	0	0	0	0	0	0	0	0	0	7093275	
3	1	A	1	N	2500	0	40	517	2074	108	47	35	0	0	0	0	0	0	0	0	0	0	0	0	7093322	
4	1	A	1	N	2500	0	40	21	18	1	0	0	0	0	0	0	0	0	0	0	0	0	0	0	7093572	
5	1	A	1	N	2500	0	40	324	1495	69	37	31	0	0	0	0	0	0	0	0	0	0	0	0	7094757	
6	1	A	1	N	2500	0	40	55	139	15	11	15	0	0	0	0	0	0	0	0	0	0	0	0	7094882	
7	1	A	1	N	2500	0	40	24	38	2	2	3	0	0	0	0	0	0	0	0	0	0	0	0	7095381	
8	1	A	1	N	2500	0	40	32	41	3	2	1	0	0	0	0	0	0	0	0	0	0	0	0	7095678	
9	1	A	1	N	2500	0	40	34	55	7	2	3	0	0	0	0	0	0	0	0	0	0	0	0	7095974	
10	1	A	1	N	2500	0	40	510	1358	86	30	27	0	0	0	0	0	0	0	0	0	0	0	0	7095990	
11	1	A	1	N	2500	0	40	500	1739	105	38	32	0	0	0	0	0	0	0	0	0	0	0	0	7096114	
12	1	A	1	N	2500	0	40	372	1044	59	21	18	0	0	0	0	0	0	0	0	0	0	0	0	7096395	
13	1	A	1	N	2500	0	40	45	106	8	7	9	0	0	0	0	0	0	0	0	0	0	0	0	7097503	
14	1	A	2	N	2500	0	40	69	138	13	5	3	0	0	0	0	0	0	0	0	0	0	0	0	7106270	
15	1	A	2	N	2500	0	40	504	1098	57	26	21	0	0	0	0	0	0	0	0	0	0	0	0	7106754	
16	1	A	2	N	2500	0	40	385	1035	52	20	19	0	0	0	0	0	0	0	0	0	0	0	0	7107003	
17	1	A	2	N	2500	0	40	66	262	26	25	30	0	0	0	0	0	0	0	0	0	0	0	0	7107752	
18	1	A	2	N	2500	0	40	386	989	46	20	16	0	0	0	0	0	0	0	0	0	0	0	0	7107861	
19	1	A	2	N	2500	0	40	32	46	4	1	1	0	0	0	0	0	0	0	0	0	0	0	0	7108158	
20	1	A	2	N	2500	0	40	406	1041	54	23	20	0	0	0	0	0	0	0	0	0	0	0	0	7108438	
21	1	A	2	N	2500	0	40	269	1229	70	31	25	0	0	0	0	0	0	0	0	0	0	0	0	7108766	
22	1	A	2	N	2500	0	40	29	38	4	2	0	0	0	0	0	0	0	0	0	0	0	0	0	7109062	
23	1	A	2	N	2500	0	40	373	944	46	20	20	0	0	0	0	0	0	0	0	0	0	0	0	7109718	
24	1	A	2	N	2500	0	40	222	854	54	21	18	0	0	0	0	0	0	0	0	0	0	0	0	7111714	
25	1	A	2	N	2500	0	40	409	1101	54	19	18	0	0	0	0	0	0	0	0	0	0	0	0	7111824	
26	1	A	2	N	2500	0	40	24	34	1	1	2	0	0	0	0	0	0	0	0	0	0	0	0	7112089	
27	1	A	3	N	2500	0	40	38	52	4	1	0	0	0	0	0	0	0	0	0	0	0	0	0	7120825	
28	1	A	3	N	2500	0	40	142	441	44	14	11	0	0	0	0	0	0	0	0	0	0	0	0	7120856	
29	1	A	3	N	2500	0	40	20	49	5	3	4	0	0	0	0	0	0	0	0	0	0	0	0	7121792	
30	1	A	3	N	2500	0	40	227	1072	62	29	29	0	0	0	0	0	0	0	0	0	0	0	0	7121901	
31	1	A	3	N	2500	0	40	603	1355	51	24	26	0	0	0	0	0	0	0	0	0	0	0	0	7124070	
32	1	A	3	N	2500	0	40	390	866	38	16	15	0	0	0	0	0	0	0	0	0	0	0	0	7124444	
33	1	A	3	N	2500	0	40	551	1368	49	25	27	0	0	0	0	0	0	0	0	0	0	0	0	7125130	
34	1	A	3	N	2500	0	40	535	1244	55	26	23	0	0	0	0	0	0	0	0	0	0	0	0	7125536	
35	1	A	3	N	2500	0	40	41	129	9	8	10	0	0	0	0	0	0	0	0	0	0	0	0	7126222	
36	1	A	3	N	2500	0	40	372	909	46	18	15	0	0	0	0	0	0	0	0	0	0	0	0	7126893	
37	1	A	3	N	2500	0	40	41	72	3	3	4	0	0	0	0	0	0	0	0	0	0	0	0	7127018	
38	1	A	4	N	2500	0	40	32	68	3	4	3	0	0	0	0	0	0	0	0	0	0	0	0	7135754	
39	1	A	4	N	2500	0	40	314	682	31	12	15	0	0	0	0	0	0	0	0	0	0	0	0	7135910	
40	1	A	4	N	2500	0	40	21	26	1	1	1	0	0	0	0	0	0	0	0	0	0	0	0	7136113	
41	1	A	4	N	2500	0	40	306	584	22	12	14	0	0	0	0	0	0	0	0	0	0	0	0	7136534	
42	1	A	4	N	2500	0	40	28	63	3	4	4	0	0	0	0	0	0	0	0	0	0	0	0	7137267	
43	1	A	4	N	2500	0	40	146	482	19	10	9	0	0	0	0	0	0	0	0	0	0	0	0	7137314	
44	1	A	4	N	2500	0	40	328	696	30	13	15	0	0	0	0	0	0	0	0	0	0	0	0	7138078	
45	1	A	4	N	2500	0	40	388	619	23	15	16	0	0	0	0	0	0	0	0	0	0	0	0	7138843	
46	1	A	4	N	2500	0	40	41	47	4	2	0	0	0	0	0	0	0	0	0	0	0	0	0	7138936	
47	1	A	4	N	2500	0	40	376	799	31	16	18	0	0	0	0	0	0	0	0	0	0	0	0	7138999	
48	1	A	4	N	2500	0	40	335	716	27	15	14	0	0	0	0	0	0	0	0	0	0	0	0	7140247	
49	1	A	4	N	2500	0	40	35	72	3	4	5	0	0	0	0	0	0	0	0	0	0	0	0	7141011	
50	1	A	4	N	2500	0	40	26	24	1	0	0	0	0	0	0	0	0	0	0	0	0	0	0	7141214	
51	1	A	4	N	2500	0	40	316	674	22	13	14	0	0	0	0	0	0	0	0	0	0	0	0	7141495	
52	1	A	4	N	2500	0	40	36	59	7	3	1	0	0	0	0	0	0	0	0	0	0	0	0	7141900	
53	1	A	4	N	2500	0	40	50	117	18	0	0	0	0	0	0	0	0	0	0	0	0	0	0	7142259	
54	1	A	5	N	2500	0	40	47	59	2	2	1	0	0	0	0	0	0	0	0	0	0	0	0	7149810	
55	1	A	5	N	2500	0	40	44	99	21	1	1	0	0	0	0	0	0	0	0	0	0	0	0	7150824	
56	1	A	5	N	2500	0	40	276	554	18	14	15	0	0	0	0	0	0	0	0	0	0	0	0	7150902	
57	1	A	5	N	2500	0	40	65	103	9	3	2	0	0	0	0	0	0	0	0	0	0	0	0	7151416	
58	1	A	5	N	2500	0	40	269	487	16	10	10	0	0	0	0	0	0	0	0	0	0	0	0	7151666	
59	1	A	5	N	2500	0	40	271	504	17	9	11	0	0	0	0	0	0	0	0	0	0	0	0	7151838	
60	1	A	5	N	2500	0	40	38	89	7	6	8	0	0	0	0	0	0	0	0	0	0	0	0	7151962	
61	1	A	5	N	2500	0	40	222	287	10	6	7	0	0	0	0	0	0	0	0	0	0	0	0	7152072	
62	1	A	5	N	2500	0	40	72	89	13	4	4	0	0	0	0	0	0	0	0	0	0	0	0	7152820	
63	1	A	6	N	2500	0	40	22	22	1	0	0	0	0	0	0	0	0	0	0	0	0	0	0	7164520	
64	1	A	6	N	2500	0	40	26	32	2	2	1	0	0	0	0	0	0	0	0	0	0	0	0	7167313	
65	1	A	6	N	2500	0	40	67	163	11	11	14	0	0	0	0	0	0	0	0	0	0	0	0	7168264	
66	1	A	6	N	2500	0	40	33	91	2	1	1	0	0	0	0	0	0	0	0	0	0	0	0	7168686	
67	1	A	6	N	2500	0	40	25	27	1	0	0	0	0	0	0	0	0	0	0	0	0	0	0	7171790	
68	1	A	7	N	2500	0	40	31	36	3	1	1	0	0	0	0	0	0	0	0	0	0	0	0	7179153	
69	1	A	7	N	2500	0	40	186	276	7	4	6	0	0	0	0	0	0	0	0	0	0	0	0	7179356	
70	1	A	7	N	2500	0	40	33	74	9	5	6	0	0	0	0	0	0	0	0	0	0	0	0	7181119	
71	1	A	7	N	2500	0	40	179	249	7	4	6	0	0	0	0	0	0	0	0	0	0	0	0	7181525	
72	1	A	7	N	2500	0	40	89	355	38	35	46	0	0	0	0	0	0	0	0	0	0	0	0	7182024	
73	1	A	7	N	2500	0	40	283	512	20	9	10	0	0	0	0	0	0	0	0	0	0	0	0	7184364	
74	1	A	7	N	2500	0	40	225	470	20	9	11	0	0	0	0	0	0	0	0	0	0	0	0	7184551	
75	1	A	7	N	2500	0	40	21	29	0	0	0	0	0	0	0	0	0	0	0	0	0	0	0	7184879	
76	1	A	7	N	2500	0	40	21	21	0	0	0	0	0	0	0	0	0	0	0	0	0	0	0	7184879	
77	1	A	7	N	2500	0	40	223	319	9	6	8	0	0	0	0	0	0	0	0	0	0	0	0	7185487	
78	1	A	7	N	2500	0	40	78	327	33	31	35	0	0	0	0	0	0	0	0	0	0	0	0	7185612	
79	1	A	7	N	2500	0	40	62	161	15	13	14	0	0	0	0	0	0	0	0	0	0	0	0	7185690	
80	1	A	7	N	2500	0	40	35	72	11	13	15	0	0	0	0	0	0	0	0	0	0	0	0	7186345	
81	1	A	8	N	2500	0	40	26	23	1	0	0	0	0	0	0	0	0	0	0	0	0	0	0	7193802	
82	1	A	8	N	2500	0	40	22	41	1	0	0	0	0	0	0	0	0	0	0	0	0	0	0	7195128	
83	1	A	8	N	2500	0	40	263	1351	66	31	26	0	0	0	0	0	0	0	0	0	0	0	0	7196781	
84	1	A	8	N	2500	0	40	420	1577	69	44	31	0	0	0	0	0	0	0	0	0	0	0	0	7196891	
85	1	A	8	N	2500	0	40	455	1463	83	42	32	0	0	0	0	0	0	0	0	0	0	0	0	7197140	
86	1	A	8	N	2500	0	40	475	1678	83	41	34	0	0	0	0	0	0	0	0	0	0	0	0	7198185	
87	1	A	8	N	2500	0	40	481	1551	85	41	41	0	0	0	0	0	0	0	0	0	0	0	0	7198763	
88	1	A	8	N	2500	0	40	398	1367	75	29	22	0	0	0	0	0	0	0	0	0	0	0	0	7198919	
89	1	A	9	N	2500	0	40	38	79	3	4	5	0	0	0	0	0	0	0	0	0	0	0	0	7209074	
90	1	A	9	N	2500	0	40	21	28	5	0	0	0	0	0	0	0	0	0	0	0	0	0	0	7209651	
91	1	A	9	N	2500	0	40	444	1161	50	25	20	0	0	0	0	0	0	0	0	0	0	0	0	7211929	
92	1	A	9	N	2500	0	40	496	1473	74	29	30	0	0	0	0	0	0	0	0	0	0	0	0	7212740	
93	1	A	9	N	2500	0	40	39	72	4	3	4	0	0	0	0	0	0	0	0	0	0	0	0	7212818	
94	1	A	9	N	2500	0	40	428	1184	61	29	25	0	0	0	0	0	0	0	0	0	0	0	0	7214129	
95	1	A	9	N	2500	0	40	42	47	5	5	7	0	0	0	0	0	0	0	0	0	0	0	0	7215439	
96	1	A	10	N	2500	0	40	389	992	39	20	21	0	0	0	0	0	0	0	0	0	0	0	0	7224269	
97	1	A	10	N	2500	0	40	34	78	4	4	6	0	0	0	0	0	0	0	0	0	0	0	0	7224362	
98	1	A	10	N	2500	0	40	39	39	1	2	3	0	0	0	0	0	0	0	0	0	0	0	0	7224830	
99	1	A	10	N	2500	0	40	388	1006	45	25	23	0	0	0	0	0	0	0	0	0	0	0	0	7226827	
100	1	A	10	N	2500	0	40	23	40	2	2	2	0	0	0	0	0	0	0	0	0	0	0	0	7228340	
101	1	A	10	N	2500	0	40	42	71	2	2	2	0	0	0	0	0	0	0	0	0	0	0	0	7228340	
102	1	A	10	N	2500	0	40	31	50	3	2	4	0	0	0	0	0	0	0	0	0	0	0	0	7228449	
103	1	A	10	N	2500	0	40	391	1080	52	25	21	0	0	0	0	0	0	0	0	0	0	0	0	7229697	
104	1	A	10	N	2500	0	40	21	28	0	0	1	0	0	0	0	0	0	0	0	0	0	0	0	7230290	
105	1	A	11	N	2500	0	40	34	34	3	1	0	0	0	0	0	0	0	0	0	0	0	0	0	7241709	
106	1	A	11	N	2500	0	40	358	1101	70	29	22	0	0	0	0	0	0	0	0	0	0	0	0	7242287	
107	1	A	11	N	2500	0	40	56	153	9	8	9	0	0	0	0	0	0	0	0	0	0	0	0	7242380	
108	1	A	11	N	2500	0	40	35	73	4	4	6	0	0	0	0	0	0	0	0	0	0	0	0	7242833	
109	1	A	11	N	2500	0	40	58	140	8	8	9	0	0	0	0	0	0	0	0	0	0	0	0	7243176	
110	1	A	11	N	2500	0	40	29	54	5	5	4	0	0	0	0	0	0	0	0	0	0	0	0	7243254	
111	1	A	11	N	2500	0	40	192	262	5	3	7	0	0	0	0	0	0	0	0	0	0	0	0	7244237	
112	1	A	11	N	2500	0	40	39	59	2	2	4	0	0	0	0	0	0	0	0	0	0	0	0	7244611	
113	1	B	1	N	2500	0	40	60	94	20	1	1	0	0	0	0	0	0	0	0	0	0	0	0	7268775	
114	1	B	1	N	2500	0	40	30	41	1	0	0	0	0	0	0	0	0	0	0	0	0	0	0	7268853	
115	1	B	1	N	2500	0	40	24	31	2	0	0	0	0	0	0	0	0	0	0	0	0	0	0	7268978	
116	1	B	1	N	2500	0	40	116	292	46	3	3	0	0	0	0	0	0	0	0	0	0	0	0	7268994	
117	1	B	1	N	2500	0	40	36	47	3	1	1	0	0	0	0	0	0	0	0	0	0	0	0	7269290	
118	1	B	1	N	2500	0	40	31	30	3	0	0	0	0	0	0	0	0	0	0	0	0	0	0	7269290	
119	1	B	1	N	2500	0	40	89	160	14	2	1	0	0	0	0	0	0	0	0	0	0	0	0	7269306	
120	1	B	1	N	2500	0	40	20	28	11	9	14	0	0	0	0	0	0	0	0	0	0	0	0	7269649	
121	1	B	1	N	2500	0	40	58	112	8	3	2	0	0	0	0	0	0	0	0	0	0	0	0	7269696	
122	1	B	1	N	2500	0	40	24	37	2	1	1	0	0	0	0	0	0	0	0	0	0	0	0	7270117	
123	1	B	1	N	2500	0	40	27	32	3	0	0	0	0	0	0	0	0	0	0	0	0	0	0	7270117	
124	1	B	1	N	2500	0	40	21	18	1	0	0	0	0	0	0	0	0	0	0	0	0	0	0	7270445	
125	1	B	1	N	2500	0	40	32	40	2	0	0	0	0	0	0	0	0	0	0	0	0	0	0	7270507	
126	1	B	1	N	2500	0	40	24	35	2	1	2	0	0	0	0	0	0	0	0	0	0	0	0	7270928	
127	1	B	1	N	2500	0	40	24	27	2	0	0	0	0	0	0	0	0	0	0	0	0	0	0	7272441	
128	1	B	1	N	2500	0	40	21	30	1	1	1	0	0	0	0	0	0	0	0	0	0	0	0	7272488	
129	1	B	1	N	2500	0	40	26	55	3	4	4	0	0	0	0	0	0	0	0	0	0	0	0	7272972	
130	1	B	1	N	2500	0	40	33	38	2	0	0	0	0	0	0	0	0	0	0	0	0	0	0	7273705	
131	1	B	1	N	2500	0	40	25	38	2	1	2	0	0	0	0	0	0	0	0	0	0	0	0	7273814	
132	1	B	1	N	2500	0	40	27	52	2	2	3	0	0	0	0	0	0	0	0	0	0	0	0	7274204	
133	1	B	1	N	2500	0	40	48	187	18	17	19	0	0	0	0	0	0	0	0	0	0	0	0	7274625	
134	1	B	1	N	2500	0	40	41	107	6	6	7	0	0	0	0	0	0	0	0	0	0	0	0	7276076	
135	1	B	2	N	2500	0	40	57	79	6	1	1	0	0	0	0	0	0	0	0	0	0	0	0	7283907	
136	1	B	2	N	2500	0	40	62	203	25	3	2	0	0	0	0	0	0	0	0	0	0	0	0	7284063	
137	1	B	2	N	2500	0	40	26	31	1	0	0	0	0	0	0	0	0	0	0	0	0	0	0	7284141	
138	1	B	2	N	2500	0	40	102	300	41	3	2	0	0	0	0	0	0	0	0	0	0	0	0	7284625	
139	1	B	2	N	2500	0	40	43	38	2	1	1	0	0	0	0	0	0	0	0	0	0	0	0	7284781	
140	1	B	2	N	2500	0	40	54	62	6	1	0	0	0	0	0	0	0	0	0	0	0	0	0	7284797	
141	1	B	2	N	2500	0	40	29	32	3	0	0	0	0	0	0	0	0	0	0	0	0	0	0	7284797	
142	1	B	2	N	2500	0	40	28	34	3	0	0	0	0	0	0	0	0	0	0	0	0	0	0	7284812	
143	1	B	2	N	2500	0	40	30	46	4	1	1	0	0	0	0	0	0	0	0	0	0	0	0	7284812	
144	1	B	2	N	2500	0	40	70	92	6	2	1	0	0	0	0	0	0	0	0	0	0	0	0	7284937	
145	1	B	2	N	2500	0	40	45	80	7	1	0	0	0	0	0	0	0	0	0	0	0	0	0	7285187	
146	1	B	2	N	2500	0	40	21	18	1	0	0	0	0	0	0	0	0	0	0	0	0	0	0	7285452	
147	1	B	2	N	2500	0	40	29	44	2	2	2	0	0	0	0	0	0	0	0	0	0	0	0	7285499	
148	1	B	2	N	2500	0	40	36	89	5	6	6	0	0	0	0	0	0	0	0	0	0	0	0	7285514	
149	1	B	2	N	2500	0	40	25	26	1	0	0	0	0	0	0	0	0	0	0	0	0	0	0	7285717	
150	1	B	2	N	2500	0	40	23	25	1	0	0	0	0	0	0	0	0	0	0	0	0	0	0	7285857	
151	1	B	2	N	2500	0	40	548	1440	71	31	29	0	0	0	0	0	0	0	0	0	0	0	0	7286013	
152	1	B	2	N	2500	0	40	21	36	2	0	0	0	0	0	0	0	0	0	0	0	0	0	0	7286076	
153	1	B	2	N	2500	0	40	134	250	20	2	2	0	0	0	0	0	0	0	0	0	0	0	0	7286403	
154	1	B	2	N	2500	0	40	122	774	89	93	106	0	0	0	0	0	0	0	0	0	0	0	0	7286528	
155	1	B	2	N	2500	0	40	70	148	10	2	1	0	0	0	0	0	0	0	0	0	0	0	0	7286559	
156	1	B	2	N	2500	0	40	68	139	12	1	1	0	0	0	0	0	0	0	0	0	0	0	0	7286653	
157	1	B	2	N	2500	0	40	37	46	3	0	1	0	0	0	0	0	0	0	0	0	0	0	0	7286793	
158	1	B	2	N	2500	0	40	416	1086	51	21	20	0	0	0	0	0	0	0	0	0	0	0	0	7286949	
159	1	B	2	N	2500	0	40	78	101	7	2	1	0	0	0	0	0	0	0	0	0	0	0	0	7287761	
160	1	B	2	N	2500	0	40	25	27	2	0	0	0	0	0	0	0	0	0	0	0	0	0	0	7288775	
161	1	B	2	N	2500	0	40	25	28	2	0	0	0	0	0	0	0	0	0	0	0	0	0	0	7288884	
162	1	B	2	N	2500	0	40	35	73	5	1	1	0	0	0	0	0	0	0	0	0	0	0	0	7289024	
163	1	B	2	N	2500	0	40	29	48	4	0	0	0	0	0	0	0	0	0	0	0	0	0	0	7289024	
164	1	B	2	N	2500	0	40	30	47	3	0	0	0	0	0	0	0	0	0	0	0	0	0	0	7289243	
165	1	B	2	N	2500	0	40	33	33	0	0	1	0	0	0	0	0	0	0	0	0	0	0	0	7289602	
166	1	B	3	N	2500	0	40	26	25	2	0	0	0	0	0	0	0	0	0	0	0	0	0	0	7298182	
167	1	B	3	N	2500	0	40	25	23	1	0	0	0	0	0	0	0	0	0	0	0	0	0	0	7298275	
168	1	B	3	N	2500	0	40	56	112	19	1	1	0	0	0	0	0	0	0	0	0	0	0	0	7298291	
169	1	B	3	N	2500	0	40	93	220	32	2	1	0	0	0	0	0	0	0	0	0	0	0	0	7298494	
170	1	B	3	N	2500	0	40	29	30	2	0	0	0	0	0	0	0	0	0	0	0	0	0	0	7298618	
171	1	B	3	N	2500	0	40	72	161	31	1	2	0	0	0	0	0	0	0	0	0	0	0	0	7298743	
172	1	B	3	N	2500	0	40	458	1206	62	27	26	0	0	0	0	0	0	0	0	0	0	0	0	7298790	
173	1	B	3	N	2500	0	40	41	66	5	0	0	0	0	0	0	0	0	0	0	0	0	0	0	7299149	
174	1	B	3	N	2500	0	40	40	67	4	0	0	0	0	0	0	0	0	0	0	0	0	0	0	7300522	
175	1	B	3	N	2500	0	40	31	62	6	1	0	0	0	0	0	0	0	0	0	0	0	0	0	7300568	
176	1	B	3	N	2500	0	40	39	38	3	0	1	0	0	0	0	0	0	0	0	0	0	0	0	7300724	
177	1	B	3	N	2500	0	40	76	156	11	0	1	0	0	0	0	0	0	0	0	0	0	0	0	7300943	
178	1	B	3	N	2500	0	40	58	128	10	0	1	0	0	0	0	0	0	0	0	0	0	0	0	7300943	
179	1	B	3	N	2500	0	40	28	40	2	1	0	0	0	0	0	0	0	0	0	0	0	0	0	7301083	
180	1	B	3	N	2500	0	40	37	56	3	1	1	0	0	0	0	0	0	0	0	0	0	0	0	7301957	
181	1	B	3	N	2500	0	40	28	49	4	3	3	0	0	0	0	0	0	0	0	0	0	0	0	7302019	
182	1	B	3	N	2500	0	40	57	177	24	2	1	0	0	0	0	0	0	0	0	0	0	0	0	7302253	
183	1	B	3	N	2500	0	40	49	68	4	1	1	0	0	0	0	0	0	0	0	0	0	0	0	7302362	
184	1	B	3	N	2500	0	40	51	65	6	1	1	0	0	0	0	0	0	0	0	0	0	0	0	7302362	
185	1	B	3	N	2500	0	40	103	277	28	3	3	0	0	0	0	0	0	0	0	0	0	0	0	7302456	
186	1	B	3	N	2500	0	40	36	31	1	1	0	0	0	0	0	0	0	0	0	0	0	0	0	7303579	
187	1	B	3	N	2500	0	40	223	661	26	15	13	0	0	0	0	0	0	0	0	0	0	0	0	7304032	
188	1	B	3	N	2500	0	40	27	57	2	2	3	0	0	0	0	0	0	0	0	0	0	0	0	7304718	
189	1	B	3	N	2500	0	40	38	66	5	1	0	0	0	0	0	0	0	0	0	0	0	0	0	7304843	
190	1	B	4	N	2500	0	40	28	28	1	0	0	0	0	0	0	0	0	0	0	0	0	0	0	7312924	
191	1	B	4	N	2500	0	40	38	51	4	0	0	0	0	0	0	0	0	0	0	0	0	0	0	7313002	
192	1	B	4	N	2500	0	40	32	34	2	0	0	0	0	0	0	0	0	0	0	0	0	0	0	7313064	
193	1	B	4	N	2500	0	40	22	45	4	0	0	0	0	0	0	0	0	0	0	0	0	0	0	7313080	
194	1	B	4	N	2500	0	40	64	94	9	0	0	0	0	0	0	0	0	0	0	0	0	0	0	7313111	
195	1	B	4	N	2500	0	40	85	153	19	1	1	0	0	0	0	0	0	0	0	0	0	0	0	7313204	
196	1	B	4	N	2500	0	40	20	25	1	0	0	0	0	0	0	0	0	0	0	0	0	0	0	7313392	
197	1	B	4	N	2500	0	40	30	81	7	0	0	0	0	0	0	0	0	0	0	0	0	0	0	7313532	
198	1	B	4	N	2500	0	40	38	133	9	1	0	0	0	0	0	0	0	0	0	0	0	0	0	7313626	
199	1	B	4	N	2500	0	40	26	38	2	0	0	0	0	0	0	0	0	0	0	0	0	0	0	7313641	
200	1	B	4	N	2500	0	40	40	36	3	0	0	0	0	0	0	0	0	0	0	0	0	0	0	7313704	
201	1	B	4	N	2500	0	40	21	17	2	0	0	0	0	0	0	0	0	0	0	0	0	0	0	7313704	
202	1	B	4	N	2500	0	40	41	45	4	1	1	0	0	0	0	0	0	0	0	0	0	0	0	7313766	
203	1	B	4	N	2500	0	40	22	32	3	0	0	0	0	0	0	0	0	0	0	0	0	0	0	7313782	
204	1	B	4	N	2500	0	40	41	63	6	1	1	0	0	0	0	0	0	0	0	0	0	0	0	7313828	
205	1	B	4	N	2500	0	40	52	108	18	2	0	0	0	0	0	0	0	0	0	0	0	0	0	7313828	
206	1	B	4	N	2500	0	40	125	371	39	8	6	0	0	0	0	0	0	0	0	0	0	0	0	7313828	
207	1	B	4	N	2500	0	40	28	46	3	0	0	0	0	0	0	0	0	0	0	0	0	0	0	7313828	
208	1	B	4	N	2500	0	40	36	50	2	0	1	0	0	0	0	0	0	0	0	0	0	0	0	7313891	
209	1	B	4	N	2500	0	40	34	51	3	0	0	0	0	0	0	0	0	0	0	0	0	0	0	7313906	
210	1	B	4	N	2500	0	40	25	32	2	0	1	0	0	0	0	0	0	0	0	0	0	0	0	7314140	
211	1	B	4	N	2500	0	40	35	48	4	0	0	0	0	0	0	0	0	0	0	0	0	0	0	7314156	
212	1	B	4	N	2500	0	40	53	68	9	0	1	0	0	0	0	0	0	0	0	0	0	0	0	7314608	
213	1	B	4	N	2500	0	40	26	46	4	1	0	0	0	0	0	0	0	0	0	0	0	0	0	7314640	
214	1	B	4	N	2500	0	40	59	93	11	0	0	0	0	0	0	0	0	0	0	0	0	0	0	7314796	
215	1	B	4	N	2500	0	40	55	66	3	2	1	0	0	0	0	0	0	0	0	0	0	0	0	7314842	
216	1	B	4	N	2500	0	40	59	209	38	3	2	0	0	0	0	0	0	0	0	0	0	0	0	7314905	
217	1	B	4	N	2500	0	40	64	102	7	2	2	0	0	0	0	0	0	0	0	0	0	0	0	7314920	
218	1	B	4	N	2500	0	40	89	255	44	4	2	0	0	0	0	0	0	0	0	0	0	0	0	7314952	
219	1	B	4	N	2500	0	40	50	125	13	11	13	0	0	0	0	0	0	0	0	0	0	0	0	7314967	
220	1	B	4	N	2500	0	40	30	63	3	4	4	0	0	0	0	0	0	0	0	0	0	0	0	7315014	
221	1	B	4	N	2500	0	40	81	360	56	5	4	0	0	0	0	0	0	0	0	0	0	0	0	7315482	
222	1	B	4	N	2500	0	40	27	26	2	0	0	0	0	0	0	0	0	0	0	0	0	0	0	7316387	
223	1	B	4	N	2500	0	40	61	230	24	23	27	0	0	0	0	0	0	0	0	0	0	0	0	7317604	
224	1	B	4	N	2500	0	40	281	564	28	10	12	0	0	0	0	0	0	0	0	0	0	0	0	7317619	
225	1	B	4	N	2500	0	40	55	75	6	1	1	0	0	0	0	0	0	0	0	0	0	0	0	7317619	
226	1	B	4	N	2500	0	40	29	67	3	4	4	0	0	0	0	0	0	0	0	0	0	0	0	7317869	
227	1	B	4	N	2500	0	40	28	33	3	0	0	0	0	0	0	0	0	0	0	0	0	0	0	7317931	
228	1	B	4	N	2500	0	40	23	21	1	0	1	0	0	0	0	0	0	0	0	0	0	0	0	7318072	
229	1	B	4	N	2500	0	40	355	720	30	16	18	0	0	0	0	0	0	0	0	0	0	0	0	7318633	
230	1	B	4	N	2500	0	40	54	184	16	14	19	0	0	0	0	0	0	0	0	0	0	0	0	7319039	
231	1	B	5	N	2500	0	40	37	68	5	0	1	0	0	0	0	0	0	0	0	0	0	0	0	7327556	
232	1	B	5	N	2500	0	40	94	242	33	4	5	0	0	0	0	0	0	0	0	0	0	0	0	7327681	
233	1	B	5	N	2500	0	40	63	198	21	19	22	0	0	0	0	0	0	0	0	0	0	0	0	7327728	
234	1	B	5	N	2500	0	40	95	240	25	4	4	0	0	0	0	0	0	0	0	0	0	0	0	7327744	
235	1	B	5	N	2500	0	40	57	104	11	1	1	0	0	0	0	0	0	0	0	0	0	0	0	7327759	
236	1	B	5	N	2500	0	40	53	114	9	1	0	0	0	0	0	0	0	0	0	0	0	0	0	7327775	
237	1	B	5	N	2500	0	40	67	238	45	2	2	0	0	0	0	0	0	0	0	0	0	0	0	7327775	
238	1	B	5	N	2500	0	40	68	112	7	3	1	0	0	0	0	0	0	0	0	0	0	0	0	7327790	
239	1	B	5	N	2500	0	40	203	332	12	10	10	0	0	0	0	0	0	0	0	0	0	0	0	7327884	
240	1	B	5	N	2500	0	40	40	70	4	1	2	0	0	0	0	0	0	0	0	0	0	0	0	7327931	
241	1	B	5	N	2500	0	40	20	19	1	0	0	0	0	0	0	0	0	0	0	0	0	0	0	7328243	
242	1	B	5	N	2500	0	40	32	49	3	0	1	0	0	0	0	0	0	0	0	0	0	0	0	7328446	
243	1	B	5	N	2500	0	40	60	106	19	2	1	0	0	0	0	0	0	0	0	0	0	0	0	7328461	
244	1	B	5	N	2500	0	40	34	49	3	1	0	0	0	0	0	0	0	0	0	0	0	0	0	7328477	
245	1	B	5	N	2500	0	40	43	45	2	1	0	0	0	0	0	0	0	0	0	0	0	0	0	7328477	
246	1	B	5	N	2500	0	40	21	18	2	0	0	0	0	0	0	0	0	0	0	0	0	0	0	7328555	
247	1	B	5	N	2500	0	40	30	41	3	1	1	0	0	0	0	0	0	0	0	0	0	0	0	7328602	
248	1	B	5	N	2500	0	40	26	26	2	0	1	0	0	0	0	0	0	0	0	0	0	0	0	7328648	
249	1	B	5	N	2500	0	40	36	64	7	1	1	0	0	0	0	0	0	0	0	0	0	0	0	7328898	
250	1	B	5	N	2500	0	40	21	20	0	0	1	0	0	0	0	0	0	0	0	0	0	0	0	7328960	
251	1	B	5	N	2500	0	40	34	47	7	0	0	0	0	0	0	0	0	0	0	0	0	0	0	7329163	
252	1	B	5	N	2500	0	40	88	402	30	32	41	0	0	0	0	0	0	0	0	0	0	0	0	7329226	
253	1	B	5	N	2500	0	40	83	200	18	4	3	0	0	0	0	0	0	0	0	0	0	0	0	7329460	
254	1	B	5	N	2500	0	40	21	17	0	0	0	0	0	0	0	0	0	0	0	0	0	0	0	7329662	
255	1	B	5	N	2500	0	40	33	36	3	1	0	0	0	0	0	0	0	0	0	0	0	0	0	7329725	
256	1	B	5	N	2500	0	40	96	176	17	5	4	0	0	0	0	0	0	0	0	0	0	0	0	7330286	
257	1	B	5	N	2500	0	40	25	27	1	0	0	0	0	0	0	0	0	0	0	0	0	0	0	7330302	
258	1	B	5	N	2500	0	40	47	100	7	1	1	0	0	0	0	0	0	0	0	0	0	0	0	7330474	
259	1	B	5	N	2500	0	40	52	77	6	1	1	0	0	0	0	0	0	0	0	0	0	0	0	7330567	
260	1	B	5	N	2500	0	40	54	48	3	0	1	0	0	0	0	0	0	0	0	0	0	0	0	7330661	
261	1	B	5	N	2500	0	40	20	17	1	0	0	0	0	0	0	0	0	0	0	0	0	0	0	7330661	
262	1	B	5	N	2500	0	40	59	103	9	2	2	0	0	0	0	0	0	0	0	0	0	0	0	7331940	
263	1	B	5	N	2500	0	40	35	81	4	4	7	0	0	0	0	0	0	0	0	0	0	0	0	7331956	
264	1	B	5	N	2500	0	40	46	105	7	7	9	0	0	0	0	0	0	0	0	0	0	0	0	7332221	
265	1	B	5	N	2500	0	40	126	171	17	3	4	0	0	0	0	0	0	0	0	0	0	0	0	7332502	
266	1	B	5	N	2500	0	40	46	109	6	6	6	0	0	0	0	0	0	0	0	0	0	0	0	7332642	
267	1	B	5	N	2500	0	40	61	102	10	2	1	0	0	0	0	0	0	0	0	0	0	0	0	7332954	
268	1	B	5	N	2500	0	40	113	316	10	6	5	0	0	0	0	0	0	0	0	0	0	0	0	7333484	
269	1	B	5	N	2500	0	40	60	106	12	2	2	0	0	0	0	0	0	0	0	0	0	0	0	7333984	
270	1	B	6	N	2500	0	40	32	29	2	0	0	0	0	0	0	0	0	0	0	0	0	0	0	7342392	
271	1	B	6	N	2500	0	40	72	254	18	22	27	0	0	0	0	0	0	0	0	0	0	0	0	7342844	
272	1	B	6	N	2500	0	40	35	64	7	6	6	0	0	0	0	0	0	0	0	0	0	0	0	7342907	
273	1	B	6	N	2500	0	40	25	21	2	0	0	0	0	0	0	0	0	0	0	0	0	0	0	7343422	
274	1	B	6	N	2500	0	40	39	66	3	0	1	0	0	0	0	0	0	0	0	0	0	0	0	7343422	
275	1	B	6	N	2500	0	40	72	192	19	6	5	0	0	0	0	0	0	0	0	0	0	0	0	7343812	
276	1	B	6	N	2500	0	40	37	41	2	1	1	0	0	0	0	0	0	0	0	0	0	0	0	7344233	
277	1	B	6	N	2500	0	40	21	25	1	0	0	0	0	0	0	0	0	0	0	0	0	0	0	7344576	
278	1	B	6	N	2500	0	40	68	132	10	3	2	0	0	0	0	0	0	0	0	0	0	0	0	7345465	
279	1	B	6	N	2500	0	40	29	28	2	0	0	0	0	0	0	0	0	0	0	0	0	0	0	7345465	
280	1	B	6	N	2500	0	40	136	228	14	3	3	0	0	0	0	0	0	0	0	0	0	0	0	7345840	
281	1	B	6	N	2500	0	40	48	130	11	3	3	0	0	0	0	0	0	0	0	0	0	0	0	7347103	
282	1	B	6	N	2500	0	40	84	196	23	6	3	0	0	0	0	0	0	0	0	0	0	0	0	7347384	
283	1	B	6	N	2500	0	40	20	16	2	0	0	0	0	0	0	0	0	0	0	0	0	0	0	7347384	
284	1	B	6	N	2500	0	40	30	33	2	0	0	0	0	0	0	0	0	0	0	0	0	0	0	7348226	
285	1	B	7	N	2500	0	40	29	47	3	1	1	0	0	0	0	0	0	0	0	0	0	0	0	7356947	
286	1	B	7	N	2500	0	40	43	76	6	1	1	0	0	0	0	0	0	0	0	0	0	0	0	7357181	
287	1	B	7	N	2500	0	40	64	162	13	1	1	0	0	0	0	0	0	0	0	0	0	0	0	7357212	
288	1	B	7	N	2500	0	40	47	42	3	1	1	0	0	0	0	0	0	0	0	0	0	0	0	7357228	
289	1	B	7	N	2500	0	40	102	258	19	5	3	0	0	0	0	0	0	0	0	0	0	0	0	7357290	
290	1	B	7	N	2500	0	40	41	73	8	0	1	0	0	0	0	0	0	0	0	0	0	0	0	7357508	
291	1	B	7	N	2500	0	40	20	17	1	0	0	0	0	0	0	0	0	0	0	0	0	0	0	7357524	
292	1	B	7	N	2500	0	40	76	161	16	1	1	0	0	0	0	0	0	0	0	0	0	0	0	7357571	
293	1	B	7	N	2500	0	40	21	42	3	3	2	0	0	0	0	0	0	0	0	0	0	0	0	7357680	
294	1	B	7	N	2500	0	40	382	1341	76	35	27	0	0	0	0	0	0	0	0	0	0	0	0	7357727	
295	1	B	7	N	2500	0	40	25	22	1	0	0	0	0	0	0	0	0	0	0	0	0	0	0	7357789	
296	1	B	7	N	2500	0	40	35	47	8	0	0	0	0	0	0	0	0	0	0	0	0	0	0	7357820	
297	1	B	7	N	2500	0	40	106	168	14	2	3	0	0	0	0	0	0	0	0	0	0	0	0	7358008	
298	1	B	7	N	2500	0	40	24	20	1	0	1	0	0	0	0	0	0	0	0	0	0	0	0	7358023	
299	1	B	7	N	2500	0	40	35	39	3	1	1	0	0	0	0	0	0	0	0	0	0	0	0	7358210	
300	1	B	7	N	2500	0	40	22	19	1	0	0	0	0	0	0	0	0	0	0	0	0	0	0	7358242	
301	1	B	7	N	2500	0	40	22	37	3	0	0	0	0	0	0	0	0	0	0	0	0	0	0	7358538	
302	1	B	7	N	2500	0	40	69	98	8	1	2	0	0	0	0	0	0	0	0	0	0	0	0	7358600	
303	1	B	7	N	2500	0	40	43	56	4	0	0	0	0	0	0	0	0	0	0	0	0	0	0	7358975	
304	1	B	7	N	2500	0	40	22	23	1	0	0	0	0	0	0	0	0	0	0	0	0	0	0	7359536	
305	1	B	7	N	2500	0	40	31	27	1	0	0	0	0	0	0	0	0	0	0	0	0	0	0	7359646	
306	1	B	7	N	2500	0	40	21	17	1	0	0	0	0	0	0	0	0	0	0	0	0	0	0	7359755	
307	1	B	7	N	2500	0	40	58	70	5	1	2	0	0	0	0	0	0	0	0	0	0	0	0	7359817	
308	1	B	7	N	2500	0	40	33	57	3	1	1	0	0	0	0	0	0	0	0	0	0	0	0	7360410	
309	1	B	7	N	2500	0	40	30	46	3	1	1	0	0	0	0	0	0	0	0	0	0	0	0	7360535	
310	1	B	7	N	2500	0	40	56	137	15	2	1	0	0	0	0	0	0	0	0	0	0	0	0	7360738	
311	1	B	7	N	2500	0	40	356	1446	84	35	25	0	0	0	0	0	0	0	0	0	0	0	0	7360784	
312	1	B	7	N	2500	0	40	81	452	55	50	59	0	0	0	0	0	0	0	0	0	0	0	0	7360862	
313	1	B	7	N	2500	0	40	26	30	2	0	1	0	0	0	0	0	0	0	0	0	0	0	0	7361096	
314	1	B	7	N	2500	0	40	72	102	9	2	2	0	0	0	0	0	0	0	0	0	0	0	0	7361549	
315	1	B	7	N	2500	0	40	24	21	0	0	0	0	0	0	0	0	0	0	0	0	0	0	0	7361876	
316	1	B	7	N	2500	0	40	366	1178	67	32	26	0	0	0	0	0	0	0	0	0	0	0	0	7361970	
317	1	B	7	N	2500	0	40	20	26	2	0	0	0	0	0	0	0	0	0	0	0	0	0	0	7362360	
318	1	B	8	N	2500	0	40	28	41	2	1	1	0	0	0	0	0	0	0	0	0	0	0	0	7371751	
319	1	B	8	N	2500	0	40	23	23	1	0	0	0	0	0	0	0	0	0	0	0	0	0	0	7371860	
320	1	B	8	N	2500	0	40	35	53	8	1	0	0	0	0	0	0	0	0	0	0	0	0	0	7371907	
321	1	B	8	N	2500	0	40	34	78	7	0	0	0	0	0	0	0	0	0	0	0	0	0	0	7371985	
322	1	B	8	N	2500	0	40	59	197	16	2	2	0	0	0	0	0	0	0	0	0	0	0	0	7372812	
323	1	B	8	N	2500	0	40	127	216	36	4	4	0	0	0	0	0	0	0	0	0	0	0	0	7372828	
324	1	B	8	N	2500	0	40	22	29	1	0	0	0	0	0	0	0	0	0	0	0	0	0	0	7372859	
325	1	B	8	N	2500	0	40	21	25	1	0	0	0	0	0	0	0	0	0	0	0	0	0	0	7373155	
326	1	B	8	N	2500	0	40	23	21	1	0	0	0	0	0	0	0	0	0	0	0	0	0	0	7373296	
327	1	B	8	N	2500	0	40	25	43	2	0	0	0	0	0	0	0	0	0	0	0	0	0	0	7373327	
328	1	B	8	N	2500	0	40	216	1080	60	23	20	0	0	0	0	0	0	0	0	0	0	0	0	7373561	
329	1	B	8	N	2500	0	40	36	106	8	8	10	0	0	0	0	0	0	0	0	0	0	0	0	7373748	
330	1	B	8	N	2500	0	40	56	105	8	6	7	0	0	0	0	0	0	0	0	0	0	0	0	7373764	
331	1	B	8	N	2500	0	40	44	39	3	0	0	0	0	0	0	0	0	0	0	0	0	0	0	7373842	
332	1	B	8	N	2500	0	40	25	35	2	0	0	0	0	0	0	0	0	0	0	0	0	0	0	7373842	
333	1	B	8	N	2500	0	40	24	22	2	0	0	0	0	0	0	0	0	0	0	0	0	0	0	7373904	
334	1	B	8	N	2500	0	40	31	33	3	0	0	0	0	0	0	0	0	0	0	0	0	0	0	7373904	
335	1	B	8	N	2500	0	40	27	55	3	0	1	0	0	0	0	0	0	0	0	0	0	0	0	7373982	
336	1	B	8	N	2500	0	40	27	54	3	0	0	0	0	0	0	0	0	0	0	0	0	0	0	7374232	
337	1	B	8	N	2500	0	40	23	33	0	1	2	0	0	0	0	0	0	0	0	0	0	0	0	7374419	
338	1	B	8	N	2500	0	40	64	147	13	2	1	0	0	0	0	0	0	0	0	0	0	0	0	7374840	
339	1	B	8	N	2500	0	40	27	41	3	1	1	0	0	0	0	0	0	0	0	0	0	0	0	7375214	
340	1	B	8	N	2500	0	40	96	164	18	2	2	0	0	0	0	0	0	0	0	0	0	0	0	7375760	
341	1	B	8	N	2500	0	40	24	47	2	0	0	0	0	0	0	0	0	0	0	0	0	0	0	7375776	
342	1	B	8	N	2500	0	40	106	561	62	7	8	0	0	0	0	0	0	0	0	0	0	0	0	7375776	
343	1	B	8	N	2500	0	40	81	84	7	2	1	0	0	0	0	0	0	0	0	0	0	0	0	7375963	
344	1	B	8	N	2500	0	40	395	1048	54	21	21	0	0	0	0	0	0	0	0	0	0	0	0	7376213	
345	1	B	8	N	2500	0	40	22	41	4	3	3	0	0	0	0	0	0	0	0	0	0	0	0	7376556	
346	1	B	8	N	2500	0	40	32	85	7	6	6	0	0	0	0	0	0	0	0	0	0	0	0	7376556	
347	1	B	8	N	2500	0	40	24	40	1	1	0	0	0	0	0	0	0	0	0	0	0	0	0	7376556	
348	1	B	8	N	2500	0	40	390	1029	49	20	18	0	0	0	0	0	0	0	0	0	0	0	0	7376852	
349	1	B	8	N	2500	0	40	69	116	6	5	5	0	0	0	0	0	0	0	0	0	0	0	0	7376962	
350	1	B	8	N	2500	0	40	43	69	6	1	2	0	0	0	0	0	0	0	0	0	0	0	0	7377024	
351	1	B	8	N	2500	0	40	52	74	5	1	0	0	0	0	0	0	0	0	0	0	0	0	0	7377055	
352	1	B	8	N	2500	0	40	391	872	40	17	12	0	0	0	0	0	0	0	0	0	0	0	0	7377102	
353	1	B	8	N	2500	0	40	36	58	6	0	0	0	0	0	0	0	0	0	0	0	0	0	0	7377274	
354	1	B	8	N	2500	0	40	36	59	4	1	1	0	0	0	0	0	0	0	0	0	0	0	0	7377352	
355	1	B	8	N	2500	0	40	30	34	2	0	0	0	0	0	0	0	0	0	0	0	0	0	0	7377554	
356	1	B	8	N	2500	0	40	34	70	3	3	4	0	0	0	0	0	0	0	0	0	0	0	0	7377679	
357	1	B	8	N	2500	0	40	30	31	2	0	0	0	0	0	0	0	0	0	0	0	0	0	0	7377820	
358	1	B	8	N	2500	0	40	75	196	26	3	3	0	0	0	0	0	0	0	0	0	0	0	0	7377960	
359	1	B	8	N	2500	0	40	42	51	1	1	2	0	0	0	0	0	0	0	0	0	0	0	0	7378381	
360	1	B	8	N	2500	0	40	49	54	4	0	1	0	0	0	0	0	0	0	0	0	0	0	0	7378428	
361	1	B	8	N	2500	0	40	67	95	8	2	2	0	0	0	0	0	0	0	0	0	0	0	0	7378428	
362	1	B	8	N	2500	0	40	25	33	2	0	1	0	0	0	0	0	0	0	0	0	0	0	0	7378428	
363	1	B	8	N	2500	0	40	27	29	2	0	0	0	0	0	0	0	0	0	0	0	0	0	0	7378600	
364	1	B	8	N	2500	0	40	29	29	2	0	0	0	0	0	0	0	0	0	0	0	0	0	0	7378724	
365	1	B	8	N	2500	0	40	84	93	5	2	3	0	0	0	0	0	0	0	0	0	0	0	0	7378740	
366	1	B	9	N	2500	0	40	65	131	16	1	1	0	0	0	0	0	0	0	0	0	0	0	0	7386712	
367	1	B	9	N	2500	0	40	43	80	8	1	0	0	0	0	0	0	0	0	0	0	0	0	0	7386946	
368	1	B	9	N	2500	0	40	40	97	7	0	0	0	0	0	0	0	0	0	0	0	0	0	0	7386946	
369	1	B	9	N	2500	0	40	70	114	10	3	2	0	0	0	0	0	0	0	0	0	0	0	0	7386946	
370	1	B	9	N	2500	0	40	36	62	9	0	0	0	0	0	0	0	0	0	0	0	0	0	0	7387008	
371	1	B	9	N	2500	0	40	26	23	1	0	0	0	0	0	0	0	0	0	0	0	0	0	0	7387024	
372	1	B	9	N	2500	0	40	33	46	5	1	1	0	0	0	0	0	0	0	0	0	0	0	0	7387117	
373	1	B	9	N	2500	0	40	44	62	4	1	2	0	0	0	0	0	0	0	0	0	0	0	0	7387570	
374	1	B	9	N	2500	0	40	39	46	4	0	0	0	0	0	0	0	0	0	0	0	0	0	0	7387585	
375	1	B	9	N	2500	0	40	31	31	3	0	0	0	0	0	0	0	0	0	0	0	0	0	0	7387616	
376	1	B	9	N	2500	0	40	25	30	2	0	0	0	0	0	0	0	0	0	0	0	0	0	0	7387679	
377	1	B	9	N	2500	0	40	51	89	9	1	1	0	0	0	0	0	0	0	0	0	0	0	0	7387694	
378	1	B	9	N	2500	0	40	59	203	30	3	3	0	0	0	0	0	0	0	0	0	0	0	0	7387772	
379	1	B	9	N	2500	0	40	68	132	7	1	1	0	0	0	0	0	0	0	0	0	0	0	0	7387788	
380	1	B	9	N	2500	0	40	95	278	24	6	3	0	0	0	0	0	0	0	0	0	0	0	0	7387928	
381	1	B	9	N	2500	0	40	33	50	5	1	1	0	0	0	0	0	0	0	0	0	0	0	0	7387928	
382	1	B	9	N	2500	0	40	53	87	6	2	1	0	0	0	0	0	0	0	0	0	0	0	0	7388272	
383	1	B	9	N	2500	0	40	20	19	1	0	0	0	0	0	0	0	0	0	0	0	0	0	0	7388287	
384	1	B	9	N	2500	0	40	106	363	50	7	4	0	0	0	0	0	0	0	0	0	0	0	0	7388287	
385	1	B	9	N	2500	0	40	38	44	4	1	1	0	0	0	0	0	0	0	0	0	0	0	0	7388786	
386	1	B	9	N	2500	0	40	24	22	1	0	0	0	0	0	0	0	0	0	0	0	0	0	0	7388864	
387	1	B	9	N	2500	0	40	20	20	1	0	0	0	0	0	0	0	0	0	0	0	0	0	0	7389473	
388	1	B	9	N	2500	0	40	353	811	35	16	16	0	0	0	0	0	0	0	0	0	0	0	0	7389535	
389	1	B	9	N	2500	0	40	23	28	2	0	0	0	0	0	0	0	0	0	0	0	0	0	0	7389800	
390	1	B	9	N	2500	0	40	50	63	6	0	0	0	0	0	0	0	0	0	0	0	0	0	0	7390050	
391	1	B	9	N	2500	0	40	230	851	41	20	19	0	0	0	0	0	0	0	0	0	0	0	0	7390175	
392	1	B	9	N	2500	0	40	425	915	44	17	17	0	0	0	0	0	0	0	0	0	0	0	0	7390518	
393	1	B	9	N	2500	0	40	140	769	133	106	123	0	0	0	0	0	0	0	0	0	0	0	0	7390658	
394	1	B	9	N	2500	0	40	57	80	8	1	2	0	0	0	0	0	0	0	0	0	0	0	0	7390690	
395	1	B	9	N	2500	0	40	26	31	2	0	0	0	0	0	0	0	0	0	0	0	0	0	0	7390861	
396	1	B	9	N	2500	0	40	73	126	12	1	1	0	0	0	0	0	0	0	0	0	0	0	0	7391641	
397	1	B	9	N	2500	0	40	305	900	57	26	25	0	0	0	0	0	0	0	0	0	0	0	0	7392047	
398	1	B	9	N	2500	0	40	25	23	2	0	0	0	0	0	0	0	0	0	0	0	0	0	0	7392062	
399	1	B	9	N	2500	0	40	27	29	0	0	0	0	0	0	0	0	0	0	0	0	0	0	0	7392780	
400	1	B	9	N	2500	0	40	419	1142	60	23	27	0	0	0	0	0	0	0	0	0	0	0	0	7393700	
401	1	B	10	N	2500	0	40	21	18	1	0	0	0	0	0	0	0	0	0	0	0	0	0	0	7401048	
402	1	B	10	N	2500	0	40	147	508	61	11	9	0	0	0	0	0	0	0	0	0	0	0	0	7401485	
403	1	B	10	N	2500	0	40	98	163	28	3	4	0	0	0	0	0	0	0	0	0	0	0	0	7401516	
404	1	B	10	N	2500	0	40	42	49	4	1	1	0	0	0	0	0	0	0	0	0	0	0	0	7401641	
405	1	B	10	N	2500	0	40	29	31	2	0	1	0	0	0	0	0	0	0	0	0	0	0	0	7401735	
406	1	B	10	N	2500	0	40	21	25	1	0	0	0	0	0	0	0	0	0	0	0	0	0	0	7401797	
407	1	B	10	N	2500	0	40	50	261	57	6	4	0	0	0	0	0	0	0	0	0	0	0	0	7401797	
408	1	B	10	N	2500	0	40	167	937	162	24	15	0	0	0	0	0	0	0	0	0	0	0	0	7401797	
409	1	B	10	N	2500	0	40	29	25	1	0	0	0	0	0	0	0	0	0	0	0	0	0	0	7401797	
410	1	B	10	N	2500	0	40	106	268	22	8	4	0	0	0	0	0	0	0	0	0	0	0	0	7401813	
411	1	B	10	N	2500	0	40	29	67	7	0	1	0	0	0	0	0	0	0	0	0	0	0	0	7402031	
412	1	B	10	N	2500	0	40	32	62	4	1	1	0	0	0	0	0	0	0	0	0	0	0	0	7402093	
413	1	B	10	N	2500	0	40	37	38	4	0	0	0	0	0	0	0	0	0	0	0	0	0	0	7402125	
414	1	B	10	N	2500	0	40	57	202	22	20	25	0	0	0	0	0	0	0	0	0	0	0	0	7402390	
415	1	B	10	N	2500	0	40	176	539	128	9	6	0	0	0	0	0	0	0	0	0	0	0	0	7402577	
416	1	B	10	N	2500	0	40	21	21	1	0	0	0	0	0	0	0	0	0	0	0	0	0	0	7403607	
417	1	B	10	N	2500	0	40	43	57	4	1	0	0	0	0	0	0	0	0	0	0	0	0	0	7403669	
418	1	B	10	N	2500	0	40	28	32	3	0	0	0	0	0	0	0	0	0	0	0	0	0	0	7403950	
419	1	B	10	N	2500	0	40	179	967	124	13	11	0	0	0	0	0	0	0	0	0	0	0	0	7403950	
420	1	B	10	N	2500	0	40	29	24	2	0	0	0	0	0	0	0	0	0	0	0	0	0	0	7404043	
421	1	B	10	N	2500	0	40	115	126	10	2	2	0	0	0	0	0	0	0	0	0	0	0	0	7404293	
422	1	B	10	N	2500	0	40	20	31	2	1	1	0	0	0	0	0	0	0	0	0	0	0	0	7404324	
423	1	B	10	N	2500	0	40	21	18	1	0	0	0	0	0	0	0	0	0	0	0	0	0	0	7404418	
424	1	B	10	N	2500	0	40	20	18	1	0	0	0	0	0	0	0	0	0	0	0	0	0	0	7404621	
425	1	B	10	N	2500	0	40	35	50	2	4	8	0	0	0	0	0	0	0	0	0	0	0	0	7404699	
426	1	B	10	N	2500	0	40	20	22	0	1	1	0	0	0	0	0	0	0	0	0	0	0	0	7405572	
427	1	B	10	N	2500	0	40	29	67	7	7	6	0	0	0	0	0	0	0	0	0	0	0	0	7405900	
428	1	B	10	N	2500	0	40	38	47	4	0	1	0	0	0	0	0	0	0	0	0	0	0	0	7406056	
429	1	B	10	N	2500	0	40	55	171	14	12	17	0	0	0	0	0	0	0	0	0	0	0	0	7406227	
430	1	B	10	N	2500	0	40	21	21	1	0	1	0	0	0	0	0	0	0	0	0	0	0	0	7406430	
431	1	B	10	N	2500	0	40	245	562	25	12	10	0	0	0	0	0	0	0	0	0	0	0	0	7406493	
432	1	B	10	N	2500	0	40	32	43	6	3	3	0	0	0	0	0	0	0	0	0	0	0	0	7406539	
433	1	B	10	N	2500	0	40	213	389	10	7	7	0	0	0	0	0	0	0	0	0	0	0	0	7407195	
434	1	B	10	N	2500	0	40	52	109	9	2	2	0	0	0	0	0	0	0	0	0	0	0	0	7407351	
435	1	B	10	N	2500	0	40	27	45	2	2	2	0	0	0	0	0	0	0	0	0	0	0	0	7407819	
436	1	B	11	N	2500	0	40	85	110	8	2	2	0	0	0	0	0	0	0	0	0	0	0	0	7415697	
437	1	B	11	N	2500	0	40	65	125	15	1	1	0	0	0	0	0	0	0	0	0	0	0	0	7415775	
438	1	B	11	N	2500	0	40	21	35	3	0	0	0	0	0	0	0	0	0	0	0	0	0	0	7415806	
439	1	B	11	N	2500	0	40	69	69	5	2	2	0	0	0	0	0	0	0	0	0	0	0	0	7415837	
440	1	B	11	N	2500	0	40	22	28	3	0	0	0	0	0	0	0	0	0	0	0	0	0	0	7415868	
441	1	B	11	N	2500	0	40	20	16	2	0	0	0	0	0	0	0	0	0	0	0	0	0	0	7415899	
442	1	B	11	N	2500	0	40	43	131	9	8	10	0	0	0	0	0	0	0	0	0	0	0	0	7415931	
443	1	B	11	N	2500	0	40	42	87	6	1	1	0	0	0	0	0	0	0	0	0	0	0	0	7415977	
444	1	B	11	N	2500	0	40	44	73	8	1	0	0	0	0	0	0	0	0	0	0	0	0	0	7415993	
445	1	B	11	N	2500	0	40	55	135	24	2	3	0	0	0	0	0	0	0	0	0	0	0	0	7416024	
446	1	B	11	N	2500	0	40	44	62	6	1	1	0	0	0	0	0	0	0	0	0	0	0	0	7416024	
447	1	B	11	N	2500	0	40	79	199	18	4	2	0	0	0	0	0	0	0	0	0	0	0	0	7416133	
448	1	B	11	N	2500	0	40	182	336	16	9	7	0	0	0	0	0	0	0	0	0	0	0	0	7416258	
449	1	B	11	N	2500	0	40	38	45	3	1	1	0	0	0	0	0	0	0	0	0	0	0	0	7416305	
450	1	B	11	N	2500	0	40	28	65	4	0	1	0	0	0	0	0	0	0	0	0	0	0	0	7416321	
451	1	B	11	N	2500	0	40	90	155	14	4	5	0	0	0	0	0	0	0	0	0	0	0	0	7416445	
452	1	B	11	N	2500	0	40	94	121	10	3	1	0	0	0	0	0	0	0	0	0	0	0	0	7416492	
453	1	B	11	N	2500	0	40	62	146	14	1	1	0	0	0	0	0	0	0	0	0	0	0	0	7416617	
454	1	B	11	N	2500	0	40	24	28	1	0	0	0	0	0	0	0	0	0	0	0	0	0	0	7416633	
455	1	B	11	N	2500	0	40	52	54	4	0	0	0	0	0	0	0	0	0	0	0	0	0	0	7416757	
456	1	B	11	N	2500	0	40	20	17	1	0	0	0	0	0	0	0	0	0	0	0	0	0	0	7416789	
457	1	B	11	N	2500	0	40	84	215	31	2	2	0	0	0	0	0	0	0	0	0	0	0	0	7416820	
458	1	B	11	N	2500	0	40	28	32	1	0	0	0	0	0	0	0	0	0	0	0	0	0	0	7416851	
459	1	B	11	N	2500	0	40	36	96	7	2	1	0	0	0	0	0	0	0	0	0	0	0	0	7416945	
460	1	B	11	N	2500	0	40	46	57	4	1	1	0	0	0	0	0	0	0	0	0	0	0	0	7417038	
461	1	B	11	N	2500	0	40	45	65	6	1	1	0	0	0	0	0	0	0	0	0	0	0	0	7417069	
462	1	B	11	N	2500	0	40	127	339	34	5	6	0	0	0	0	0	0	0	0	0	0	0	0	7417116	
463	1	B	11	N	2500	0	40	60	100	8	1	1	0	0	0	0	0	0	0	0	0	0	0	0	7417116	
464	1	B	11	N	2500	0	40	214	341	37	5	4	0	0	0	0	0	0	0	0	0	0	0	0	7417225	
465	1	B	11	N	2500	0	40	32	49	4	0	0	0	0	0	0	0	0	0	0	0	0	0	0	7417335	
466	1	B	11	N	2500	0	40	35	68	6	1	1	0	0	0	0	0	0	0	0	0	0	0	0	7417444	
467	1	B	11	N	2500	0	40	47	144	9	9	10	0	0	0	0	0	0	0	0	0	0	0	0	7417787	
468	1	B	11	N	2500	0	40	30	32	2	1	0	0	0	0	0	0	0	0	0	0	0	0	0	7417803	
469	1	B	11	N	2500	0	40	197	278	10	4	7	0	0	0	0	0	0	0	0	0	0	0	0	7417818	
470	1	B	11	N	2500	0	40	235	576	28	13	14	0	0	0	0	0	0	0	0	0	0	0	0	7417849	
471	1	B	11	N	2500	0	40	26	28	1	0	0	0	0	0	0	0	0	0	0	0	0	0	0	7417865	
472	1	B	11	N	2500	0	40	44	165	17	1	2	0	0	0	0	0	0	0	0	0	0	0	0	7417927	
473	1	B	11	N	2500	0	40	53	67	5	2	1	0	0	0	0	0	0	0	0	0	0	0	0	7418021	
474	1	B	11	N	2500	0	40	84	195	32	2	3	0	0	0	0	0	0	0	0	0	0	0	0	7418224	
475	1	B	11	N	2500	0	40	27	25	2	0	0	0	0	0	0	0	0	0	0	0	0	0	0	7418271	
476	1	B	11	N	2500	0	40	52	64	4	2	1	0	0	0	0	0	0	0	0	0	0	0	0	7418801	
477	1	B	11	N	2500	0	40	20	21	1	0	0	0	0	0	0	0	0	0	0	0	0	0	0	7419097	
478	1	B	11	N	2500	0	40	23	40	2	2	2	0	0	0	0	0	0	0	0	0	0	0	0	7419129	
479	1	B	11	N	2500	0	40	41	51	6	1	1	0	0	0	0	0	0	0	0	0	0	0	0	7419191	
480	1	B	11	N	2500	0	40	35	49	3	1	0	0	0	0	0	0	0	0	0	0	0	0	0	7419269	
481	1	B	11	N	2500	0	40	34	43	4	0	1	0	0	0	0	0	0	0	0	0	0	0	0	7419331	
482	1	B	11	N	2500	0	40	58	179	9	2	1	0	0	0	0	0	0	0	0	0	0	0	0	7419394	
483	1	B	11	N	2500	0	40	20	20	1	0	0	0	0	0	0	0	0	0	0	0	0	0	0	7419503	
484	1	B	11	N	2500	0	40	25	28	2	0	0	0	0	0	0	0	0	0	0	0	0	0	0	7419893	
485	1	B	11	N	2500	0	40	21	21	1	0	0	0	0	0	0	0	0	0	0	0	0	0	0	7420033	
486	1	B	11	N	2500	0	40	37	91	6	6	8	0	0	0	0	0	0	0	0	0	0	0	0	7420096	
487	1	B	11	N	2500	0	40	50	55	4	1	0	0	0	0	0	0	0	0	0	0	0	0	0	7420111	
488	1	B	11	N	2500	0	40	59	81	6	1	1	0	0	0	0	0	0	0	0	0	0	0	0	7420158	
489	1	B	11	N	2500	0	40	281	404	15	9	9	0	0	0	0	0	0	0	0	0	0	0	0	7420501	
490	1	B	11	N	2500	0	40	35	83	6	2	1	0	0	0	0	0	0	0	0	0	0	0	0	7420720	
491	1	B	11	N	2500	0	40	31	62	3	4	6	0	0	0	0	0	0	0	0	0	0	0	0	7421016	
492	1	B	11	N	2500	0	40	20	24	1	1	2	0	0	0	0	0	0	0	0	0	0	0	0	7421188	
493	1	B	11	N	2500	0	40	210	303	12	6	9	0	0	0	0	0	0	0	0	0	0	0	0	7421952	
494	1	B	11	N	2500	0	40	75	216	21	5	4	0	0	0	0	0	0	0	0	0	0	0	0	7422046	
495	1	B	11	N	2500	0	40	22	23	2	0	1	0	0	0	0	0	0	0	0	0	0	0	0	7422233	
496	1	B	11	N	2500	0	40	26	31	1	1	1	0	0	0	0	0	0	0	0	0	0	0	0	7422451	
497	1	B	11	N	2500	0	40	196	364	11	7	9	0	0	0	0	0	0	0	0	0	0	0	0	7422607	
498	1	B	11	N	2500	0	40	31	36	1	0	0	0	0	0	0	0	0	0	0	0	0	0	0	7422857	
499	1	B	12	N	2500	0	40	42	66	5	1	0	0	0	0	0	0	0	0	0	0	0	0	0	7433418	
500	1	B	12	N	2500	0	40	20	17	2	1	1	0	0	0	0	0	0	0	0	0	0	0	0	7433886	
501	1	B	12	N	2500	0	40	80	173	12	2	3	0	0	0	0	0	0	0	0	0	0	0	0	7434666	
502	1	B	12	N	2500	0	40	34	37	2	1	1	0	0	0	0	0	0	0	0	0	0	0	0	7436663	
503	1	B	12	N	2500	0	40	28	35	2	0	0	0	0	0	0	0	0	0	0	0	0	0	0	7437443	
504	1	C	1	N	2500	0	40	48	52	3	1	2	0	0	0	0	0	0	0	0	0	0	0	0	7446990	
505	1	C	1	N	2500	0	40	24	38	3	0	0	0	0	0	0	0	0	0	0	0	0	0	0	7447115	
506	1	C	1	N	2500	0	40	73	215	30	3	1	0	0	0	0	0	0	0	0	0	0	0	0	7447131	
507	1	C	1	N	2500	0	40	39	98	7	6	7	0	0	0	0	0	0	0	0	0	0	0	0	7447396	
508	1	C	1	N	2500	0	40	105	277	37	8	8	0	0	0	0	0	0	0	0	0	0	0	0	7447521	
509	1	C	1	N	2500	0	40	96	239	17	6	5	0	0	0	0	0	0	0	0	0	0	0	0	7447567	
510	1	C	1	N	2500	0	40	179	480	74	5	5	0	0	0	0	0	0	0	0	0	0	0	0	7447677	
511	1	C	1	N	2500	0	40	20	23	1	0	0	0	0	0	0	0	0	0	0	0	0	0	0	7447848	
512	1	C	1	N	2500	0	40	84	238	38	3	2	0	0	0	0	0	0	0	0	0	0	0	0	7448129	
513	1	C	1	N	2500	0	40	40	47	6	0	0	0	0	0	0	0	0	0	0	0	0	0	0	7448659	
514	1	C	1	N	2500	0	40	41	43	2	2	3	0	0	0	0	0	0	0	0	0	0	0	0	7449034	
515	1	C	1	N	2500	0	40	27	34	0	0	0	0	0	0	0	0	0	0	0	0	0	0	0	7450906	
516	1	C	1	N	2500	0	40	486	1645	82	42	33	0	0	0	0	0	0	0	0	0	0	0	0	7451031	
517	1	C	1	N	2500	0	40	552	1782	83	50	42	0	0	0	0	0	0	0	0	0	0	0	0	7451545	
518	1	C	1	N	2500	0	40	49	72	7	2	1	0	0	0	0	0	0	0	0	0	0	0	0	7451826	
519	1	C	1	N	2500	0	40	27	40	0	0	0	0	0	0	0	0	0	0	0	0	0	0	0	7452435	
520	1	C	1	N	2500	0	40	496	1705	76	43	33	0	0	0	0	0	0	0	0	0	0	0	0	7453215	
521	1	C	1	N	2500	0	40	27	44	3	2	1	0	0	0	0	0	0	0	0	0	0	0	0	7453745	
