Id	Plate	Row	Column	Clog	Scan rate	Status sort	Status sel	TOF	EXT	Green	Yellow	Red	PH Ext	PW Ext	PC Ext	PH Green	PW Green	PCGreen	PH Yellow	PW Yellow	PCYellow	PH Red	PW Red	PCRed	Time Stamp	
0	1	C	3	N	2500	0	40	107	420	44	5	4	0	0	0	0	0	0	0	0	0	0	0	0	9246531	
1	1	C	3	N	2500	0	40	162	725	32	18	20	0	0	0	0	0	0	0	0	0	0	0	0	9247077	
2	1	C	3	N	2500	0	40	299	721	25	14	14	0	0	0	0	0	0	0	0	0	0	0	0	9248357	
3	1	C	3	N	2500	0	40	36	36	2	1	0	0	0	0	0	0	0	0	0	0	0	0	0	9248747	
4	1	C	3	N	2500	0	40	292	968	45	25	23	0	0	0	0	0	0	0	0	0	0	0	0	9250338	
5	1	C	3	N	2500	0	40	294	910	65	30	24	0	0	0	0	0	0	0	0	0	0	0	0	9250353	
6	1	C	3	N	2500	0	40	319	1022	59	28	27	0	0	0	0	0	0	0	0	0	0	0	0	9251227	
7	1	C	3	N	2500	0	40	251	1035	52	28	25	0	0	0	0	0	0	0	0	0	0	0	0	9251804	
8	1	C	3	N	2500	0	40	386	879	34	18	19	0	0	0	0	0	0	0	0	0	0	0	0	9252272	
9	1	C	3	N	2500	0	40	654	1848	83	45	40	0	0	0	0	0	0	0	0	0	0	0	0	9253208	
10	1	C	4	N	2500	0	40	29	52	6	0	0	0	0	0	0	0	0	0	0	0	0	0	0	9261866	
11	1	C	4	N	2500	0	40	98	233	34	4	3	0	0	0	0	0	0	0	0	0	0	0	0	9261960	
12	1	C	4	N	2500	0	40	99	390	73	7	4	0	0	0	0	0	0	0	0	0	0	0	0	9262412	
13	1	C	4	N	2500	0	40	23	28	1	0	0	0	0	0	0	0	0	0	0	0	0	0	0	9263208	
14	1	C	4	N	2500	0	40	21	37	4	0	0	0	0	0	0	0	0	0	0	0	0	0	0	9263223	
15	1	C	4	N	2500	0	40	21	32	1	0	1	0	0	0	0	0	0	0	0	0	0	0	0	9263738	
16	1	C	4	N	2500	0	40	329	681	27	13	15	0	0	0	0	0	0	0	0	0	0	0	0	9264830	
17	1	C	4	N	2500	0	40	21	32	1	1	1	0	0	0	0	0	0	0	0	0	0	0	0	9265314	
18	1	C	4	N	2500	0	40	349	772	33	18	19	0	0	0	0	0	0	0	0	0	0	0	0	9265548	
19	1	C	4	N	2500	0	40	256	1035	57	29	29	0	0	0	0	0	0	0	0	0	0	0	0	9265938	
20	1	C	4	N	2500	0	40	68	244	24	22	26	0	0	0	0	0	0	0	0	0	0	0	0	9266780	
21	1	C	4	N	2500	0	40	326	611	21	12	13	0	0	0	0	0	0	0	0	0	0	0	0	9267389	
22	1	C	4	N	2500	0	40	282	609	21	15	14	0	0	0	0	0	0	0	0	0	0	0	0	9267576	
23	1	C	4	N	2500	0	40	24	35	4	4	4	0	0	0	0	0	0	0	0	0	0	0	0	9267779	
24	1	C	5	N	2500	0	40	32	30	1	1	0	0	0	0	0	0	0	0	0	0	0	0	0	9276031	
25	1	C	5	N	2500	0	40	30	33	2	0	1	0	0	0	0	0	0	0	0	0	0	0	0	9276359	
26	1	C	5	N	2500	0	40	25	24	2	0	0	0	0	0	0	0	0	0	0	0	0	0	0	9277123	
27	1	C	5	N	2500	0	40	45	127	14	1	2	0	0	0	0	0	0	0	0	0	0	0	0	9277388	
28	1	C	5	N	2500	0	40	51	194	12	12	16	0	0	0	0	0	0	0	0	0	0	0	0	9277529	
29	1	C	5	N	2500	0	40	21	18	1	0	1	0	0	0	0	0	0	0	0	0	0	0	0	9277544	
30	1	C	5	N	2500	0	40	169	290	24	9	6	0	0	0	0	0	0	0	0	0	0	0	0	9277622	
31	1	C	5	N	2500	0	40	59	123	9	3	2	0	0	0	0	0	0	0	0	0	0	0	0	9277622	
32	1	C	5	N	2500	0	40	103	132	10	4	2	0	0	0	0	0	0	0	0	0	0	0	0	9277622	
33	1	C	5	N	2500	0	40	25	27	1	0	0	0	0	0	0	0	0	0	0	0	0	0	0	9277981	
34	1	C	5	N	2500	0	40	142	372	65	6	6	0	0	0	0	0	0	0	0	0	0	0	0	9278028	
35	1	C	5	N	2500	0	40	25	39	0	0	0	0	0	0	0	0	0	0	0	0	0	0	0	9279011	
36	1	C	5	N	2500	0	40	29	54	4	1	1	0	0	0	0	0	0	0	0	0	0	0	0	9279650	
37	1	C	5	N	2500	0	40	35	48	3	3	3	0	0	0	0	0	0	0	0	0	0	0	0	9279697	
38	1	C	5	N	2500	0	40	28	25	2	0	1	0	0	0	0	0	0	0	0	0	0	0	0	9279759	
39	1	C	5	N	2500	0	40	25	25	1	0	1	0	0	0	0	0	0	0	0	0	0	0	0	9279837	
40	1	C	5	N	2500	0	40	205	574	26	17	15	0	0	0	0	0	0	0	0	0	0	0	0	9279869	
41	1	C	5	N	2500	0	40	28	39	1	1	2	0	0	0	0	0	0	0	0	0	0	0	0	9280181	
42	1	C	5	N	2500	0	40	26	22	1	0	0	0	0	0	0	0	0	0	0	0	0	0	0	9280227	
43	1	C	5	N	2500	0	40	30	29	2	0	0	0	0	0	0	0	0	0	0	0	0	0	0	9280976	
44	1	C	5	N	2500	0	40	46	52	1	1	3	0	0	0	0	0	0	0	0	0	0	0	0	9281475	
45	1	C	5	N	2500	0	40	21	19	1	0	0	0	0	0	0	0	0	0	0	0	0	0	0	9281569	
46	1	C	5	N	2500	0	40	64	342	29	31	36	0	0	0	0	0	0	0	0	0	0	0	0	9281975	
47	1	C	5	N	2500	0	40	205	323	11	7	9	0	0	0	0	0	0	0	0	0	0	0	0	9282770	
48	1	C	5	N	2500	0	40	89	473	58	51	66	0	0	0	0	0	0	0	0	0	0	0	0	9283035	
49	1	C	6	N	2500	0	40	20	20	1	0	0	0	0	0	0	0	0	0	0	0	0	0	0	9292536	
50	1	C	6	N	2500	0	40	48	48	4	1	0	0	0	0	0	0	0	0	0	0	0	0	0	9293051	
51	1	C	7	N	2500	0	40	464	1432	63	34	30	0	0	0	0	0	0	0	0	0	0	0	0	9305843	
52	1	C	7	N	2500	0	40	80	156	9	9	11	0	0	0	0	0	0	0	0	0	0	0	0	9306123	
53	1	C	7	N	2500	0	40	108	195	32	2	3	0	0	0	0	0	0	0	0	0	0	0	0	9306326	
54	1	C	7	N	2500	0	40	50	127	12	2	1	0	0	0	0	0	0	0	0	0	0	0	0	9306326	
55	1	C	7	N	2500	0	40	36	48	2	1	1	0	0	0	0	0	0	0	0	0	0	0	0	9306326	
56	1	C	7	N	2500	0	40	414	1187	56	22	18	0	0	0	0	0	0	0	0	0	0	0	0	9306498	
57	1	C	7	N	2500	0	40	468	1642	79	40	35	0	0	0	0	0	0	0	0	0	0	0	0	9306529	
58	1	C	7	N	2500	0	40	23	32	3	0	0	0	0	0	0	0	0	0	0	0	0	0	0	9306747	
59	1	C	7	N	2500	0	40	472	1547	71	37	32	0	0	0	0	0	0	0	0	0	0	0	0	9307028	
60	1	C	7	N	2500	0	40	446	1352	64	32	27	0	0	0	0	0	0	0	0	0	0	0	0	9307387	
61	1	C	7	N	2500	0	40	33	72	9	0	0	0	0	0	0	0	0	0	0	0	0	0	0	9307481	
62	1	C	7	N	2500	0	40	49	85	7	1	1	0	0	0	0	0	0	0	0	0	0	0	0	9307793	
63	1	C	7	N	2500	0	40	69	224	21	22	25	0	0	0	0	0	0	0	0	0	0	0	0	9307824	
64	1	C	7	N	2500	0	40	391	1389	73	32	31	0	0	0	0	0	0	0	0	0	0	0	0	9307871	
65	1	C	7	N	2500	0	40	128	257	31	3	3	0	0	0	0	0	0	0	0	0	0	0	0	9308370	
66	1	C	7	N	2500	0	40	446	1785	105	51	44	0	0	0	0	0	0	0	0	0	0	0	0	9308900	
67	1	C	7	N	2500	0	40	31	58	10	12	15	0	0	0	0	0	0	0	0	0	0	0	0	9309446	
68	1	C	7	N	2500	0	40	467	1735	99	54	49	0	0	0	0	0	0	0	0	0	0	0	0	9309446	
69	1	C	7	N	2500	0	40	21	18	1	1	1	0	0	0	0	0	0	0	0	0	0	0	0	9309602	
70	1	C	7	N	2500	0	40	515	1463	85	36	30	0	0	0	0	0	0	0	0	0	0	0	0	9309836	
71	1	C	7	N	2500	0	40	43	147	8	9	10	0	0	0	0	0	0	0	0	0	0	0	0	9310164	
72	1	C	7	N	2500	0	40	415	1304	68	32	23	0	0	0	0	0	0	0	0	0	0	0	0	9310242	
73	1	C	7	N	2500	0	40	412	1232	63	29	24	0	0	0	0	0	0	0	0	0	0	0	0	9310242	
74	1	C	7	N	2500	0	40	281	1362	94	39	30	0	0	0	0	0	0	0	0	0	0	0	0	9310273	
75	1	C	7	N	2500	0	40	267	1466	75	43	36	0	0	0	0	0	0	0	0	0	0	0	0	9310429	
76	1	C	7	N	2500	0	40	403	1232	52	25	20	0	0	0	0	0	0	0	0	0	0	0	0	9310445	
77	1	C	7	N	2500	0	40	457	1456	70	35	31	0	0	0	0	0	0	0	0	0	0	0	0	9310476	
78	1	C	7	N	2500	0	40	458	1514	89	41	34	0	0	0	0	0	0	0	0	0	0	0	0	9310647	
79	1	C	7	N	2500	0	40	483	1718	89	39	29	0	0	0	0	0	0	0	0	0	0	0	0	9310803	
80	1	C	7	N	2500	0	40	56	142	7	8	10	0	0	0	0	0	0	0	0	0	0	0	0	9310881	
81	1	C	7	N	2500	0	40	406	1325	68	32	25	0	0	0	0	0	0	0	0	0	0	0	0	9311084	
82	1	C	7	N	2500	0	40	51	156	12	12	14	0	0	0	0	0	0	0	0	0	0	0	0	9312597	
83	1	C	8	N	2500	0	40	178	351	50	5	7	0	0	0	0	0	0	0	0	0	0	0	0	9320694	
84	1	C	8	N	2500	0	40	348	1071	63	26	23	0	0	0	0	0	0	0	0	0	0	0	0	9320865	
85	1	C	8	N	2500	0	40	53	119	11	1	1	0	0	0	0	0	0	0	0	0	0	0	0	9321162	
86	1	C	8	N	2500	0	40	32	68	4	3	4	0	0	0	0	0	0	0	0	0	0	0	0	9321521	
87	1	C	8	N	2500	0	40	27	26	2	0	0	0	0	0	0	0	0	0	0	0	0	0	0	9322145	
88	1	C	8	N	2500	0	40	431	1657	105	54	47	0	0	0	0	0	0	0	0	0	0	0	0	9322847	
89	1	C	8	N	2500	0	40	439	1070	62	24	22	0	0	0	0	0	0	0	0	0	0	0	0	9323003	
90	1	C	8	N	2500	0	40	488	1147	109	36	26	0	0	0	0	0	0	0	0	0	0	0	0	9323143	
91	1	C	8	N	2500	0	40	352	1386	70	33	30	0	0	0	0	0	0	0	0	0	0	0	0	9323283	
92	1	C	8	N	2500	0	40	439	1245	89	30	33	0	0	0	0	0	0	0	0	0	0	0	0	9323876	
93	1	C	8	N	2500	0	40	410	1186	64	27	26	0	0	0	0	0	0	0	0	0	0	0	0	9324126	
94	1	C	8	N	2500	0	40	23	30	2	0	0	0	0	0	0	0	0	0	0	0	0	0	0	9324235	
95	1	C	8	N	2500	0	40	447	1161	51	24	23	0	0	0	0	0	0	0	0	0	0	0	0	9324407	
96	1	C	8	N	2500	0	40	337	1097	76	34	29	0	0	0	0	0	0	0	0	0	0	0	0	9324547	
97	1	C	8	N	2500	0	40	450	1128	73	29	24	0	0	0	0	0	0	0	0	0	0	0	0	9324641	
98	1	C	8	N	2500	0	40	220	991	53	25	21	0	0	0	0	0	0	0	0	0	0	0	0	9324781	
99	1	C	8	N	2500	0	40	629	1737	100	43	37	0	0	0	0	0	0	0	0	0	0	0	0	9324812	
100	1	C	8	N	2500	0	40	432	1047	60	24	27	0	0	0	0	0	0	0	0	0	0	0	0	9324843	
101	1	C	8	N	2500	0	40	20	40	2	2	1	0	0	0	0	0	0	0	0	0	0	0	0	9324875	
102	1	C	8	N	2500	0	40	30	60	11	14	18	0	0	0	0	0	0	0	0	0	0	0	0	9325311	
103	1	C	8	N	2500	0	40	379	924	37	18	18	0	0	0	0	0	0	0	0	0	0	0	0	9325561	
104	1	C	8	N	2500	0	40	403	1053	59	27	23	0	0	0	0	0	0	0	0	0	0	0	0	9325779	
105	1	C	8	N	2500	0	40	328	1081	84	33	27	0	0	0	0	0	0	0	0	0	0	0	0	9326294	
106	1	C	8	N	2500	0	40	413	1153	58	26	22	0	0	0	0	0	0	0	0	0	0	0	0	9326325	
107	1	C	8	N	2500	0	40	58	68	6	2	1	0	0	0	0	0	0	0	0	0	0	0	0	9326778	
108	1	C	9	N	2500	0	40	37	104	7	6	8	0	0	0	0	0	0	0	0	0	0	0	0	9334765	
109	1	C	9	N	2500	0	40	28	51	6	0	0	0	0	0	0	0	0	0	0	0	0	0	0	9335217	
110	1	C	9	N	2500	0	40	71	136	12	4	3	0	0	0	0	0	0	0	0	0	0	0	0	9335233	
111	1	C	9	N	2500	0	40	25	38	3	0	0	0	0	0	0	0	0	0	0	0	0	0	0	9335514	
112	1	C	9	N	2500	0	40	327	722	28	14	13	0	0	0	0	0	0	0	0	0	0	0	0	9335576	
113	1	C	9	N	2500	0	40	68	148	13	6	3	0	0	0	0	0	0	0	0	0	0	0	0	9336122	
114	1	C	9	N	2500	0	40	24	35	3	0	0	0	0	0	0	0	0	0	0	0	0	0	0	9336122	
115	1	C	9	N	2500	0	40	92	129	10	4	3	0	0	0	0	0	0	0	0	0	0	0	0	9336247	
116	1	C	9	N	2500	0	40	77	90	8	3	2	0	0	0	0	0	0	0	0	0	0	0	0	9336247	
117	1	C	9	N	2500	0	40	25	40	3	1	1	0	0	0	0	0	0	0	0	0	0	0	0	9337136	
118	1	C	9	N	2500	0	40	91	97	10	4	3	0	0	0	0	0	0	0	0	0	0	0	0	9337136	
119	1	C	9	N	2500	0	40	22	44	4	1	1	0	0	0	0	0	0	0	0	0	0	0	0	9337511	
120	1	C	9	N	2500	0	40	56	106	9	3	2	0	0	0	0	0	0	0	0	0	0	0	0	9337651	
121	1	C	9	N	2500	0	40	78	174	19	6	3	0	0	0	0	0	0	0	0	0	0	0	0	9337682	
122	1	C	9	N	2500	0	40	25	27	0	0	0	0	0	0	0	0	0	0	0	0	0	0	0	9338462	
123	1	C	9	N	2500	0	40	372	1004	48	23	23	0	0	0	0	0	0	0	0	0	0	0	0	9339523	
124	1	C	9	N	2500	0	40	22	33	2	1	1	0	0	0	0	0	0	0	0	0	0	0	0	9339866	
125	1	C	9	N	2500	0	40	272	1109	60	31	26	0	0	0	0	0	0	0	0	0	0	0	0	9339913	
126	1	C	9	N	2500	0	40	127	228	29	4	4	0	0	0	0	0	0	0	0	0	0	0	0	9340147	
127	1	C	9	N	2500	0	40	37	61	7	1	0	0	0	0	0	0	0	0	0	0	0	0	0	9340225	
128	1	C	9	N	2500	0	40	22	22	1	0	0	0	0	0	0	0	0	0	0	0	0	0	0	9340241	
129	1	C	9	N	2500	0	40	205	860	35	18	15	0	0	0	0	0	0	0	0	0	0	0	0	9340397	
130	1	C	9	N	2500	0	40	561	1425	74	34	28	0	0	0	0	0	0	0	0	0	0	0	0	9340740	
131	1	C	9	N	2500	0	40	27	27	1	1	1	0	0	0	0	0	0	0	0	0	0	0	0	9340771	
132	1	C	9	N	2500	0	40	193	626	38	19	16	0	0	0	0	0	0	0	0	0	0	0	0	9340865	
133	1	C	9	N	2500	0	40	364	751	30	14	13	0	0	0	0	0	0	0	0	0	0	0	0	9341582	
134	1	C	9	N	2500	0	40	34	40	3	1	1	0	0	0	0	0	0	0	0	0	0	0	0	9341863	
135	1	C	10	N	2500	0	40	29	48	2	2	3	0	0	0	0	0	0	0	0	0	0	0	0	9349819	
136	1	C	10	N	2500	0	40	37	44	5	0	0	0	0	0	0	0	0	0	0	0	0	0	0	9349835	
137	1	C	10	N	2500	0	40	54	103	8	3	3	0	0	0	0	0	0	0	0	0	0	0	0	9349928	
138	1	C	10	N	2500	0	40	49	189	34	31	31	0	0	0	0	0	0	0	0	0	0	0	0	9350038	
139	1	C	10	N	2500	0	40	340	834	35	17	18	0	0	0	0	0	0	0	0	0	0	0	0	9350474	
140	1	C	10	N	2500	0	40	63	103	13	1	1	0	0	0	0	0	0	0	0	0	0	0	0	9351052	
141	1	C	10	N	2500	0	40	47	109	12	2	1	0	0	0	0	0	0	0	0	0	0	0	0	9351145	
142	1	C	10	N	2500	0	40	28	28	2	1	1	0	0	0	0	0	0	0	0	0	0	0	0	9351254	
143	1	C	10	N	2500	0	40	70	131	12	4	3	0	0	0	0	0	0	0	0	0	0	0	0	9351364	
144	1	C	10	N	2500	0	40	30	45	3	1	1	0	0	0	0	0	0	0	0	0	0	0	0	9351676	
145	1	C	10	N	2500	0	40	22	32	1	0	0	0	0	0	0	0	0	0	0	0	0	0	0	9352378	
146	1	C	10	N	2500	0	40	52	181	15	16	21	0	0	0	0	0	0	0	0	0	0	0	0	9352596	
147	1	C	10	N	2500	0	40	337	930	54	21	23	0	0	0	0	0	0	0	0	0	0	0	0	9352924	
148	1	C	10	N	2500	0	40	371	749	32	15	15	0	0	0	0	0	0	0	0	0	0	0	0	9352970	
149	1	C	10	N	2500	0	40	312	647	25	12	12	0	0	0	0	0	0	0	0	0	0	0	0	9353142	
150	1	C	10	N	2500	0	40	28	25	2	0	0	0	0	0	0	0	0	0	0	0	0	0	0	9353688	
151	1	C	10	N	2500	0	40	23	23	1	1	2	0	0	0	0	0	0	0	0	0	0	0	0	9355076	
152	1	C	10	N	2500	0	40	58	154	8	9	16	0	0	0	0	0	0	0	0	0	0	0	0	9355170	
153	1	C	10	N	2500	0	40	286	700	59	46	148	0	0	0	0	0	0	0	0	0	0	0	0	9356527	
154	1	C	10	N	2500	0	40	26	41	1	1	2	0	0	0	0	0	0	0	0	0	0	0	0	9356527	
155	1	C	10	N	2500	0	40	22	25	1	1	1	0	0	0	0	0	0	0	0	0	0	0	0	9356527	
156	1	C	10	N	2500	0	40	339	670	30	11	11	0	0	0	0	0	0	0	0	0	0	0	0	9356605	
157	1	C	10	N	2500	0	40	331	748	29	13	18	0	0	0	0	0	0	0	0	0	0	0	0	9356621	
158	1	C	10	N	2500	0	40	358	735	34	15	16	0	0	0	0	0	0	0	0	0	0	0	0	9356714	
159	1	C	10	N	2500	0	40	37	60	3	3	3	0	0	0	0	0	0	0	0	0	0	0	0	9356886	
160	1	C	11	N	2500	0	40	37	68	7	1	0	0	0	0	0	0	0	0	0	0	0	0	0	9364514	
161	1	C	11	N	2500	0	40	96	309	46	6	4	0	0	0	0	0	0	0	0	0	0	0	0	9364889	
162	1	C	11	N	2500	0	40	317	539	27	13	15	0	0	0	0	0	0	0	0	0	0	0	0	9365528	
163	1	C	11	N	2500	0	40	280	481	19	8	9	0	0	0	0	0	0	0	0	0	0	0	0	9366199	
164	1	C	11	N	2500	0	40	99	204	22	8	6	0	0	0	0	0	0	0	0	0	0	0	0	9366262	
165	1	C	11	N	2500	0	40	44	45	4	1	1	0	0	0	0	0	0	0	0	0	0	0	0	9366792	
166	1	C	11	N	2500	0	40	25	27	1	1	2	0	0	0	0	0	0	0	0	0	0	0	0	9367666	
167	1	C	11	N	2500	0	40	175	709	79	62	65	0	0	0	0	0	0	0	0	0	0	0	0	9367666	
168	1	C	11	N	2500	0	40	95	97	14	7	9	0	0	0	0	0	0	0	0	0	0	0	0	9367666	
169	1	C	11	N	2500	0	40	299	589	24	13	15	0	0	0	0	0	0	0	0	0	0	0	0	9369506	
170	1	C	11	N	2500	0	40	74	404	43	43	48	0	0	0	0	0	0	0	0	0	0	0	0	9369631	
171	1	C	11	N	2500	0	40	252	389	11	6	11	0	0	0	0	0	0	0	0	0	0	0	0	9370146	
172	1	C	11	N	2500	0	40	52	166	12	11	12	0	0	0	0	0	0	0	0	0	0	0	0	9371176	
173	1	C	12	N	2500	0	40	28	30	2	1	1	0	0	0	0	0	0	0	0	0	0	0	0	9384810	
174	1	C	12	N	2500	0	40	26	32	5	5	7	0	0	0	0	0	0	0	0	0	0	0	0	9385262	
175	1	D	1	N	2500	0	40	107	237	16	15	16	0	0	0	0	0	0	0	0	0	0	0	0	9395652	
176	1	D	1	N	2500	0	40	48	57	2	1	1	0	0	0	0	0	0	0	0	0	0	0	0	9395683	
177	1	D	1	N	2500	0	40	29	47	1	1	1	0	0	0	0	0	0	0	0	0	0	0	0	9395683	
178	1	D	1	N	2500	0	40	37	48	2	1	2	0	0	0	0	0	0	0	0	0	0	0	0	9395683	
179	1	D	1	N	2500	0	40	49	65	2	2	2	0	0	0	0	0	0	0	0	0	0	0	0	9395683	
180	1	D	1	N	2500	0	40	37	50	3	1	1	0	0	0	0	0	0	0	0	0	0	0	0	9395683	
181	1	D	1	N	2500	0	40	38	44	3	0	0	0	0	0	0	0	0	0	0	0	0	0	0	9395777	
182	1	D	1	N	2500	0	40	66	117	5	4	3	0	0	0	0	0	0	0	0	0	0	0	0	9395777	
183	1	D	1	N	2500	0	40	37	56	2	1	2	0	0	0	0	0	0	0	0	0	0	0	0	9395777	
184	1	D	1	N	2500	0	40	34	40	0	1	1	0	0	0	0	0	0	0	0	0	0	0	0	9395902	
185	1	D	1	N	2500	0	40	54	131	13	1	2	0	0	0	0	0	0	0	0	0	0	0	0	9396713	
186	1	D	1	N	2500	0	40	25	41	0	0	0	0	0	0	0	0	0	0	0	0	0	0	0	9396900	
187	1	D	1	N	2500	0	40	325	1387	89	40	30	0	0	0	0	0	0	0	0	0	0	0	0	9396900	
188	1	D	1	N	2500	0	40	34	66	3	3	4	0	0	0	0	0	0	0	0	0	0	0	0	9397056	
189	1	D	1	N	2500	0	40	33	49	3	1	1	0	0	0	0	0	0	0	0	0	0	0	0	9397259	
190	1	D	1	N	2500	0	40	23	27	1	1	1	0	0	0	0	0	0	0	0	0	0	0	0	9397384	
191	1	D	1	N	2500	0	40	460	1495	95	32	26	0	0	0	0	0	0	0	0	0	0	0	0	9397961	
192	1	D	1	N	2500	0	40	408	1736	125	39	31	0	0	0	0	0	0	0	0	0	0	0	0	9398538	
193	1	D	1	N	2500	0	40	332	1512	116	41	32	0	0	0	0	0	0	0	0	0	0	0	0	9398600	
194	1	D	1	N	2500	0	40	30	26	2	0	0	0	0	0	0	0	0	0	0	0	0	0	0	9398678	
195	1	D	1	N	2500	0	40	45	41	4	1	0	0	0	0	0	0	0	0	0	0	0	0	0	9398741	
196	1	D	1	N	2500	0	40	309	1510	92	35	32	0	0	0	0	0	0	0	0	0	0	0	0	9399240	
197	1	D	1	N	2500	0	40	27	43	4	3	3	0	0	0	0	0	0	0	0	0	0	0	0	9399458	
198	1	D	1	N	2500	0	40	21	26	0	1	0	0	0	0	0	0	0	0	0	0	0	0	0	9402095	
199	1	D	1	N	2500	0	40	56	70	2	2	4	0	0	0	0	0	0	0	0	0	0	0	0	9402095	
200	1	D	1	N	2500	0	40	520	1778	85	42	30	0	0	0	0	0	0	0	0	0	0	0	0	9402251	
201	1	D	1	N	2500	0	40	22	30	0	0	1	0	0	0	0	0	0	0	0	0	0	0	0	9402282	
202	1	D	2	N	2500	0	40	20	34	3	0	0	0	0	0	0	0	0	0	0	0	0	0	0	9409723	
203	1	D	2	N	2500	0	40	32	39	2	0	0	0	0	0	0	0	0	0	0	0	0	0	0	9409910	
204	1	D	2	N	2500	0	40	52	53	4	1	1	0	0	0	0	0	0	0	0	0	0	0	0	9410098	
205	1	D	2	N	2500	0	40	49	112	8	1	0	0	0	0	0	0	0	0	0	0	0	0	0	9410207	
206	1	D	2	N	2500	0	40	420	1114	56	20	23	0	0	0	0	0	0	0	0	0	0	0	0	9410566	
207	1	D	2	N	2500	0	40	33	50	4	0	1	0	0	0	0	0	0	0	0	0	0	0	0	9410722	
208	1	D	2	N	2500	0	40	135	235	9	4	5	0	0	0	0	0	0	0	0	0	0	0	0	9410768	
209	1	D	2	N	2500	0	40	272	879	39	21	19	0	0	0	0	0	0	0	0	0	0	0	0	9410768	
210	1	D	2	N	2500	0	40	84	125	16	1	1	0	0	0	0	0	0	0	0	0	0	0	0	9410784	
211	1	D	2	N	2500	0	40	425	1247	65	24	25	0	0	0	0	0	0	0	0	0	0	0	0	9411174	
212	1	D	2	N	2500	0	40	81	523	48	1	1	0	0	0	0	0	0	0	0	0	0	0	0	9411938	
213	1	D	2	N	2500	0	40	25	22	2	0	0	0	0	0	0	0	0	0	0	0	0	0	0	9412453	
214	1	D	2	N	2500	0	40	21	34	2	0	0	0	0	0	0	0	0	0	0	0	0	0	0	9412765	
215	1	D	2	N	2500	0	40	418	1171	69	30	27	0	0	0	0	0	0	0	0	0	0	0	0	9413342	
216	1	D	2	N	2500	0	40	22	33	1	1	2	0	0	0	0	0	0	0	0	0	0	0	0	9413467	
217	1	D	2	N	2500	0	40	21	22	0	0	0	0	0	0	0	0	0	0	0	0	0	0	0	9413764	
218	1	D	2	N	2500	0	40	62	298	20	17	23	0	0	0	0	0	0	0	0	0	0	0	0	9414216	
219	1	D	2	N	2500	0	40	20	27	2	2	3	0	0	0	0	0	0	0	0	0	0	0	0	9414544	
220	1	D	2	N	2500	0	40	615	1024	53	20	21	0	0	0	0	0	0	0	0	0	0	0	0	9414824	
221	1	D	2	N	2500	0	40	71	182	11	11	14	0	0	0	0	0	0	0	0	0	0	0	0	9415012	
222	1	D	2	N	2500	0	40	24	20	0	0	0	0	0	0	0	0	0	0	0	0	0	0	0	9416088	
223	1	D	2	N	2500	0	40	64	76	3	0	1	0	0	0	0	0	0	0	0	0	0	0	0	9416088	
224	1	D	2	N	2500	0	40	29	23	1	0	0	0	0	0	0	0	0	0	0	0	0	0	0	9416088	
225	1	D	2	N	2500	0	40	312	474	21	4	6	0	0	0	0	0	0	0	0	0	0	0	0	9416088	
226	1	D	2	N	2500	0	40	32	27	0	0	0	0	0	0	0	0	0	0	0	0	0	0	0	9416088	
227	1	D	2	N	2500	0	40	31	25	0	0	0	0	0	0	0	0	0	0	0	0	0	0	0	9416088	
228	1	D	2	N	2500	0	40	112	173	7	6	8	0	0	0	0	0	0	0	0	0	0	0	0	9416634	
229	1	D	3	N	2500	0	40	25	55	5	0	0	0	0	0	0	0	0	0	0	0	0	0	0	9424403	
230	1	D	3	N	2500	0	40	23	43	4	0	0	0	0	0	0	0	0	0	0	0	0	0	0	9424418	
231	1	D	3	N	2500	0	40	22	44	3	0	0	0	0	0	0	0	0	0	0	0	0	0	0	9424434	
232	1	D	3	N	2500	0	40	74	403	37	0	0	0	0	0	0	0	0	0	0	0	0	0	0	9424543	
233	1	D	3	N	2500	0	40	26	61	4	0	0	0	0	0	0	0	0	0	0	0	0	0	0	9424871	
234	1	D	3	N	2500	0	40	94	619	61	2	2	0	0	0	0	0	0	0	0	0	0	0	0	9425011	
235	1	D	3	N	2500	0	40	46	61	4	1	2	0	0	0	0	0	0	0	0	0	0	0	0	9425339	
236	1	D	3	N	2500	0	40	28	55	1	0	1	0	0	0	0	0	0	0	0	0	0	0	0	9425386	
237	1	D	3	N	2500	0	40	439	1259	80	26	25	0	0	0	0	0	0	0	0	0	0	0	0	9425432	
238	1	D	3	N	2500	0	40	383	1048	50	20	21	0	0	0	0	0	0	0	0	0	0	0	0	9426618	
239	1	D	3	N	2500	0	40	45	88	4	4	6	0	0	0	0	0	0	0	0	0	0	0	0	9426618	
240	1	D	3	N	2500	0	40	28	32	1	1	1	0	0	0	0	0	0	0	0	0	0	0	0	9427320	
241	1	D	3	N	2500	0	40	20	22	0	0	1	0	0	0	0	0	0	0	0	0	0	0	0	9427648	
242	1	D	3	N	2500	0	40	23	25	0	0	2	0	0	0	0	0	0	0	0	0	0	0	0	9428162	
243	1	D	3	N	2500	0	40	29	29	2	0	1	0	0	0	0	0	0	0	0	0	0	0	0	9428568	
244	1	D	3	N	2500	0	40	406	1082	51	23	20	0	0	0	0	0	0	0	0	0	0	0	0	9428630	
245	1	D	3	N	2500	0	40	25	41	1	1	1	0	0	0	0	0	0	0	0	0	0	0	0	9428849	
246	1	D	3	N	2500	0	40	21	41	0	0	0	0	0	0	0	0	0	0	0	0	0	0	0	9429535	
247	1	D	3	N	2500	0	40	386	899	45	17	17	0	0	0	0	0	0	0	0	0	0	0	0	9429722	
248	1	D	3	N	2500	0	40	27	49	3	4	4	0	0	0	0	0	0	0	0	0	0	0	0	9429800	
249	1	D	3	N	2500	0	40	30	38	2	1	1	0	0	0	0	0	0	0	0	0	0	0	0	9429972	
250	1	D	3	N	2500	0	40	407	1070	56	21	20	0	0	0	0	0	0	0	0	0	0	0	0	9430097	
251	1	D	3	N	2500	0	40	20	29	2	2	2	0	0	0	0	0	0	0	0	0	0	0	0	9430206	
252	1	D	3	N	2500	0	40	594	1454	57	26	29	0	0	0	0	0	0	0	0	0	0	0	0	9431111	
253	1	D	3	N	2500	0	40	25	21	0	0	0	0	0	0	0	0	0	0	0	0	0	0	0	9431532	
254	1	D	3	N	2500	0	40	70	104	3	2	3	0	0	0	0	0	0	0	0	0	0	0	0	9431548	
255	1	D	4	N	2500	0	40	30	51	3	0	0	0	0	0	0	0	0	0	0	0	0	0	0	9439207	
256	1	D	4	N	2500	0	40	66	161	17	3	3	0	0	0	0	0	0	0	0	0	0	0	0	9439706	
257	1	D	4	N	2500	0	40	49	91	7	2	1	0	0	0	0	0	0	0	0	0	0	0	0	9439706	
258	1	D	4	N	2500	0	40	55	66	5	1	0	0	0	0	0	0	0	0	0	0	0	0	0	9439862	
259	1	D	4	N	2500	0	40	44	165	17	0	1	0	0	0	0	0	0	0	0	0	0	0	0	9440736	
260	1	D	4	N	2500	0	40	302	646	28	12	14	0	0	0	0	0	0	0	0	0	0	0	0	9441095	
261	1	D	4	N	2500	0	40	21	22	2	0	1	0	0	0	0	0	0	0	0	0	0	0	0	9441142	
262	1	D	4	N	2500	0	40	21	17	1	0	0	0	0	0	0	0	0	0	0	0	0	0	0	9441344	
263	1	D	4	N	2500	0	40	23	29	1	0	0	0	0	0	0	0	0	0	0	0	0	0	0	9441376	
264	1	D	4	N	2500	0	40	29	42	3	1	1	0	0	0	0	0	0	0	0	0	0	0	0	9441594	
265	1	D	4	N	2500	0	40	73	81	8	2	1	0	0	0	0	0	0	0	0	0	0	0	0	9441672	
266	1	D	4	N	2500	0	40	47	68	5	1	1	0	0	0	0	0	0	0	0	0	0	0	0	9441766	
267	1	D	4	N	2500	0	40	401	798	44	17	19	0	0	0	0	0	0	0	0	0	0	0	0	9441875	
268	1	D	4	N	2500	0	40	58	123	8	2	2	0	0	0	0	0	0	0	0	0	0	0	0	9441968	
269	1	D	4	N	2500	0	40	33	38	2	1	1	0	0	0	0	0	0	0	0	0	0	0	0	9442514	
270	1	D	4	N	2500	0	40	345	653	24	12	13	0	0	0	0	0	0	0	0	0	0	0	0	9443107	
271	1	D	4	N	2500	0	40	31	38	3	0	0	0	0	0	0	0	0	0	0	0	0	0	0	9443107	
272	1	D	4	N	2500	0	40	20	35	2	0	0	0	0	0	0	0	0	0	0	0	0	0	0	9444464	
273	1	D	4	N	2500	0	40	23	37	1	0	0	0	0	0	0	0	0	0	0	0	0	0	0	9444511	
274	1	D	4	N	2500	0	40	34	58	13	15	18	0	0	0	0	0	0	0	0	0	0	0	0	9444589	
275	1	D	4	N	2500	0	40	53	154	10	10	10	0	0	0	0	0	0	0	0	0	0	0	0	9445416	
276	1	D	4	N	2500	0	40	23	36	1	1	1	0	0	0	0	0	0	0	0	0	0	0	0	9445650	
277	1	D	4	N	2500	0	40	31	35	1	0	1	0	0	0	0	0	0	0	0	0	0	0	0	9445650	
278	1	D	4	N	2500	0	40	283	557	15	10	13	0	0	0	0	0	0	0	0	0	0	0	0	9445775	
279	1	D	4	N	2500	0	40	32	41	3	0	0	0	0	0	0	0	0	0	0	0	0	0	0	9446009	
280	1	D	4	N	2500	0	40	61	237	25	22	23	0	0	0	0	0	0	0	0	0	0	0	0	9446352	
281	1	D	4	N	2500	0	40	44	62	1	1	0	0	0	0	0	0	0	0	0	0	0	0	0	9446570	
282	1	D	5	N	2500	0	40	26	31	3	0	0	0	0	0	0	0	0	0	0	0	0	0	0	9453996	
283	1	D	5	N	2500	0	40	36	54	6	1	0	0	0	0	0	0	0	0	0	0	0	0	0	9454573	
284	1	D	5	N	2500	0	40	28	39	2	0	0	0	0	0	0	0	0	0	0	0	0	0	0	9454636	
285	1	D	5	N	2500	0	40	87	406	49	7	5	0	0	0	0	0	0	0	0	0	0	0	0	9455041	
286	1	D	5	N	2500	0	40	34	71	6	1	1	0	0	0	0	0	0	0	0	0	0	0	0	9455041	
287	1	D	5	N	2500	0	40	94	171	4	3	4	0	0	0	0	0	0	0	0	0	0	0	0	9455463	
288	1	D	5	N	2500	0	40	23	46	3	4	2	0	0	0	0	0	0	0	0	0	0	0	0	9455697	
289	1	D	5	N	2500	0	40	31	28	3	0	0	0	0	0	0	0	0	0	0	0	0	0	0	9456055	
290	1	D	5	N	2500	0	40	79	217	22	7	4	0	0	0	0	0	0	0	0	0	0	0	0	9456804	
291	1	D	5	N	2500	0	40	34	90	7	2	2	0	0	0	0	0	0	0	0	0	0	0	0	9456804	
292	1	D	5	N	2500	0	40	28	49	2	2	2	0	0	0	0	0	0	0	0	0	0	0	0	9457288	
293	1	D	5	N	2500	0	40	236	351	11	6	7	0	0	0	0	0	0	0	0	0	0	0	0	9457319	
294	1	D	5	N	2500	0	40	26	23	2	0	0	0	0	0	0	0	0	0	0	0	0	0	0	9457444	
295	1	D	5	N	2500	0	40	72	150	6	5	6	0	0	0	0	0	0	0	0	0	0	0	0	9457569	
296	1	D	5	N	2500	0	40	27	44	4	3	4	0	0	0	0	0	0	0	0	0	0	0	0	9457615	
297	1	D	5	N	2500	0	40	123	690	103	96	114	0	0	0	0	0	0	0	0	0	0	0	0	9458349	
298	1	D	5	N	2500	0	40	157	428	46	7	4	0	0	0	0	0	0	0	0	0	0	0	0	9459394	
299	1	D	5	N	2500	0	40	51	173	23	3	1	0	0	0	0	0	0	0	0	0	0	0	0	9459394	
300	1	D	5	N	2500	0	40	20	44	6	7	9	0	0	0	0	0	0	0	0	0	0	0	0	9459409	
301	1	D	5	N	2500	0	40	159	214	5	3	4	0	0	0	0	0	0	0	0	0	0	0	0	9459909	
302	1	D	5	N	2500	0	40	28	52	1	0	0	0	0	0	0	0	0	0	0	0	0	0	0	9459924	
303	1	D	5	N	2500	0	40	31	30	3	0	1	0	0	0	0	0	0	0	0	0	0	0	0	9460096	
304	1	D	5	N	2500	0	40	32	42	1	1	2	0	0	0	0	0	0	0	0	0	0	0	0	9460611	
305	1	D	5	N	2500	0	40	21	24	1	0	0	0	0	0	0	0	0	0	0	0	0	0	0	9461110	
306	1	D	5	N	2500	0	40	75	268	24	25	29	0	0	0	0	0	0	0	0	0	0	0	0	9461203	
307	1	D	6	N	2500	0	40	50	104	9	3	2	0	0	0	0	0	0	0	0	0	0	0	0	9468707	
308	1	D	6	N	2500	0	40	30	38	2	1	1	0	0	0	0	0	0	0	0	0	0	0	0	9468707	
309	1	D	6	N	2500	0	40	24	42	2	2	2	0	0	0	0	0	0	0	0	0	0	0	0	9471172	
310	1	D	6	N	2500	0	40	66	167	17	2	2	0	0	0	0	0	0	0	0	0	0	0	0	9472669	
311	1	D	6	N	2500	0	40	48	76	7	1	1	0	0	0	0	0	0	0	0	0	0	0	0	9473839	
312	1	D	6	N	2500	0	40	29	44	4	0	1	0	0	0	0	0	0	0	0	0	0	0	0	9473964	
313	1	D	6	N	2500	0	40	21	34	2	0	0	0	0	0	0	0	0	0	0	0	0	0	0	9474011	
314	1	D	6	N	2500	0	40	40	66	6	2	1	0	0	0	0	0	0	0	0	0	0	0	0	9474729	
315	1	D	6	N	2500	0	40	58	205	44	26	29	0	0	0	0	0	0	0	0	0	0	0	0	9474900	
316	1	D	7	N	2500	0	40	25	53	3	0	0	0	0	0	0	0	0	0	0	0	0	0	0	9483496	
317	1	D	7	N	2500	0	40	70	159	12	0	1	0	0	0	0	0	0	0	0	0	0	0	0	9483496	
318	1	D	7	N	2500	0	40	92	194	21	0	1	0	0	0	0	0	0	0	0	0	0	0	0	9483652	
319	1	D	7	N	2500	0	40	32	79	7	0	1	0	0	0	0	0	0	0	0	0	0	0	0	9483886	
320	1	D	7	N	2500	0	40	124	236	26	11	5	0	0	0	0	0	0	0	0	0	0	0	0	9483901	
321	1	D	7	N	2500	0	40	103	184	20	5	3	0	0	0	0	0	0	0	0	0	0	0	0	9483901	
322	1	D	7	N	2500	0	40	20	16	1	0	0	0	0	0	0	0	0	0	0	0	0	0	0	9483964	
323	1	D	7	N	2500	0	40	71	270	20	0	1	0	0	0	0	0	0	0	0	0	0	0	0	9484135	
324	1	D	7	N	2500	0	40	61	79	6	2	2	0	0	0	0	0	0	0	0	0	0	0	0	9484167	
325	1	D	7	N	2500	0	40	30	37	3	1	0	0	0	0	0	0	0	0	0	0	0	0	0	9484167	
326	1	D	7	N	2500	0	40	96	187	20	7	4	0	0	0	0	0	0	0	0	0	0	0	0	9484213	
327	1	D	7	N	2500	0	40	32	33	1	1	0	0	0	0	0	0	0	0	0	0	0	0	0	9484276	
328	1	D	7	N	2500	0	40	25	30	2	1	0	0	0	0	0	0	0	0	0	0	0	0	0	9484307	
329	1	D	7	N	2500	0	40	43	56	5	3	0	0	0	0	0	0	0	0	0	0	0	0	0	9484307	
330	1	D	7	N	2500	0	40	102	137	13	6	6	0	0	0	0	0	0	0	0	0	0	0	0	9484416	
331	1	D	7	N	2500	0	40	38	53	10	0	1	0	0	0	0	0	0	0	0	0	0	0	0	9484603	
332	1	D	7	N	2500	0	40	30	74	7	0	0	0	0	0	0	0	0	0	0	0	0	0	0	9484650	
333	1	D	7	N	2500	0	40	26	27	2	1	1	0	0	0	0	0	0	0	0	0	0	0	0	9486101	
334	1	D	7	N	2500	0	40	433	1248	62	25	21	0	0	0	0	0	0	0	0	0	0	0	0	9487115	
335	1	D	7	N	2500	0	40	715	2355	138	50	40	0	0	0	0	0	0	0	0	0	0	0	0	9488129	
336	1	D	7	N	2500	0	40	270	1423	98	33	25	0	0	0	0	0	0	0	0	0	0	0	0	9488160	
337	1	D	7	N	2500	0	40	379	1210	75	30	27	0	0	0	0	0	0	0	0	0	0	0	0	9488550	
338	1	D	7	N	2500	0	40	56	166	10	10	9	0	0	0	0	0	0	0	0	0	0	0	0	9488691	
339	1	D	7	N	2500	0	40	21	20	1	0	0	0	0	0	0	0	0	0	0	0	0	0	0	9489283	
340	1	D	7	N	2500	0	40	505	1526	96	33	30	0	0	0	0	0	0	0	0	0	0	0	0	9489517	
341	1	D	7	N	2500	0	40	55	132	9	8	10	0	0	0	0	0	0	0	0	0	0	0	0	9489564	
342	1	D	7	N	2500	0	40	457	1351	78	28	20	0	0	0	0	0	0	0	0	0	0	0	0	9489829	
343	1	D	7	N	2500	0	40	20	23	0	0	1	0	0	0	0	0	0	0	0	0	0	0	0	9490266	
344	1	D	7	N	2500	0	40	21	17	1	0	0	0	0	0	0	0	0	0	0	0	0	0	0	9490485	
345	1	D	8	N	2500	0	40	25	25	2	0	0	0	0	0	0	0	0	0	0	0	0	0	0	9497879	
346	1	D	8	N	2500	0	40	29	25	3	0	0	0	0	0	0	0	0	0	0	0	0	0	0	9498441	
347	1	D	8	N	2500	0	40	26	43	2	1	2	0	0	0	0	0	0	0	0	0	0	0	0	9498690	
348	1	D	8	N	2500	0	40	52	95	5	0	0	0	0	0	0	0	0	0	0	0	0	0	0	9499049	
349	1	D	8	N	2500	0	40	76	101	10	4	2	0	0	0	0	0	0	0	0	0	0	0	0	9499096	
350	1	D	8	N	2500	0	40	62	128	14	2	1	0	0	0	0	0	0	0	0	0	0	0	0	9499330	
351	1	D	8	N	2500	0	40	98	180	20	8	7	0	0	0	0	0	0	0	0	0	0	0	0	9499361	
352	1	D	8	N	2500	0	40	72	142	26	4	2	0	0	0	0	0	0	0	0	0	0	0	0	9499501	
353	1	D	8	N	2500	0	40	25	38	1	0	0	0	0	0	0	0	0	0	0	0	0	0	0	9499907	
354	1	D	8	N	2500	0	40	49	91	14	1	1	0	0	0	0	0	0	0	0	0	0	0	0	9500063	
355	1	D	8	N	2500	0	40	34	55	5	2	2	0	0	0	0	0	0	0	0	0	0	0	0	9500094	
356	1	D	8	N	2500	0	40	30	40	4	0	0	0	0	0	0	0	0	0	0	0	0	0	0	9500125	
357	1	D	8	N	2500	0	40	41	57	5	3	4	0	0	0	0	0	0	0	0	0	0	0	0	9500562	
358	1	D	8	N	2500	0	40	244	1020	49	24	21	0	0	0	0	0	0	0	0	0	0	0	0	9500703	
359	1	D	8	N	2500	0	40	437	1163	75	22	23	0	0	0	0	0	0	0	0	0	0	0	0	9500812	
360	1	D	8	N	2500	0	40	28	34	3	1	0	0	0	0	0	0	0	0	0	0	0	0	0	9500827	
361	1	D	8	N	2500	0	40	467	1408	77	30	26	0	0	0	0	0	0	0	0	0	0	0	0	9502278	
362	1	D	8	N	2500	0	40	22	24	1	1	1	0	0	0	0	0	0	0	0	0	0	0	0	9502559	
363	1	D	8	N	2500	0	40	55	94	16	2	2	0	0	0	0	0	0	0	0	0	0	0	0	9502575	
364	1	D	8	N	2500	0	40	64	141	15	2	1	0	0	0	0	0	0	0	0	0	0	0	0	9502590	
365	1	D	8	N	2500	0	40	431	1122	53	21	22	0	0	0	0	0	0	0	0	0	0	0	0	9503105	
366	1	D	8	N	2500	0	40	46	52	6	2	1	0	0	0	0	0	0	0	0	0	0	0	0	9503323	
367	1	D	8	N	2500	0	40	22	22	1	0	0	0	0	0	0	0	0	0	0	0	0	0	0	9503667	
368	1	D	8	N	2500	0	40	68	177	23	8	3	0	0	0	0	0	0	0	0	0	0	0	0	9503667	
369	1	D	8	N	2500	0	40	370	832	33	15	15	0	0	0	0	0	0	0	0	0	0	0	0	9503729	
370	1	D	8	N	2500	0	40	39	107	8	7	10	0	0	0	0	0	0	0	0	0	0	0	0	9505320	
371	1	D	9	N	2500	0	40	358	783	43	18	17	0	0	0	0	0	0	0	0	0	0	0	0	9512964	
372	1	D	9	N	2500	0	40	446	1101	64	24	19	0	0	0	0	0	0	0	0	0	0	0	0	9513011	
373	1	D	9	N	2500	0	40	250	834	39	15	17	0	0	0	0	0	0	0	0	0	0	0	0	9513136	
374	1	D	9	N	2500	0	40	28	67	6	0	0	0	0	0	0	0	0	0	0	0	0	0	0	9514540	
375	1	D	9	N	2500	0	40	20	18	1	0	0	0	0	0	0	0	0	0	0	0	0	0	0	9514789	
376	1	D	9	N	2500	0	40	340	745	29	14	17	0	0	0	0	0	0	0	0	0	0	0	0	9514836	
377	1	D	9	N	2500	0	40	38	81	5	5	6	0	0	0	0	0	0	0	0	0	0	0	0	9515273	
378	1	D	9	N	2500	0	40	575	1562	103	32	30	0	0	0	0	0	0	0	0	0	0	0	0	9515445	
379	1	D	9	N	2500	0	40	353	782	29	16	13	0	0	0	0	0	0	0	0	0	0	0	0	9515460	
380	1	D	9	N	2500	0	40	23	20	1	0	0	0	0	0	0	0	0	0	0	0	0	0	0	9516427	
381	1	D	9	N	2500	0	40	20	23	1	0	0	0	0	0	0	0	0	0	0	0	0	0	0	9516583	
382	1	D	9	N	2500	0	40	61	130	8	7	9	0	0	0	0	0	0	0	0	0	0	0	0	9516864	
383	1	D	9	N	2500	0	40	43	67	4	4	3	0	0	0	0	0	0	0	0	0	0	0	0	9517005	
384	1	D	9	N	2500	0	40	49	141	9	10	11	0	0	0	0	0	0	0	0	0	0	0	0	9517395	
385	1	D	9	N	2500	0	40	23	29	0	1	1	0	0	0	0	0	0	0	0	0	0	0	0	9517738	
386	1	D	9	N	2500	0	40	183	254	39	11	14	0	0	0	0	0	0	0	0	0	0	0	0	9517878	
387	1	D	9	N	2500	0	40	406	1043	49	22	21	0	0	0	0	0	0	0	0	0	0	0	0	9517941	
388	1	D	9	N	2500	0	40	333	723	26	13	13	0	0	0	0	0	0	0	0	0	0	0	0	9517956	
389	1	D	9	N	2500	0	40	39	135	37	36	38	0	0	0	0	0	0	0	0	0	0	0	0	9518190	
390	1	D	9	N	2500	0	40	171	290	9	9	13	0	0	0	0	0	0	0	0	0	0	0	0	9518549	
391	1	D	9	N	2500	0	40	415	975	41	17	20	0	0	0	0	0	0	0	0	0	0	0	0	9518861	
392	1	D	9	N	2500	0	40	64	133	10	1	1	0	0	0	0	0	0	0	0	0	0	0	0	9519579	
393	1	D	10	N	2500	0	40	22	40	3	3	3	0	0	0	0	0	0	0	0	0	0	0	0	9527488	
394	1	D	10	N	2500	0	40	43	72	2	2	3	0	0	0	0	0	0	0	0	0	0	0	0	9527722	
395	1	D	10	N	2500	0	40	21	22	0	0	1	0	0	0	0	0	0	0	0	0	0	0	0	9527925	
396	1	D	10	N	2500	0	40	29	33	3	0	0	0	0	0	0	0	0	0	0	0	0	0	0	9528081	
397	1	D	10	N	2500	0	40	41	56	3	1	2	0	0	0	0	0	0	0	0	0	0	0	0	9528377	
398	1	D	10	N	2500	0	40	27	50	2	0	0	0	0	0	0	0	0	0	0	0	0	0	0	9528798	
399	1	D	10	N	2500	0	40	477	814	32	18	21	0	0	0	0	0	0	0	0	0	0	0	0	9529157	
400	1	D	10	N	2500	0	40	345	747	26	14	19	0	0	0	0	0	0	0	0	0	0	0	0	9529625	
401	1	D	10	N	2500	0	40	331	683	24	11	15	0	0	0	0	0	0	0	0	0	0	0	0	9529968	
402	1	D	10	N	2500	0	40	82	317	33	32	39	0	0	0	0	0	0	0	0	0	0	0	0	9530062	
403	1	D	10	N	2500	0	40	66	129	7	6	7	0	0	0	0	0	0	0	0	0	0	0	0	9530436	
404	1	D	10	N	2500	0	40	284	658	28	13	16	0	0	0	0	0	0	0	0	0	0	0	0	9531918	
405	1	D	10	N	2500	0	40	28	39	1	1	2	0	0	0	0	0	0	0	0	0	0	0	0	9531996	
406	1	D	10	N	2500	0	40	45	76	3	2	3	0	0	0	0	0	0	0	0	0	0	0	0	9532059	
407	1	D	10	N	2500	0	40	46	65	2	2	2	0	0	0	0	0	0	0	0	0	0	0	0	9532059	
408	1	D	10	N	2500	0	40	71	138	5	6	6	0	0	0	0	0	0	0	0	0	0	0	0	9532090	
409	1	D	10	N	2500	0	40	367	724	27	14	14	0	0	0	0	0	0	0	0	0	0	0	0	9532121	
410	1	D	10	N	2500	0	40	25	28	1	0	0	0	0	0	0	0	0	0	0	0	0	0	0	9532261	
411	1	D	10	N	2500	0	40	277	521	18	9	12	0	0	0	0	0	0	0	0	0	0	0	0	9532261	
412	1	D	10	N	2500	0	40	39	72	3	3	3	0	0	0	0	0	0	0	0	0	0	0	0	9532402	
413	1	D	10	N	2500	0	40	22	40	3	0	0	0	0	0	0	0	0	0	0	0	0	0	0	9532527	
414	1	D	10	N	2500	0	40	221	823	37	20	19	0	0	0	0	0	0	0	0	0	0	0	0	9532948	
415	1	D	10	N	2500	0	40	344	733	37	15	15	0	0	0	0	0	0	0	0	0	0	0	0	9533010	
416	1	D	10	N	2500	0	40	349	840	36	17	19	0	0	0	0	0	0	0	0	0	0	0	0	9533135	
417	1	D	10	N	2500	0	40	42	40	1	1	2	0	0	0	0	0	0	0	0	0	0	0	0	9533213	
418	1	D	10	N	2500	0	40	494	1033	39	20	21	0	0	0	0	0	0	0	0	0	0	0	0	9534227	
419	1	D	10	N	2500	0	40	36	50	2	1	2	0	0	0	0	0	0	0	0	0	0	0	0	9534367	
420	1	D	11	N	2500	0	40	26	28	0	0	1	0	0	0	0	0	0	0	0	0	0	0	0	9542058	
421	1	D	11	N	2500	0	40	206	253	8	5	6	0	0	0	0	0	0	0	0	0	0	0	0	9544601	
422	1	D	11	N	2500	0	40	321	551	31	13	15	0	0	0	0	0	0	0	0	0	0	0	0	9545365	
423	1	D	11	N	2500	0	40	27	38	1	1	1	0	0	0	0	0	0	0	0	0	0	0	0	9546301	
424	1	D	11	N	2500	0	40	35	103	7	7	8	0	0	0	0	0	0	0	0	0	0	0	0	9547362	
425	1	D	11	N	2500	0	40	265	435	20	9	10	0	0	0	0	0	0	0	0	0	0	0	0	9547627	
426	1	D	11	N	2500	0	40	49	141	10	10	9	0	0	0	0	0	0	0	0	0	0	0	0	9547768	
427	1	D	11	N	2500	0	40	64	92	4	2	2	0	0	0	0	0	0	0	0	0	0	0	0	9548485	
428	1	D	11	N	2500	0	40	130	403	31	27	31	0	0	0	0	0	0	0	0	0	0	0	0	9548844	
429	1	D	11	N	2500	0	40	23	25	1	0	0	0	0	0	0	0	0	0	0	0	0	0	0	9548844	
430	1	D	11	N	2500	0	40	20	18	0	1	0	0	0	0	0	0	0	0	0	0	0	0	0	9548844	
431	1	D	11	N	2500	0	40	101	531	54	60	70	0	0	0	0	0	0	0	0	0	0	0	0	9548907	
432	1	D	11	N	2500	0	40	34	54	2	1	2	0	0	0	0	0	0	0	0	0	0	0	0	9549281	
433	1	D	11	N	2500	0	40	21	25	0	0	1	0	0	0	0	0	0	0	0	0	0	0	0	9549281	
434	1	D	11	N	2500	0	40	67	112	3	3	4	0	0	0	0	0	0	0	0	0	0	0	0	9549281	
435	1	D	12	N	2500	0	40	42	46	4	1	0	0	0	0	0	0	0	0	0	0	0	0	0	9557253	
436	1	D	12	N	2500	0	40	30	54	4	2	1	0	0	0	0	0	0	0	0	0	0	0	0	9562713	
437	1	E	1	N	2500	0	40	507	1697	76	41	32	0	0	0	0	0	0	0	0	0	0	0	0	9572915	
438	1	E	1	N	2500	0	40	371	1570	89	44	39	0	0	0	0	0	0	0	0	0	0	0	0	9573118	
439	1	E	1	N	2500	0	40	392	1710	97	56	48	0	0	0	0	0	0	0	0	0	0	0	0	9573149	
440	1	E	1	N	2500	0	40	121	299	33	8	3	0	0	0	0	0	0	0	0	0	0	0	0	9573149	
441	1	E	1	N	2500	0	40	67	148	21	2	1	0	0	0	0	0	0	0	0	0	0	0	0	9573352	
442	1	E	1	N	2500	0	40	39	62	7	0	1	0	0	0	0	0	0	0	0	0	0	0	0	9573461	
443	1	E	1	N	2500	0	40	25	57	4	0	0	0	0	0	0	0	0	0	0	0	0	0	0	9573461	
444	1	E	1	N	2500	0	40	146	224	13	15	19	0	0	0	0	0	0	0	0	0	0	0	0	9573539	
445	1	E	1	N	2500	0	40	96	176	23	2	1	0	0	0	0	0	0	0	0	0	0	0	0	9573602	
446	1	E	1	N	2500	0	40	637	1991	99	46	38	0	0	0	0	0	0	0	0	0	0	0	0	9573648	
447	1	E	1	N	2500	0	40	44	68	8	0	1	0	0	0	0	0	0	0	0	0	0	0	0	9573758	
448	1	E	1	N	2500	0	40	26	44	4	0	1	0	0	0	0	0	0	0	0	0	0	0	0	9573836	
449	1	E	1	N	2500	0	40	25	38	2	0	0	0	0	0	0	0	0	0	0	0	0	0	0	9573836	
450	1	E	1	N	2500	0	40	106	214	40	3	3	0	0	0	0	0	0	0	0	0	0	0	0	9574007	
451	1	E	1	N	2500	0	40	426	1337	67	28	24	0	0	0	0	0	0	0	0	0	0	0	0	9574163	
452	1	E	1	N	2500	0	40	29	32	3	1	0	0	0	0	0	0	0	0	0	0	0	0	0	9574210	
453	1	E	1	N	2500	0	40	311	635	24	8	10	0	0	0	0	0	0	0	0	0	0	0	0	9574787	
454	1	E	1	N	2500	0	40	405	1452	85	34	34	0	0	0	0	0	0	0	0	0	0	0	0	9575286	
455	1	E	1	N	2500	0	40	457	1441	64	32	29	0	0	0	0	0	0	0	0	0	0	0	0	9576160	
456	1	E	1	N	2500	0	40	21	18	1	0	0	0	0	0	0	0	0	0	0	0	0	0	0	9576238	
457	1	E	1	N	2500	0	40	55	63	5	1	0	0	0	0	0	0	0	0	0	0	0	0	0	9576238	
458	1	E	1	N	2500	0	40	27	28	2	0	0	0	0	0	0	0	0	0	0	0	0	0	0	9576472	
459	1	E	1	N	2500	0	40	55	68	6	2	1	0	0	0	0	0	0	0	0	0	0	0	0	9576519	
460	1	E	1	N	2500	0	40	26	29	2	0	0	0	0	0	0	0	0	0	0	0	0	0	0	9576534	
461	1	E	1	N	2500	0	40	400	1248	81	28	28	0	0	0	0	0	0	0	0	0	0	0	0	9576597	
462	1	E	1	N	2500	0	40	31	36	1	1	2	0	0	0	0	0	0	0	0	0	0	0	0	9577096	
463	1	E	1	N	2500	0	40	49	171	8	9	9	0	0	0	0	0	0	0	0	0	0	0	0	9577174	
464	1	E	1	N	2500	0	40	34	43	5	0	0	0	0	0	0	0	0	0	0	0	0	0	0	9577595	
465	1	E	1	N	2500	0	40	293	1427	106	44	39	0	0	0	0	0	0	0	0	0	0	0	0	9577626	
466	1	E	1	N	2500	0	40	419	1319	61	29	27	0	0	0	0	0	0	0	0	0	0	0	0	9577626	
467	1	E	1	N	2500	0	40	30	48	2	1	2	0	0	0	0	0	0	0	0	0	0	0	0	9577689	
468	1	E	1	N	2500	0	40	55	130	5	5	7	0	0	0	0	0	0	0	0	0	0	0	0	9577689	
469	1	E	1	N	2500	0	40	20	19	1	1	1	0	0	0	0	0	0	0	0	0	0	0	0	9577876	
470	1	E	1	N	2500	0	40	48	56	4	4	5	0	0	0	0	0	0	0	0	0	0	0	0	9577876	
471	1	E	1	N	2500	0	40	28	53	2	2	2	0	0	0	0	0	0	0	0	0	0	0	0	9577970	
472	1	E	1	N	2500	0	40	484	1659	83	41	32	0	0	0	0	0	0	0	0	0	0	0	0	9578328	
473	1	E	1	N	2500	0	40	453	1489	70	30	26	0	0	0	0	0	0	0	0	0	0	0	0	9578516	
474	1	E	1	N	2500	0	40	533	1870	110	61	61	0	0	0	0	0	0	0	0	0	0	0	0	9578874	
475	1	E	1	N	2500	0	40	64	201	18	20	22	0	0	0	0	0	0	0	0	0	0	0	0	9579202	
476	1	E	1	N	2500	0	40	24	24	2	0	0	0	0	0	0	0	0	0	0	0	0	0	0	9579764	
477	1	E	2	N	2500	0	40	20	20	1	0	0	0	0	0	0	0	0	0	0	0	0	0	0	9587735	
478	1	E	2	N	2500	0	40	23	23	2	1	0	0	0	0	0	0	0	0	0	0	0	0	0	9587751	
479	1	E	2	N	2500	0	40	47	91	10	1	1	0	0	0	0	0	0	0	0	0	0	0	0	9587938	
480	1	E	2	N	2500	0	40	22	24	2	0	0	0	0	0	0	0	0	0	0	0	0	0	0	9588032	
481	1	E	2	N	2500	0	40	35	68	5	0	0	0	0	0	0	0	0	0	0	0	0	0	0	9588078	
482	1	E	2	N	2500	0	40	32	67	6	0	0	0	0	0	0	0	0	0	0	0	0	0	0	9588312	
483	1	E	2	N	2500	0	40	27	34	3	0	0	0	0	0	0	0	0	0	0	0	0	0	0	9588344	
484	1	E	2	N	2500	0	40	28	32	3	0	0	0	0	0	0	0	0	0	0	0	0	0	0	9588344	
485	1	E	2	N	2500	0	40	72	280	21	3	2	0	0	0	0	0	0	0	0	0	0	0	0	9588702	
486	1	E	2	N	2500	0	40	76	99	14	2	1	0	0	0	0	0	0	0	0	0	0	0	0	9588843	
487	1	E	2	N	2500	0	40	25	31	0	1	1	0	0	0	0	0	0	0	0	0	0	0	0	9588890	
488	1	E	2	N	2500	0	40	22	22	1	0	0	0	0	0	0	0	0	0	0	0	0	0	0	9589217	
489	1	E	2	N	2500	0	40	369	1075	54	24	24	0	0	0	0	0	0	0	0	0	0	0	0	9589436	
490	1	E	2	N	2500	0	40	405	993	47	19	23	0	0	0	0	0	0	0	0	0	0	0	0	9589436	
491	1	E	2	N	2500	0	40	293	1540	78	41	33	0	0	0	0	0	0	0	0	0	0	0	0	9589514	
492	1	E	2	N	2500	0	40	41	41	4	1	0	0	0	0	0	0	0	0	0	0	0	0	0	9589545	
493	1	E	2	N	2500	0	40	295	994	51	24	22	0	0	0	0	0	0	0	0	0	0	0	0	9589560	
494	1	E	2	N	2500	0	40	291	1143	63	29	28	0	0	0	0	0	0	0	0	0	0	0	0	9589826	
495	1	E	2	N	2500	0	40	25	40	5	2	1	0	0	0	0	0	0	0	0	0	0	0	0	9589997	
496	1	E	2	N	2500	0	40	22	24	1	0	0	0	0	0	0	0	0	0	0	0	0	0	0	9589997	
497	1	E	2	N	2500	0	40	363	910	48	22	25	0	0	0	0	0	0	0	0	0	0	0	0	9590044	
498	1	E	2	N	2500	0	40	306	1272	76	34	36	0	0	0	0	0	0	0	0	0	0	0	0	9590387	
499	1	E	2	N	2500	0	40	20	29	1	1	1	0	0	0	0	0	0	0	0	0	0	0	0	9590434	
500	1	E	2	N	2500	0	40	37	59	2	2	2	0	0	0	0	0	0	0	0	0	0	0	0	9590465	
501	1	E	2	N	2500	0	40	20	20	0	0	0	0	0	0	0	0	0	0	0	0	0	0	0	9590855	
502	1	E	2	N	2500	0	40	562	1121	53	26	27	0	0	0	0	0	0	0	0	0	0	0	0	9591167	
503	1	E	2	N	2500	0	40	56	87	9	2	2	0	0	0	0	0	0	0	0	0	0	0	0	9591198	
504	1	E	2	N	2500	0	40	301	1120	56	28	23	0	0	0	0	0	0	0	0	0	0	0	0	9591370	
505	1	E	2	N	2500	0	40	414	1224	58	28	25	0	0	0	0	0	0	0	0	0	0	0	0	9591417	
506	1	E	2	N	2500	0	40	476	1195	79	28	29	0	0	0	0	0	0	0	0	0	0	0	0	9591448	
507	1	E	2	N	2500	0	40	409	1004	51	21	21	0	0	0	0	0	0	0	0	0	0	0	0	9591464	
508	1	E	2	N	2500	0	40	393	1073	54	22	24	0	0	0	0	0	0	0	0	0	0	0	0	9591791	
509	1	E	2	N	2500	0	40	35	60	2	2	2	0	0	0	0	0	0	0	0	0	0	0	0	9591916	
510	1	E	2	N	2500	0	40	447	1373	90	33	27	0	0	0	0	0	0	0	0	0	0	0	0	9591947	
511	1	E	2	N	2500	0	40	53	105	10	2	1	0	0	0	0	0	0	0	0	0	0	0	0	9592025	
512	1	E	2	N	2500	0	40	375	1357	79	37	32	0	0	0	0	0	0	0	0	0	0	0	0	9592056	
513	1	E	2	N	2500	0	40	464	1398	85	34	30	0	0	0	0	0	0	0	0	0	0	0	0	9592228	
514	1	E	2	N	2500	0	40	446	1136	71	26	19	0	0	0	0	0	0	0	0	0	0	0	0	9592353	
515	1	E	2	N	2500	0	40	24	22	1	0	0	0	0	0	0	0	0	0	0	0	0	0	0	9592977	
516	1	E	2	N	2500	0	40	58	186	20	8	4	0	0	0	0	0	0	0	0	0	0	0	0	9593117	
517	1	E	2	N	2500	0	40	38	56	4	2	1	0	0	0	0	0	0	0	0	0	0	0	0	9593117	
518	1	E	2	N	2500	0	40	45	79	1	0	1	0	0	0	0	0	0	0	0	0	0	0	0	9593320	
519	1	E	2	N	2500	0	40	29	52	4	4	4	0	0	0	0	0	0	0	0	0	0	0	0	9593585	
520	1	E	2	N	2500	0	40	23	47	10	9	9	0	0	0	0	0	0	0	0	0	0	0	0	9594084	
521	1	E	2	N	2500	0	40	25	27	0	0	0	0	0	0	0	0	0	0	0	0	0	0	0	9594303	
522	1	E	2	N	2500	0	40	74	207	19	16	18	0	0	0	0	0	0	0	0	0	0	0	0	9594771	
523	1	E	3	N	2500	0	40	34	48	4	1	1	0	0	0	0	0	0	0	0	0	0	0	0	9602384	
524	1	E	3	N	2500	0	40	24	26	0	0	1	0	0	0	0	0	0	0	0	0	0	0	0	9602446	
525	1	E	3	N	2500	0	40	34	48	3	1	0	0	0	0	0	0	0	0	0	0	0	0	0	9602540	
526	1	E	3	N	2500	0	40	24	21	0	0	0	0	0	0	0	0	0	0	0	0	0	0	0	9602820	
527	1	E	3	N	2500	0	40	24	39	6	0	0	0	0	0	0	0	0	0	0	0	0	0	0	9602992	
528	1	E	3	N	2500	0	40	25	30	0	1	0	0	0	0	0	0	0	0	0	0	0	0	0	9603070	
529	1	E	3	N	2500	0	40	61	93	4	3	3	0	0	0	0	0	0	0	0	0	0	0	0	9603101	
530	1	E	3	N	2500	0	40	101	198	10	9	10	0	0	0	0	0	0	0	0	0	0	0	0	9603710	
531	1	E	3	N	2500	0	40	23	25	1	1	0	0	0	0	0	0	0	0	0	0	0	0	0	9603710	
532	1	E	3	N	2500	0	40	57	62	2	1	1	0	0	0	0	0	0	0	0	0	0	0	0	9603788	
533	1	E	3	N	2500	0	40	356	717	27	13	14	0	0	0	0	0	0	0	0	0	0	0	0	9603834	
534	1	E	3	N	2500	0	40	84	128	4	4	4	0	0	0	0	0	0	0	0	0	0	0	0	9604224	
535	1	E	3	N	2500	0	40	116	173	29	2	3	0	0	0	0	0	0	0	0	0	0	0	0	9604412	
536	1	E	3	N	2500	0	40	24	25	2	0	0	0	0	0	0	0	0	0	0	0	0	0	0	9604412	
537	1	E	3	N	2500	0	40	24	34	2	1	1	0	0	0	0	0	0	0	0	0	0	0	0	9604474	
538	1	E	3	N	2500	0	40	536	1108	65	33	26	0	0	0	0	0	0	0	0	0	0	0	0	9604692	
539	1	E	3	N	2500	0	40	36	35	3	0	1	0	0	0	0	0	0	0	0	0	0	0	0	9604739	
540	1	E	3	N	2500	0	40	23	21	1	1	0	0	0	0	0	0	0	0	0	0	0	0	0	9604895	
541	1	E	3	N	2500	0	40	67	294	45	5	4	0	0	0	0	0	0	0	0	0	0	0	0	9604911	
542	1	E	3	N	2500	0	40	24	24	2	0	0	0	0	0	0	0	0	0	0	0	0	0	0	9604911	
543	1	E	3	N	2500	0	40	20	25	1	1	1	0	0	0	0	0	0	0	0	0	0	0	0	9604926	
544	1	E	3	N	2500	0	40	24	35	1	1	1	0	0	0	0	0	0	0	0	0	0	0	0	9605207	
545	1	E	3	N	2500	0	40	35	59	5	1	0	0	0	0	0	0	0	0	0	0	0	0	0	9605426	
546	1	E	3	N	2500	0	40	30	29	0	0	1	0	0	0	0	0	0	0	0	0	0	0	0	9605535	
547	1	E	3	N	2500	0	40	110	555	62	62	71	0	0	0	0	0	0	0	0	0	0	0	0	9605550	
548	1	E	3	N	2500	0	40	69	76	8	2	2	0	0	0	0	0	0	0	0	0	0	0	0	9605597	
549	1	E	3	N	2500	0	40	44	88	8	2	1	0	0	0	0	0	0	0	0	0	0	0	0	9606252	
550	1	E	3	N	2500	0	40	378	890	43	19	18	0	0	0	0	0	0	0	0	0	0	0	0	9606377	
551	1	E	3	N	2500	0	40	25	52	5	1	0	0	0	0	0	0	0	0	0	0	0	0	0	9606564	
552	1	E	3	N	2500	0	40	31	66	10	1	0	0	0	0	0	0	0	0	0	0	0	0	0	9606580	
553	1	E	3	N	2500	0	40	24	21	2	0	0	0	0	0	0	0	0	0	0	0	0	0	0	9606580	
554	1	E	3	N	2500	0	40	238	752	45	21	20	0	0	0	0	0	0	0	0	0	0	0	0	9606861	
555	1	E	3	N	2500	0	40	23	37	1	1	1	0	0	0	0	0	0	0	0	0	0	0	0	9607017	
556	1	E	3	N	2500	0	40	386	997	51	23	21	0	0	0	0	0	0	0	0	0	0	0	0	9607032	
557	1	E	3	N	2500	0	40	54	159	17	2	2	0	0	0	0	0	0	0	0	0	0	0	0	9607079	
558	1	E	3	N	2500	0	40	493	1211	65	29	30	0	0	0	0	0	0	0	0	0	0	0	0	9607828	
559	1	E	3	N	2500	0	40	40	79	5	4	4	0	0	0	0	0	0	0	0	0	0	0	0	9607859	
560	1	E	3	N	2500	0	40	317	668	33	14	14	0	0	0	0	0	0	0	0	0	0	0	0	9607859	
561	1	E	3	N	2500	0	40	31	48	2	2	3	0	0	0	0	0	0	0	0	0	0	0	0	9608031	
562	1	E	3	N	2500	0	40	410	1106	51	25	26	0	0	0	0	0	0	0	0	0	0	0	0	9608982	
563	1	E	3	N	2500	0	40	88	397	41	39	50	0	0	0	0	0	0	0	0	0	0	0	0	9609076	
564	1	E	3	N	2500	0	40	41	43	3	1	0	0	0	0	0	0	0	0	0	0	0	0	0	9609232	
565	1	E	3	N	2500	0	40	358	758	29	14	13	0	0	0	0	0	0	0	0	0	0	0	0	9609716	
566	1	E	4	N	2500	0	40	347	746	32	16	16	0	0	0	0	0	0	0	0	0	0	0	0	9617032	
567	1	E	4	N	2500	0	40	83	210	20	6	3	0	0	0	0	0	0	0	0	0	0	0	0	9617188	
568	1	E	4	N	2500	0	40	65	102	10	3	2	0	0	0	0	0	0	0	0	0	0	0	0	9617204	
569	1	E	4	N	2500	0	40	29	42	4	1	1	0	0	0	0	0	0	0	0	0	0	0	0	9617235	
570	1	E	4	N	2500	0	40	73	341	45	13	7	0	0	0	0	0	0	0	0	0	0	0	0	9617235	
571	1	E	4	N	2500	0	40	31	38	2	1	0	0	0	0	0	0	0	0	0	0	0	0	0	9617235	
572	1	E	4	N	2500	0	40	109	632	102	29	17	0	0	0	0	0	0	0	0	0	0	0	0	9617235	
573	1	E	4	N	2500	0	40	111	476	64	17	11	0	0	0	0	0	0	0	0	0	0	0	0	9617235	
574	1	E	4	N	2500	0	40	59	78	10	2	2	0	0	0	0	0	0	0	0	0	0	0	0	9617250	
575	1	E	4	N	2500	0	40	78	253	26	9	5	0	0	0	0	0	0	0	0	0	0	0	0	9617250	
576	1	E	4	N	2500	0	40	27	41	4	1	1	0	0	0	0	0	0	0	0	0	0	0	0	9617625	
577	1	E	4	N	2500	0	40	49	62	6	0	0	0	0	0	0	0	0	0	0	0	0	0	0	9617640	
578	1	E	4	N	2500	0	40	42	41	3	0	0	0	0	0	0	0	0	0	0	0	0	0	0	9617640	
579	1	E	4	N	2500	0	40	20	17	1	0	0	0	0	0	0	0	0	0	0	0	0	0	0	9617828	
580	1	E	4	N	2500	0	40	20	20	1	0	0	0	0	0	0	0	0	0	0	0	0	0	0	9617828	
581	1	E	4	N	2500	0	40	63	121	19	1	2	0	0	0	0	0	0	0	0	0	0	0	0	9617874	
582	1	E	4	N	2500	0	40	85	200	32	4	3	0	0	0	0	0	0	0	0	0	0	0	0	9617874	
583	1	E	4	N	2500	0	40	31	47	3	1	0	0	0	0	0	0	0	0	0	0	0	0	0	9618296	
584	1	E	4	N	2500	0	40	20	24	1	0	0	0	0	0	0	0	0	0	0	0	0	0	0	9618436	
585	1	E	4	N	2500	0	40	96	114	12	4	2	0	0	0	0	0	0	0	0	0	0	0	0	9618576	
586	1	E	4	N	2500	0	40	30	28	2	1	0	0	0	0	0	0	0	0	0	0	0	0	0	9618576	
587	1	E	4	N	2500	0	40	29	31	4	1	1	0	0	0	0	0	0	0	0	0	0	0	0	9618654	
588	1	E	4	N	2500	0	40	313	585	23	9	11	0	0	0	0	0	0	0	0	0	0	0	0	9618920	
589	1	E	4	N	2500	0	40	37	54	1	0	1	0	0	0	0	0	0	0	0	0	0	0	0	9618920	
590	1	E	4	N	2500	0	40	29	38	1	1	2	0	0	0	0	0	0	0	0	0	0	0	0	9619107	
591	1	E	4	N	2500	0	40	88	162	26	2	3	0	0	0	0	0	0	0	0	0	0	0	0	9619419	
592	1	E	4	N	2500	0	40	86	135	12	4	3	0	0	0	0	0	0	0	0	0	0	0	0	9619700	
593	1	E	4	N	2500	0	40	107	398	38	5	3	0	0	0	0	0	0	0	0	0	0	0	0	9619840	
594	1	E	4	N	2500	0	40	27	29	1	1	1	0	0	0	0	0	0	0	0	0	0	0	0	9620105	
595	1	E	4	N	2500	0	40	59	174	16	3	3	0	0	0	0	0	0	0	0	0	0	0	0	9620355	
596	1	E	4	N	2500	0	40	34	74	5	4	6	0	0	0	0	0	0	0	0	0	0	0	0	9620682	
597	1	E	4	N	2500	0	40	519	1098	73	27	26	0	0	0	0	0	0	0	0	0	0	0	0	9620807	
598	1	E	4	N	2500	0	40	312	830	42	22	23	0	0	0	0	0	0	0	0	0	0	0	0	9620870	
599	1	E	4	N	2500	0	40	47	52	5	2	0	0	0	0	0	0	0	0	0	0	0	0	0	9621119	
600	1	E	4	N	2500	0	40	38	55	2	2	3	0	0	0	0	0	0	0	0	0	0	0	0	9621244	
601	1	E	4	N	2500	0	40	302	664	26	12	16	0	0	0	0	0	0	0	0	0	0	0	0	9621275	
602	1	E	4	N	2500	0	40	202	623	90	12	8	0	0	0	0	0	0	0	0	0	0	0	0	9621306	
603	1	E	4	N	2500	0	40	361	824	39	15	16	0	0	0	0	0	0	0	0	0	0	0	0	9621447	
604	1	E	4	N	2500	0	40	58	116	5	4	5	0	0	0	0	0	0	0	0	0	0	0	0	9621494	
605	1	E	4	N	2500	0	40	275	545	18	10	13	0	0	0	0	0	0	0	0	0	0	0	0	9621665	
606	1	E	4	N	2500	0	40	103	130	5	2	1	0	0	0	0	0	0	0	0	0	0	0	0	9621728	
607	1	E	4	N	2500	0	40	284	734	35	18	21	0	0	0	0	0	0	0	0	0	0	0	0	9621728	
608	1	E	4	N	2500	0	40	48	53	5	1	1	0	0	0	0	0	0	0	0	0	0	0	0	9621759	
609	1	E	4	N	2500	0	40	22	34	1	1	2	0	0	0	0	0	0	0	0	0	0	0	0	9622008	
610	1	E	4	N	2500	0	40	28	50	4	4	5	0	0	0	0	0	0	0	0	0	0	0	0	9622118	
611	1	E	4	N	2500	0	40	20	24	1	1	1	0	0	0	0	0	0	0	0	0	0	0	0	9622461	
612	1	E	4	N	2500	0	40	644	1253	54	27	29	0	0	0	0	0	0	0	0	0	0	0	0	9622695	
613	1	E	4	N	2500	0	40	27	29	1	0	0	0	0	0	0	0	0	0	0	0	0	0	0	9623381	
614	1	E	4	N	2500	0	40	329	904	43	20	19	0	0	0	0	0	0	0	0	0	0	0	0	9623787	
615	1	E	4	N	2500	0	40	23	23	2	1	2	0	0	0	0	0	0	0	0	0	0	0	0	9623865	
616	1	E	4	N	2500	0	40	416	1015	47	20	24	0	0	0	0	0	0	0	0	0	0	0	0	9623880	
617	1	E	4	N	2500	0	40	225	457	20	11	11	0	0	0	0	0	0	0	0	0	0	0	0	9624442	
618	1	E	5	N	2500	0	40	65	82	6	2	2	0	0	0	0	0	0	0	0	0	0	0	0	9631977	
619	1	E	5	N	2500	0	40	236	857	147	17	10	0	0	0	0	0	0	0	0	0	0	0	0	9631977	
620	1	E	5	N	2500	0	40	40	84	8	3	2	0	0	0	0	0	0	0	0	0	0	0	0	9631977	
621	1	E	5	N	2500	0	40	72	286	37	4	3	0	0	0	0	0	0	0	0	0	0	0	0	9632195	
622	1	E	5	N	2500	0	40	300	450	17	9	10	0	0	0	0	0	0	0	0	0	0	0	0	9632226	
623	1	E	5	N	2500	0	40	31	32	3	1	0	0	0	0	0	0	0	0	0	0	0	0	0	9632460	
624	1	E	5	N	2500	0	40	43	147	24	2	1	0	0	0	0	0	0	0	0	0	0	0	0	9632507	
625	1	E	5	N	2500	0	40	66	154	15	4	3	0	0	0	0	0	0	0	0	0	0	0	0	9632585	
626	1	E	5	N	2500	0	40	30	32	0	0	0	0	0	0	0	0	0	0	0	0	0	0	0	9632866	
627	1	E	5	N	2500	0	40	327	580	23	12	17	0	0	0	0	0	0	0	0	0	0	0	0	9633022	
628	1	E	5	N	2500	0	40	34	35	3	1	0	0	0	0	0	0	0	0	0	0	0	0	0	9633038	
629	1	E	5	N	2500	0	40	35	75	5	5	8	0	0	0	0	0	0	0	0	0	0	0	0	9633084	
630	1	E	5	N	2500	0	40	41	88	8	3	2	0	0	0	0	0	0	0	0	0	0	0	0	9633162	
631	1	E	5	N	2500	0	40	23	27	2	0	0	0	0	0	0	0	0	0	0	0	0	0	0	9633209	
632	1	E	5	N	2500	0	40	49	83	6	3	1	0	0	0	0	0	0	0	0	0	0	0	0	9633240	
633	1	E	5	N	2500	0	40	46	58	5	2	1	0	0	0	0	0	0	0	0	0	0	0	0	9633272	
634	1	E	5	N	2500	0	40	70	73	6	2	1	0	0	0	0	0	0	0	0	0	0	0	0	9633428	
635	1	E	5	N	2500	0	40	64	198	8	5	6	0	0	0	0	0	0	0	0	0	0	0	0	9633459	
636	1	E	5	N	2500	0	40	22	23	1	0	0	0	0	0	0	0	0	0	0	0	0	0	0	9633740	
637	1	E	5	N	2500	0	40	24	30	2	0	0	0	0	0	0	0	0	0	0	0	0	0	0	9633974	
638	1	E	5	N	2500	0	40	20	18	1	0	0	0	0	0	0	0	0	0	0	0	0	0	0	9634067	
639	1	E	5	N	2500	0	40	213	318	8	6	7	0	0	0	0	0	0	0	0	0	0	0	0	9634192	
640	1	E	5	N	2500	0	40	286	447	13	9	11	0	0	0	0	0	0	0	0	0	0	0	0	9634598	
641	1	E	5	N	2500	0	40	77	231	32	10	5	0	0	0	0	0	0	0	0	0	0	0	0	9634598	
642	1	E	5	N	2500	0	40	165	203	6	3	6	0	0	0	0	0	0	0	0	0	0	0	0	9634785	
643	1	E	5	N	2500	0	40	45	96	11	2	2	0	0	0	0	0	0	0	0	0	0	0	0	9634972	
644	1	E	5	N	2500	0	40	230	713	27	17	16	0	0	0	0	0	0	0	0	0	0	0	0	9634988	
645	1	E	5	N	2500	0	40	322	523	15	12	13	0	0	0	0	0	0	0	0	0	0	0	0	9635128	
646	1	E	5	N	2500	0	40	50	100	9	4	1	0	0	0	0	0	0	0	0	0	0	0	0	9635159	
647	1	E	5	N	2500	0	40	277	427	16	9	13	0	0	0	0	0	0	0	0	0	0	0	0	9635393	
648	1	E	5	N	2500	0	40	41	50	5	1	1	0	0	0	0	0	0	0	0	0	0	0	0	9635830	
649	1	E	5	N	2500	0	40	40	85	6	3	4	0	0	0	0	0	0	0	0	0	0	0	0	9635892	
650	1	E	5	N	2500	0	40	28	26	1	0	1	0	0	0	0	0	0	0	0	0	0	0	0	9635908	
651	1	E	5	N	2500	0	40	222	352	10	7	7	0	0	0	0	0	0	0	0	0	0	0	0	9636017	
652	1	E	5	N	2500	0	40	117	213	28	9	5	0	0	0	0	0	0	0	0	0	0	0	0	9636204	
653	1	E	5	N	2500	0	40	177	226	7	3	5	0	0	0	0	0	0	0	0	0	0	0	0	9636704	
654	1	E	5	N	2500	0	40	34	56	6	1	1	0	0	0	0	0	0	0	0	0	0	0	0	9636953	
655	1	E	5	N	2500	0	40	296	595	22	14	18	0	0	0	0	0	0	0	0	0	0	0	0	9637031	
656	1	E	5	N	2500	0	40	351	710	28	13	15	0	0	0	0	0	0	0	0	0	0	0	0	9637172	
657	1	E	5	N	2500	0	40	41	61	6	3	1	0	0	0	0	0	0	0	0	0	0	0	0	9637250	
658	1	E	5	N	2500	0	40	170	398	14	7	10	0	0	0	0	0	0	0	0	0	0	0	0	9638264	
659	1	E	5	N	2500	0	40	21	26	0	0	0	0	0	0	0	0	0	0	0	0	0	0	0	9638841	
660	1	E	6	N	2500	0	40	73	229	56	9	6	0	0	0	0	0	0	0	0	0	0	0	0	9646906	
661	1	E	6	N	2500	0	40	32	70	10	1	1	0	0	0	0	0	0	0	0	0	0	0	0	9648840	
662	1	E	6	N	2500	0	40	39	47	4	1	0	0	0	0	0	0	0	0	0	0	0	0	0	9651633	
663	1	E	6	N	2500	0	40	29	54	5	1	1	0	0	0	0	0	0	0	0	0	0	0	0	9652148	
664	1	E	6	N	2500	0	40	27	35	2	1	0	0	0	0	0	0	0	0	0	0	0	0	0	9653848	
665	1	E	7	N	2500	0	40	68	118	11	3	2	0	0	0	0	0	0	0	0	0	0	0	0	9661258	
666	1	E	7	N	2500	0	40	21	19	1	0	1	0	0	0	0	0	0	0	0	0	0	0	0	9661305	
667	1	E	7	N	2500	0	40	27	48	3	0	0	0	0	0	0	0	0	0	0	0	0	0	0	9661430	
668	1	E	7	N	2500	0	40	29	38	3	1	1	0	0	0	0	0	0	0	0	0	0	0	0	9661523	
669	1	E	7	N	2500	0	40	151	507	64	19	10	0	0	0	0	0	0	0	0	0	0	0	0	9661726	
670	1	E	7	N	2500	0	40	22	22	1	0	0	0	0	0	0	0	0	0	0	0	0	0	0	9661726	
671	1	E	7	N	2500	0	40	59	239	26	3	3	0	0	0	0	0	0	0	0	0	0	0	0	9661851	
672	1	E	7	N	2500	0	40	40	34	4	1	0	0	0	0	0	0	0	0	0	0	0	0	0	9661913	
673	1	E	7	N	2500	0	40	53	129	16	3	2	0	0	0	0	0	0	0	0	0	0	0	0	9661913	
674	1	E	7	N	2500	0	40	51	144	15	4	1	0	0	0	0	0	0	0	0	0	0	0	0	9661991	
675	1	E	7	N	2500	0	40	126	379	63	14	7	0	0	0	0	0	0	0	0	0	0	0	0	9662163	
676	1	E	7	N	2500	0	40	410	1256	60	26	28	0	0	0	0	0	0	0	0	0	0	0	0	9662225	
677	1	E	7	N	2500	0	40	415	1611	117	41	27	0	0	0	0	0	0	0	0	0	0	0	0	9662272	
678	1	E	7	N	2500	0	40	60	89	11	1	1	0	0	0	0	0	0	0	0	0	0	0	0	9662678	
679	1	E	7	N	2500	0	40	72	132	13	5	4	0	0	0	0	0	0	0	0	0	0	0	0	9663130	
680	1	E	7	N	2500	0	40	83	321	39	10	4	0	0	0	0	0	0	0	0	0	0	0	0	9663458	
681	1	E	7	N	2500	0	40	296	1394	96	36	29	0	0	0	0	0	0	0	0	0	0	0	0	9663723	
682	1	E	7	N	2500	0	40	28	44	4	1	1	0	0	0	0	0	0	0	0	0	0	0	0	9663894	
683	1	E	7	N	2500	0	40	182	707	27	17	14	0	0	0	0	0	0	0	0	0	0	0	0	9663941	
684	1	E	7	N	2500	0	40	65	359	44	12	8	0	0	0	0	0	0	0	0	0	0	0	0	9664316	
685	1	E	7	N	2500	0	40	152	373	46	12	8	0	0	0	0	0	0	0	0	0	0	0	0	9664425	
686	1	E	7	N	2500	0	40	23	23	1	0	0	0	0	0	0	0	0	0	0	0	0	0	0	9664425	
687	1	E	7	N	2500	0	40	80	132	18	2	1	0	0	0	0	0	0	0	0	0	0	0	0	9664784	
688	1	E	7	N	2500	0	40	165	310	18	6	6	0	0	0	0	0	0	0	0	0	0	0	0	9665111	
689	1	E	7	N	2500	0	40	281	859	43	18	14	0	0	0	0	0	0	0	0	0	0	0	0	9665111	
690	1	E	7	N	2500	0	40	37	35	3	1	2	0	0	0	0	0	0	0	0	0	0	0	0	9665798	
691	1	E	7	N	2500	0	40	419	1349	63	29	24	0	0	0	0	0	0	0	0	0	0	0	0	9665922	
692	1	E	7	N	2500	0	40	394	1107	52	24	19	0	0	0	0	0	0	0	0	0	0	0	0	9665922	
693	1	E	7	N	2500	0	40	21	20	1	1	1	0	0	0	0	0	0	0	0	0	0	0	0	9666453	
694	1	E	7	N	2500	0	40	24	21	2	1	0	0	0	0	0	0	0	0	0	0	0	0	0	9666562	
695	1	E	7	N	2500	0	40	163	347	30	20	22	0	0	0	0	0	0	0	0	0	0	0	0	9666827	
696	1	E	7	N	2500	0	40	288	1431	80	33	26	0	0	0	0	0	0	0	0	0	0	0	0	9666843	
697	1	E	7	N	2500	0	40	27	52	3	2	1	0	0	0	0	0	0	0	0	0	0	0	0	9667124	
698	1	E	7	N	2500	0	40	41	68	7	2	2	0	0	0	0	0	0	0	0	0	0	0	0	9668028	
699	1	E	7	N	2500	0	40	455	1393	72	30	27	0	0	0	0	0	0	0	0	0	0	0	0	9668543	
700	1	E	8	N	2500	0	40	79	134	26	3	2	0	0	0	0	0	0	0	0	0	0	0	0	9675766	
701	1	E	8	N	2500	0	40	20	27	2	0	0	0	0	0	0	0	0	0	0	0	0	0	0	9676016	
702	1	E	8	N	2500	0	40	487	1318	72	28	25	0	0	0	0	0	0	0	0	0	0	0	0	9676078	
703	1	E	8	N	2500	0	40	22	20	2	0	0	0	0	0	0	0	0	0	0	0	0	0	0	9676421	
704	1	E	8	N	2500	0	40	48	48	5	1	1	0	0	0	0	0	0	0	0	0	0	0	0	9677279	
705	1	E	8	N	2500	0	40	94	233	25	3	2	0	0	0	0	0	0	0	0	0	0	0	0	9677529	
706	1	E	8	N	2500	0	40	36	97	11	2	1	0	0	0	0	0	0	0	0	0	0	0	0	9677607	
707	1	E	8	N	2500	0	40	75	87	8	2	1	0	0	0	0	0	0	0	0	0	0	0	0	9677778	
708	1	E	8	N	2500	0	40	44	133	17	2	2	0	0	0	0	0	0	0	0	0	0	0	0	9678075	
709	1	E	8	N	2500	0	40	25	51	2	2	3	0	0	0	0	0	0	0	0	0	0	0	0	9678356	
710	1	E	8	N	2500	0	40	210	988	81	30	28	0	0	0	0	0	0	0	0	0	0	0	0	9678402	
711	1	E	8	N	2500	0	40	24	25	2	1	0	0	0	0	0	0	0	0	0	0	0	0	0	9678621	
712	1	E	8	N	2500	0	40	55	90	10	2	1	0	0	0	0	0	0	0	0	0	0	0	0	9678870	
713	1	E	8	N	2500	0	40	46	52	4	1	0	0	0	0	0	0	0	0	0	0	0	0	0	9679042	
714	1	E	8	N	2500	0	40	351	1059	53	24	26	0	0	0	0	0	0	0	0	0	0	0	0	9679183	
715	1	E	8	N	2500	0	40	83	149	16	5	3	0	0	0	0	0	0	0	0	0	0	0	0	9679323	
716	1	E	8	N	2500	0	40	438	1093	59	21	23	0	0	0	0	0	0	0	0	0	0	0	0	9679526	
717	1	E	8	N	2500	0	40	57	104	15	3	1	0	0	0	0	0	0	0	0	0	0	0	0	9679775	
718	1	E	8	N	2500	0	40	332	1285	68	32	28	0	0	0	0	0	0	0	0	0	0	0	0	9680243	
719	1	E	8	N	2500	0	40	26	54	2	2	1	0	0	0	0	0	0	0	0	0	0	0	0	9680852	
720	1	E	8	N	2500	0	40	694	1716	137	46	39	0	0	0	0	0	0	0	0	0	0	0	0	9681101	
721	1	E	8	N	2500	0	40	20	38	1	1	1	0	0	0	0	0	0	0	0	0	0	0	0	9681413	
722	1	E	8	N	2500	0	40	42	84	10	2	2	0	0	0	0	0	0	0	0	0	0	0	0	9681538	
723	1	E	8	N	2500	0	40	114	353	57	6	4	0	0	0	0	0	0	0	0	0	0	0	0	9681538	
724	1	E	8	N	2500	0	40	59	99	3	2	2	0	0	0	0	0	0	0	0	0	0	0	0	9682162	
725	1	E	8	N	2500	0	40	47	90	5	6	6	0	0	0	0	0	0	0	0	0	0	0	0	9682178	
726	1	E	8	N	2500	0	40	24	56	4	2	2	0	0	0	0	0	0	0	0	0	0	0	0	9682615	
727	1	E	8	N	2500	0	40	22	49	4	3	3	0	0	0	0	0	0	0	0	0	0	0	0	9682615	
728	1	E	8	N	2500	0	40	23	45	2	1	2	0	0	0	0	0	0	0	0	0	0	0	0	9682615	
729	1	E	8	N	2500	0	40	467	1417	100	36	31	0	0	0	0	0	0	0	0	0	0	0	0	9682630	
730	1	E	8	N	2500	0	40	46	79	1	1	1	0	0	0	0	0	0	0	0	0	0	0	0	9682973	
731	1	E	9	N	2500	0	40	49	127	6	7	9	0	0	0	0	0	0	0	0	0	0	0	0	9690914	
732	1	E	9	N	2500	0	40	38	72	6	2	0	0	0	0	0	0	0	0	0	0	0	0	0	9691553	
733	1	E	9	N	2500	0	40	388	948	43	18	22	0	0	0	0	0	0	0	0	0	0	0	0	9691647	
734	1	E	9	N	2500	0	40	41	55	1	0	1	0	0	0	0	0	0	0	0	0	0	0	0	9691819	
735	1	E	9	N	2500	0	40	22	24	2	0	1	0	0	0	0	0	0	0	0	0	0	0	0	9692287	
736	1	E	9	N	2500	0	40	20	27	2	0	0	0	0	0	0	0	0	0	0	0	0	0	0	9692318	
737	1	E	9	N	2500	0	40	29	40	4	0	1	0	0	0	0	0	0	0	0	0	0	0	0	9692723	
738	1	E	9	N	2500	0	40	49	75	7	3	2	0	0	0	0	0	0	0	0	0	0	0	0	9693129	
739	1	E	9	N	2500	0	40	49	78	10	1	1	0	0	0	0	0	0	0	0	0	0	0	0	9693176	
740	1	E	9	N	2500	0	40	76	88	8	4	1	0	0	0	0	0	0	0	0	0	0	0	0	9693519	
741	1	E	9	N	2500	0	40	52	99	8	3	2	0	0	0	0	0	0	0	0	0	0	0	0	9693815	
742	1	E	9	N	2500	0	40	21	23	1	0	1	0	0	0	0	0	0	0	0	0	0	0	0	9694299	
743	1	E	9	N	2500	0	40	38	49	4	2	1	0	0	0	0	0	0	0	0	0	0	0	0	9694361	
744	1	E	9	N	2500	0	40	40	80	3	2	3	0	0	0	0	0	0	0	0	0	0	0	0	9694377	
745	1	E	9	N	2500	0	40	21	18	1	0	0	0	0	0	0	0	0	0	0	0	0	0	0	9694845	
746	1	E	9	N	2500	0	40	32	33	3	1	1	0	0	0	0	0	0	0	0	0	0	0	0	9695313	
747	1	E	9	N	2500	0	40	238	812	41	22	19	0	0	0	0	0	0	0	0	0	0	0	0	9695859	
748	1	E	9	N	2500	0	40	374	879	48	20	20	0	0	0	0	0	0	0	0	0	0	0	0	9695875	
749	1	E	9	N	2500	0	40	28	43	1	1	1	0	0	0	0	0	0	0	0	0	0	0	0	9696327	
750	1	E	9	N	2500	0	40	23	37	1	1	1	0	0	0	0	0	0	0	0	0	0	0	0	9696327	
751	1	E	9	N	2500	0	40	62	157	14	13	14	0	0	0	0	0	0	0	0	0	0	0	0	9696623	
752	1	E	9	N	2500	0	40	32	41	2	1	2	0	0	0	0	0	0	0	0	0	0	0	0	9696982	
753	1	E	9	N	2500	0	40	34	37	4	1	1	0	0	0	0	0	0	0	0	0	0	0	0	9697310	
754	1	E	9	N	2500	0	40	40	62	6	2	1	0	0	0	0	0	0	0	0	0	0	0	0	9697325	
755	1	E	9	N	2500	0	40	27	32	3	1	1	0	0	0	0	0	0	0	0	0	0	0	0	9697918	
756	1	E	9	N	2500	0	40	23	32	1	1	2	0	0	0	0	0	0	0	0	0	0	0	0	9697934	
757	1	E	10	N	2500	0	40	39	43	5	0	0	0	0	0	0	0	0	0	0	0	0	0	0	9705172	
758	1	E	10	N	2500	0	40	347	769	32	15	15	0	0	0	0	0	0	0	0	0	0	0	0	9705235	
759	1	E	10	N	2500	0	40	22	34	3	0	0	0	0	0	0	0	0	0	0	0	0	0	0	9705281	
760	1	E	10	N	2500	0	40	248	807	32	18	16	0	0	0	0	0	0	0	0	0	0	0	0	9705344	
761	1	E	10	N	2500	0	40	64	137	18	0	0	0	0	0	0	0	0	0	0	0	0	0	0	9705453	
762	1	E	10	N	2500	0	40	148	429	89	7	4	0	0	0	0	0	0	0	0	0	0	0	0	9705687	
763	1	E	10	N	2500	0	40	91	247	31	2	2	0	0	0	0	0	0	0	0	0	0	0	0	9705718	
764	1	E	10	N	2500	0	40	37	47	4	0	1	0	0	0	0	0	0	0	0	0	0	0	0	9706061	
765	1	E	10	N	2500	0	40	27	32	2	1	1	0	0	0	0	0	0	0	0	0	0	0	0	9706217	
766	1	E	10	N	2500	0	40	48	200	19	1	0	0	0	0	0	0	0	0	0	0	0	0	0	9706233	
767	1	E	10	N	2500	0	40	64	164	11	10	13	0	0	0	0	0	0	0	0	0	0	0	0	9706327	
768	1	E	10	N	2500	0	40	29	40	3	0	0	0	0	0	0	0	0	0	0	0	0	0	0	9706342	
769	1	E	10	N	2500	0	40	43	57	2	2	3	0	0	0	0	0	0	0	0	0	0	0	0	9706405	
770	1	E	10	N	2500	0	40	25	24	0	0	1	0	0	0	0	0	0	0	0	0	0	0	0	9706405	
771	1	E	10	N	2500	0	40	43	77	7	3	1	0	0	0	0	0	0	0	0	0	0	0	0	9706483	
772	1	E	10	N	2500	0	40	49	58	4	2	2	0	0	0	0	0	0	0	0	0	0	0	0	9706888	
773	1	E	10	N	2500	0	40	20	22	1	0	0	0	0	0	0	0	0	0	0	0	0	0	0	9706935	
774	1	E	10	N	2500	0	40	81	166	30	1	2	0	0	0	0	0	0	0	0	0	0	0	0	9707013	
775	1	E	10	N	2500	0	40	44	146	8	8	9	0	0	0	0	0	0	0	0	0	0	0	0	9707138	
776	1	E	10	N	2500	0	40	349	876	39	25	26	0	0	0	0	0	0	0	0	0	0	0	0	9707341	
777	1	E	10	N	2500	0	40	63	97	14	2	2	0	0	0	0	0	0	0	0	0	0	0	0	9707450	
778	1	E	10	N	2500	0	40	47	54	6	0	1	0	0	0	0	0	0	0	0	0	0	0	0	9707497	
779	1	E	10	N	2500	0	40	33	34	3	0	0	0	0	0	0	0	0	0	0	0	0	0	0	9707606	
780	1	E	10	N	2500	0	40	47	85	6	1	1	0	0	0	0	0	0	0	0	0	0	0	0	9708105	
781	1	E	10	N	2500	0	40	34	44	1	1	2	0	0	0	0	0	0	0	0	0	0	0	0	9708167	
782	1	E	10	N	2500	0	40	25	25	2	1	1	0	0	0	0	0	0	0	0	0	0	0	0	9708214	
783	1	E	10	N	2500	0	40	277	997	59	31	25	0	0	0	0	0	0	0	0	0	0	0	0	9708401	
784	1	E	10	N	2500	0	40	26	57	6	0	0	0	0	0	0	0	0	0	0	0	0	0	0	9708495	
785	1	E	10	N	2500	0	40	33	57	8	1	0	0	0	0	0	0	0	0	0	0	0	0	0	9708526	
786	1	E	10	N	2500	0	40	65	95	4	2	3	0	0	0	0	0	0	0	0	0	0	0	0	9708620	
787	1	E	10	N	2500	0	40	35	38	3	1	0	0	0	0	0	0	0	0	0	0	0	0	0	9708729	
788	1	E	10	N	2500	0	40	23	34	3	0	0	0	0	0	0	0	0	0	0	0	0	0	0	9708979	
789	1	E	10	N	2500	0	40	377	973	55	21	22	0	0	0	0	0	0	0	0	0	0	0	0	9709213	
790	1	E	10	N	2500	0	40	29	33	2	1	3	0	0	0	0	0	0	0	0	0	0	0	0	9709556	
791	1	E	10	N	2500	0	40	22	39	5	0	0	0	0	0	0	0	0	0	0	0	0	0	0	9709852	
792	1	E	10	N	2500	0	40	71	272	20	20	24	0	0	0	0	0	0	0	0	0	0	0	0	9709930	
793	1	E	10	N	2500	0	40	360	816	35	18	19	0	0	0	0	0	0	0	0	0	0	0	0	9710039	
794	1	E	10	N	2500	0	40	265	515	21	10	10	0	0	0	0	0	0	0	0	0	0	0	0	9710367	
795	1	E	10	N	2500	0	40	48	114	19	2	1	0	0	0	0	0	0	0	0	0	0	0	0	9710507	
796	1	E	10	N	2500	0	40	46	60	5	2	2	0	0	0	0	0	0	0	0	0	0	0	0	9710866	
797	1	E	10	N	2500	0	40	56	187	17	16	18	0	0	0	0	0	0	0	0	0	0	0	0	9710897	
798	1	E	10	N	2500	0	40	23	25	2	0	0	0	0	0	0	0	0	0	0	0	0	0	0	9711085	
799	1	E	10	N	2500	0	40	78	376	48	43	52	0	0	0	0	0	0	0	0	0	0	0	0	9711631	
800	1	E	10	N	2500	0	40	43	50	4	1	1	0	0	0	0	0	0	0	0	0	0	0	0	9711755	
801	1	E	10	N	2500	0	40	21	43	6	4	5	0	0	0	0	0	0	0	0	0	0	0	0	9712364	
802	1	E	10	N	2500	0	40	20	27	1	1	1	0	0	0	0	0	0	0	0	0	0	0	0	9712535	
803	1	E	10	N	2500	0	40	28	61	8	1	0	0	0	0	0	0	0	0	0	0	0	0	0	9712676	
804	1	E	11	N	2500	0	40	58	311	29	0	1	0	0	0	0	0	0	0	0	0	0	0	0	9720008	
805	1	E	11	N	2500	0	40	28	59	4	0	0	0	0	0	0	0	0	0	0	0	0	0	0	9720086	
806	1	E	11	N	2500	0	40	32	64	13	0	0	0	0	0	0	0	0	0	0	0	0	0	0	9720101	
807	1	E	11	N	2500	0	40	22	38	3	0	0	0	0	0	0	0	0	0	0	0	0	0	0	9720367	
808	1	E	11	N	2500	0	40	88	229	24	3	3	0	0	0	0	0	0	0	0	0	0	0	0	9720569	
809	1	E	11	N	2500	0	40	26	31	3	0	0	0	0	0	0	0	0	0	0	0	0	0	0	9720710	
810	1	E	11	N	2500	0	40	24	32	4	0	0	0	0	0	0	0	0	0	0	0	0	0	0	9720710	
811	1	E	11	N	2500	0	40	241	397	13	7	11	0	0	0	0	0	0	0	0	0	0	0	0	9720944	
812	1	E	11	N	2500	0	40	32	89	6	0	0	0	0	0	0	0	0	0	0	0	0	0	0	9720959	
813	1	E	11	N	2500	0	40	36	107	11	0	0	0	0	0	0	0	0	0	0	0	0	0	0	9721147	
814	1	E	11	N	2500	0	40	21	31	2	0	0	0	0	0	0	0	0	0	0	0	0	0	0	9721303	
815	1	E	11	N	2500	0	40	31	61	2	1	1	0	0	0	0	0	0	0	0	0	0	0	0	9721646	
816	1	E	11	N	2500	0	40	20	29	3	0	0	0	0	0	0	0	0	0	0	0	0	0	0	9721802	
817	1	E	11	N	2500	0	40	132	245	8	5	7	0	0	0	0	0	0	0	0	0	0	0	0	9722161	
818	1	E	11	N	2500	0	40	217	372	16	9	8	0	0	0	0	0	0	0	0	0	0	0	0	9722426	
819	1	E	11	N	2500	0	40	26	30	2	1	0	0	0	0	0	0	0	0	0	0	0	0	0	9722769	
820	1	E	11	N	2500	0	40	29	61	2	3	3	0	0	0	0	0	0	0	0	0	0	0	0	9722878	
821	1	E	11	N	2500	0	40	21	34	0	1	0	0	0	0	0	0	0	0	0	0	0	0	0	9723034	
822	1	E	11	N	2500	0	40	63	216	29	3	4	0	0	0	0	0	0	0	0	0	0	0	0	9723268	
823	1	E	11	N	2500	0	40	85	175	24	4	3	0	0	0	0	0	0	0	0	0	0	0	0	9723549	
824	1	E	11	N	2500	0	40	154	216	6	4	4	0	0	0	0	0	0	0	0	0	0	0	0	9723845	
825	1	E	11	N	2500	0	40	26	25	1	0	0	0	0	0	0	0	0	0	0	0	0	0	0	9723892	
826	1	E	11	N	2500	0	40	218	446	16	12	12	0	0	0	0	0	0	0	0	0	0	0	0	9724111	
827	1	E	11	N	2500	0	40	156	406	15	9	12	0	0	0	0	0	0	0	0	0	0	0	0	9724781	
828	1	E	11	N	2500	0	40	174	499	19	11	13	0	0	0	0	0	0	0	0	0	0	0	0	9725187	
829	1	E	11	N	2500	0	40	24	27	3	0	0	0	0	0	0	0	0	0	0	0	0	0	0	9725671	
830	1	E	11	N	2500	0	40	154	491	17	10	14	0	0	0	0	0	0	0	0	0	0	0	0	9725702	
831	1	E	11	N	2500	0	40	67	194	11	12	13	0	0	0	0	0	0	0	0	0	0	0	0	9725827	
832	1	E	11	N	2500	0	40	37	75	5	2	4	0	0	0	0	0	0	0	0	0	0	0	0	9726014	
833	1	E	11	N	2500	0	40	27	24	2	0	0	0	0	0	0	0	0	0	0	0	0	0	0	9726388	
834	1	E	11	N	2500	0	40	29	24	2	0	1	0	0	0	0	0	0	0	0	0	0	0	0	9726872	
835	1	E	11	N	2500	0	40	253	446	16	10	9	0	0	0	0	0	0	0	0	0	0	0	0	9727137	
836	1	E	11	N	2500	0	40	72	284	26	24	33	0	0	0	0	0	0	0	0	0	0	0	0	9727262	
837	1	E	11	N	2500	0	40	23	24	2	0	0	0	0	0	0	0	0	0	0	0	0	0	0	9727340	
838	1	E	12	N	2500	0	40	25	53	5	0	0	0	0	0	0	0	0	0	0	0	0	0	0	9734578	
839	1	E	12	N	2500	0	40	21	33	2	0	0	0	0	0	0	0	0	0	0	0	0	0	0	9734672	
840	1	E	12	N	2500	0	40	30	81	6	0	0	0	0	0	0	0	0	0	0	0	0	0	0	9734843	
841	1	E	12	N	2500	0	40	28	60	6	0	0	0	0	0	0	0	0	0	0	0	0	0	0	9734953	
842	1	E	12	N	2500	0	40	22	39	3	0	0	0	0	0	0	0	0	0	0	0	0	0	0	9734968	
843	1	E	12	N	2500	0	40	126	914	113	2	2	0	0	0	0	0	0	0	0	0	0	0	0	9735077	
844	1	E	12	N	2500	0	40	32	81	7	0	0	0	0	0	0	0	0	0	0	0	0	0	0	9735077	
845	1	E	12	N	2500	0	40	55	166	13	0	1	0	0	0	0	0	0	0	0	0	0	0	0	9735140	
846	1	E	12	N	2500	0	40	139	999	126	1	2	0	0	0	0	0	0	0	0	0	0	0	0	9735140	
847	1	E	12	N	2500	0	40	25	46	4	0	0	0	0	0	0	0	0	0	0	0	0	0	0	9735218	
848	1	E	12	N	2500	0	40	68	426	39	0	1	0	0	0	0	0	0	0	0	0	0	0	0	9735233	
849	1	E	12	N	2500	0	40	85	561	57	0	2	0	0	0	0	0	0	0	0	0	0	0	0	9735358	
850	1	E	12	N	2500	0	40	169	1265	147	2	3	0	0	0	0	0	0	0	0	0	0	0	0	9735499	
851	1	E	12	N	2500	0	40	27	57	6	0	0	0	0	0	0	0	0	0	0	0	0	0	0	9735514	
852	1	E	12	N	2500	0	40	24	34	0	0	0	0	0	0	0	0	0	0	0	0	0	0	0	9735904	
853	1	E	12	N	2500	0	40	33	88	9	0	0	0	0	0	0	0	0	0	0	0	0	0	0	9735998	
854	1	E	12	N	2500	0	40	36	105	10	0	1	0	0	0	0	0	0	0	0	0	0	0	0	9736045	
855	1	E	12	N	2500	0	40	31	87	6	0	0	0	0	0	0	0	0	0	0	0	0	0	0	9736216	
856	1	E	12	N	2500	0	40	72	464	46	0	0	0	0	0	0	0	0	0	0	0	0	0	0	9736247	
857	1	E	12	N	2500	0	40	27	51	4	0	0	0	0	0	0	0	0	0	0	0	0	0	0	9737137	
858	1	E	12	N	2500	0	40	20	37	3	0	0	0	0	0	0	0	0	0	0	0	0	0	0	9737948	
859	1	E	12	N	2500	0	40	35	93	9	0	0	0	0	0	0	0	0	0	0	0	0	0	0	9738650	
860	1	E	12	N	2500	0	40	22	27	2	1	0	0	0	0	0	0	0	0	0	0	0	0	0	9738806	
861	1	E	12	N	2500	0	40	24	35	2	0	0	0	0	0	0	0	0	0	0	0	0	0	0	9738962	
862	1	E	12	N	2500	0	40	20	22	10	9	8	0	0	0	0	0	0	0	0	0	0	0	0	9741224	
863	1	F	1	N	2500	0	40	78	510	49	0	0	0	0	0	0	0	0	0	0	0	0	0	0	9750755	
864	1	F	1	N	2500	0	40	129	895	122	3	3	0	0	0	0	0	0	0	0	0	0	0	0	9750865	
865	1	F	1	N	2500	0	40	39	139	10	0	1	0	0	0	0	0	0	0	0	0	0	0	0	9751161	
866	1	F	1	N	2500	0	40	29	33	2	0	0	0	0	0	0	0	0	0	0	0	0	0	0	9751177	
867	1	F	1	N	2500	0	40	337	1672	101	58	49	0	0	0	0	0	0	0	0	0	0	0	0	9751192	
868	1	F	1	N	2500	0	40	153	1134	161	3	2	0	0	0	0	0	0	0	0	0	0	0	0	9751489	
869	1	F	1	N	2500	0	40	66	165	17	2	2	0	0	0	0	0	0	0	0	0	0	0	0	9751489	
870	1	F	1	N	2500	0	40	52	140	15	0	1	0	0	0	0	0	0	0	0	0	0	0	0	9751535	
871	1	F	1	N	2500	0	40	412	1675	93	51	37	0	0	0	0	0	0	0	0	0	0	0	0	9751660	
872	1	F	1	N	2500	0	40	526	1911	96	48	38	0	0	0	0	0	0	0	0	0	0	0	0	9751676	
873	1	F	1	N	2500	0	40	69	85	6	1	1	0	0	0	0	0	0	0	0	0	0	0	0	9751723	
874	1	F	1	N	2500	0	40	65	118	12	1	0	0	0	0	0	0	0	0	0	0	0	0	0	9751769	
875	1	F	1	N	2500	0	40	28	42	4	0	0	0	0	0	0	0	0	0	0	0	0	0	0	9751785	
876	1	F	1	N	2500	0	40	101	352	53	5	4	0	0	0	0	0	0	0	0	0	0	0	0	9751785	
877	1	F	1	N	2500	0	40	43	47	2	3	4	0	0	0	0	0	0	0	0	0	0	0	0	9751925	
878	1	F	1	N	2500	0	40	116	313	29	3	2	0	0	0	0	0	0	0	0	0	0	0	0	9752035	
879	1	F	1	N	2500	0	40	57	160	14	2	1	0	0	0	0	0	0	0	0	0	0	0	0	9752050	
880	1	F	1	N	2500	0	40	48	54	5	0	0	0	0	0	0	0	0	0	0	0	0	0	0	9752081	
881	1	F	1	N	2500	0	40	52	101	8	0	0	0	0	0	0	0	0	0	0	0	0	0	0	9752206	
882	1	F	1	N	2500	0	40	21	20	1	0	0	0	0	0	0	0	0	0	0	0	0	0	0	9752315	
883	1	F	1	N	2500	0	40	495	1516	74	40	35	0	0	0	0	0	0	0	0	0	0	0	0	9752315	
884	1	F	1	N	2500	0	40	428	1897	100	49	40	0	0	0	0	0	0	0	0	0	0	0	0	9752409	
885	1	F	1	N	2500	0	40	33	45	3	1	1	0	0	0	0	0	0	0	0	0	0	0	0	9752627	
886	1	F	1	N	2500	0	40	103	418	69	10	8	0	0	0	0	0	0	0	0	0	0	0	0	9752627	
887	1	F	1	N	2500	0	40	131	524	47	8	7	0	0	0	0	0	0	0	0	0	0	0	0	9752768	
888	1	F	1	N	2500	0	40	32	86	5	0	0	0	0	0	0	0	0	0	0	0	0	0	0	9752877	
889	1	F	1	N	2500	0	40	125	168	12	14	16	0	0	0	0	0	0	0	0	0	0	0	0	9752877	
890	1	F	1	N	2500	0	40	35	77	4	4	5	0	0	0	0	0	0	0	0	0	0	0	0	9752893	
891	1	F	1	N	2500	0	40	33	51	8	0	0	0	0	0	0	0	0	0	0	0	0	0	0	9752986	
892	1	F	1	N	2500	0	40	21	20	1	0	0	0	0	0	0	0	0	0	0	0	0	0	0	9752986	
893	1	F	1	N	2500	0	40	22	20	1	0	0	0	0	0	0	0	0	0	0	0	0	0	0	9753392	
894	1	F	1	N	2500	0	40	34	49	3	2	2	0	0	0	0	0	0	0	0	0	0	0	0	9753548	
895	1	F	1	N	2500	0	40	90	119	13	3	4	0	0	0	0	0	0	0	0	0	0	0	0	9753673	
896	1	F	1	N	2500	0	40	79	227	24	18	19	0	0	0	0	0	0	0	0	0	0	0	0	9753704	
897	1	F	1	N	2500	0	40	22	22	1	1	1	0	0	0	0	0	0	0	0	0	0	0	0	9754078	
898	1	F	1	N	2500	0	40	22	26	2	0	0	0	0	0	0	0	0	0	0	0	0	0	0	9754187	
899	1	F	1	N	2500	0	40	527	1635	91	42	35	0	0	0	0	0	0	0	0	0	0	0	0	9754749	
900	1	F	1	N	2500	0	40	148	187	15	15	21	0	0	0	0	0	0	0	0	0	0	0	0	9755326	
901	1	F	1	N	2500	0	40	550	1837	95	45	37	0	0	0	0	0	0	0	0	0	0	0	0	9755404	
902	1	F	1	N	2500	0	40	95	152	12	11	16	0	0	0	0	0	0	0	0	0	0	0	0	9755529	
903	1	F	1	N	2500	0	40	425	1421	69	38	35	0	0	0	0	0	0	0	0	0	0	0	0	9755607	
904	1	F	1	N	2500	0	40	521	1738	95	45	35	0	0	0	0	0	0	0	0	0	0	0	0	9755716	
905	1	F	1	N	2500	0	40	57	58	5	5	6	0	0	0	0	0	0	0	0	0	0	0	0	9755779	
906	1	F	1	N	2500	0	40	525	1648	86	40	35	0	0	0	0	0	0	0	0	0	0	0	0	9755779	
907	1	F	1	N	2500	0	40	47	89	7	6	9	0	0	0	0	0	0	0	0	0	0	0	0	9755935	
908	1	F	1	N	2500	0	40	120	129	8	8	11	0	0	0	0	0	0	0	0	0	0	0	0	9756137	
909	1	F	1	N	2500	0	40	500	1600	74	41	35	0	0	0	0	0	0	0	0	0	0	0	0	9756449	
910	1	F	1	N	2500	0	40	25	44	2	2	2	0	0	0	0	0	0	0	0	0	0	0	0	9756730	
911	1	F	1	N	2500	0	40	162	201	11	12	15	0	0	0	0	0	0	0	0	0	0	0	0	9757261	
912	1	F	1	N	2500	0	40	35	68	3	4	5	0	0	0	0	0	0	0	0	0	0	0	0	9757463	
913	1	F	1	N	2500	0	40	591	2046	105	59	55	0	0	0	0	0	0	0	0	0	0	0	0	9757479	
914	1	F	1	N	2500	0	40	67	125	9	4	5	0	0	0	0	0	0	0	0	0	0	0	0	9757479	
915	1	F	1	N	2500	0	40	23	41	10	7	13	0	0	0	0	0	0	0	0	0	0	0	0	9757760	
916	1	F	1	N	2500	0	40	53	46	4	4	5	0	0	0	0	0	0	0	0	0	0	0	0	9757807	
917	1	F	1	N	2500	0	40	27	24	1	2	2	0	0	0	0	0	0	0	0	0	0	0	0	9757807	
918	1	F	2	N	2500	0	40	20	33	3	0	0	0	0	0	0	0	0	0	0	0	0	0	0	9765451	
919	1	F	2	N	2500	0	40	34	98	9	0	0	0	0	0	0	0	0	0	0	0	0	0	0	9765451	
920	1	F	2	N	2500	0	40	63	138	18	0	1	0	0	0	0	0	0	0	0	0	0	0	0	9765560	
921	1	F	2	N	2500	0	40	21	40	3	0	0	0	0	0	0	0	0	0	0	0	0	0	0	9765591	
922	1	F	2	N	2500	0	40	61	187	25	0	0	0	0	0	0	0	0	0	0	0	0	0	0	9765872	
923	1	F	2	N	2500	0	40	20	23	1	0	0	0	0	0	0	0	0	0	0	0	0	0	0	9766121	
924	1	F	2	N	2500	0	40	37	116	12	0	0	0	0	0	0	0	0	0	0	0	0	0	0	9766137	
925	1	F	2	N	2500	0	40	25	51	6	0	0	0	0	0	0	0	0	0	0	0	0	0	0	9766324	
926	1	F	2	N	2500	0	40	78	326	37	32	38	0	0	0	0	0	0	0	0	0	0	0	0	9766886	
927	1	F	2	N	2500	0	40	22	28	2	1	0	0	0	0	0	0	0	0	0	0	0	0	0	9767073	
928	1	F	2	N	2500	0	40	398	1099	63	27	25	0	0	0	0	0	0	0	0	0	0	0	0	9767167	
929	1	F	2	N	2500	0	40	31	77	7	0	0	0	0	0	0	0	0	0	0	0	0	0	0	9767182	
930	1	F	2	N	2500	0	40	30	76	5	5	6	0	0	0	0	0	0	0	0	0	0	0	0	9767619	
931	1	F	2	N	2500	0	40	392	1191	64	28	25	0	0	0	0	0	0	0	0	0	0	0	0	9767759	
932	1	F	2	N	2500	0	40	28	48	3	2	3	0	0	0	0	0	0	0	0	0	0	0	0	9768056	
933	1	F	2	N	2500	0	40	49	160	10	11	14	0	0	0	0	0	0	0	0	0	0	0	0	9768274	
934	1	F	2	N	2500	0	40	40	50	3	1	0	0	0	0	0	0	0	0	0	0	0	0	0	9768461	
935	1	F	2	N	2500	0	40	22	18	1	0	0	0	0	0	0	0	0	0	0	0	0	0	0	9768992	
936	1	F	2	N	2500	0	40	53	104	12	1	1	0	0	0	0	0	0	0	0	0	0	0	0	9769070	
937	1	F	2	N	2500	0	40	485	1271	74	28	27	0	0	0	0	0	0	0	0	0	0	0	0	9769101	
938	1	F	2	N	2500	0	40	30	50	5	5	5	0	0	0	0	0	0	0	0	0	0	0	0	9769319	
939	1	F	2	N	2500	0	40	41	84	4	3	4	0	0	0	0	0	0	0	0	0	0	0	0	9769819	
940	1	F	2	N	2500	0	40	77	192	10	8	10	0	0	0	0	0	0	0	0	0	0	0	0	9769819	
941	1	F	2	N	2500	0	40	54	134	5	5	7	0	0	0	0	0	0	0	0	0	0	0	0	9769819	
942	1	F	2	N	2500	0	40	387	1425	81	39	34	0	0	0	0	0	0	0	0	0	0	0	0	9770162	
943	1	F	2	N	2500	0	40	75	319	32	32	40	0	0	0	0	0	0	0	0	0	0	0	0	9770177	
944	1	F	2	N	2500	0	40	27	24	1	1	1	0	0	0	0	0	0	0	0	0	0	0	0	9770287	
945	1	F	2	N	2500	0	40	34	73	3	3	3	0	0	0	0	0	0	0	0	0	0	0	0	9770723	
946	1	F	2	N	2500	0	40	79	222	10	9	13	0	0	0	0	0	0	0	0	0	0	0	0	9770723	
947	1	F	2	N	2500	0	40	21	23	0	0	0	0	0	0	0	0	0	0	0	0	0	0	0	9770723	
948	1	F	2	N	2500	0	40	47	113	5	4	5	0	0	0	0	0	0	0	0	0	0	0	0	9770723	
949	1	F	2	N	2500	0	40	48	128	6	7	8	0	0	0	0	0	0	0	0	0	0	0	0	9770723	
950	1	F	2	N	2500	0	40	26	59	3	3	2	0	0	0	0	0	0	0	0	0	0	0	0	9771145	
951	1	F	2	N	2500	0	40	31	57	2	2	4	0	0	0	0	0	0	0	0	0	0	0	0	9771815	
952	1	F	2	N	2500	0	40	494	1205	68	26	25	0	0	0	0	0	0	0	0	0	0	0	0	9772221	
953	1	F	2	N	2500	0	40	54	107	5	6	6	0	0	0	0	0	0	0	0	0	0	0	0	9772377	
954	1	F	2	N	2500	0	40	26	32	1	0	0	0	0	0	0	0	0	0	0	0	0	0	0	9772517	
955	1	F	3	N	2500	0	40	94	623	64	1	2	0	0	0	0	0	0	0	0	0	0	0	0	9780161	
956	1	F	3	N	2500	0	40	93	131	16	1	1	0	0	0	0	0	0	0	0	0	0	0	0	9780302	
957	1	F	3	N	2500	0	40	23	50	4	0	0	0	0	0	0	0	0	0	0	0	0	0	0	9780302	
958	1	F	3	N	2500	0	40	432	1071	63	24	24	0	0	0	0	0	0	0	0	0	0	0	0	9780411	
959	1	F	3	N	2500	0	40	25	53	2	1	2	0	0	0	0	0	0	0	0	0	0	0	0	9780427	
960	1	F	3	N	2500	0	40	89	201	17	4	3	0	0	0	0	0	0	0	0	0	0	0	0	9780848	
961	1	F	3	N	2500	0	40	61	171	23	0	0	0	0	0	0	0	0	0	0	0	0	0	0	9781019	
962	1	F	3	N	2500	0	40	23	42	3	3	3	0	0	0	0	0	0	0	0	0	0	0	0	9781846	
963	1	F	3	N	2500	0	40	49	136	20	2	1	0	0	0	0	0	0	0	0	0	0	0	0	9782127	
964	1	F	3	N	2500	0	40	291	628	23	11	9	0	0	0	0	0	0	0	0	0	0	0	0	9782969	
965	1	F	3	N	2500	0	40	29	41	1	2	3	0	0	0	0	0	0	0	0	0	0	0	0	9783063	
966	1	F	3	N	2500	0	40	215	1173	73	38	30	0	0	0	0	0	0	0	0	0	0	0	0	9784405	
967	1	F	3	N	2500	0	40	46	47	4	1	2	0	0	0	0	0	0	0	0	0	0	0	0	9784607	
968	1	F	3	N	2500	0	40	248	567	32	16	13	0	0	0	0	0	0	0	0	0	0	0	0	9785731	
969	1	F	3	N	2500	0	40	92	102	8	3	2	0	0	0	0	0	0	0	0	0	0	0	0	9786043	
970	1	F	3	N	2500	0	40	436	1147	50	27	23	0	0	0	0	0	0	0	0	0	0	0	0	9786152	
971	1	F	3	N	2500	0	40	20	22	1	0	0	0	0	0	0	0	0	0	0	0	0	0	0	9786277	
972	1	F	3	N	2500	0	40	329	670	25	11	13	0	0	0	0	0	0	0	0	0	0	0	0	9786620	
973	1	F	3	N	2500	0	40	75	183	13	12	12	0	0	0	0	0	0	0	0	0	0	0	0	9786901	
974	1	F	3	N	2500	0	40	72	162	13	4	3	0	0	0	0	0	0	0	0	0	0	0	0	9787244	
975	1	F	3	N	2500	0	40	347	755	26	14	15	0	0	0	0	0	0	0	0	0	0	0	0	9787322	
976	1	F	3	N	2500	0	40	62	112	12	3	1	0	0	0	0	0	0	0	0	0	0	0	0	9787369	
977	1	F	3	N	2500	0	40	37	63	6	1	1	0	0	0	0	0	0	0	0	0	0	0	0	9787587	
978	1	F	4	N	2500	0	40	31	28	1	1	1	0	0	0	0	0	0	0	0	0	0	0	0	9795777	
979	1	F	4	N	2500	0	40	298	545	20	10	10	0	0	0	0	0	0	0	0	0	0	0	0	9795902	
980	1	F	4	N	2500	0	40	34	33	3	1	1	0	0	0	0	0	0	0	0	0	0	0	0	9796011	
981	1	F	4	N	2500	0	40	444	1174	55	27	29	0	0	0	0	0	0	0	0	0	0	0	0	9797119	
982	1	F	4	N	2500	0	40	369	858	36	18	19	0	0	0	0	0	0	0	0	0	0	0	0	9797119	
983	1	F	4	N	2500	0	40	190	717	26	16	17	0	0	0	0	0	0	0	0	0	0	0	0	9797275	
984	1	F	4	N	2500	0	40	106	157	14	5	3	0	0	0	0	0	0	0	0	0	0	0	0	9797478	
985	1	F	4	N	2500	0	40	277	434	14	7	11	0	0	0	0	0	0	0	0	0	0	0	0	9797649	
986	1	F	4	N	2500	0	40	427	1506	81	39	36	0	0	0	0	0	0	0	0	0	0	0	0	9798445	
987	1	F	4	N	2500	0	40	244	966	44	23	21	0	0	0	0	0	0	0	0	0	0	0	0	9799568	
988	1	F	4	N	2500	0	40	20	21	2	1	0	0	0	0	0	0	0	0	0	0	0	0	0	9800098	
989	1	F	4	N	2500	0	40	310	602	19	13	11	0	0	0	0	0	0	0	0	0	0	0	0	9800332	
990	1	F	4	N	2500	0	40	24	33	1	0	1	0	0	0	0	0	0	0	0	0	0	0	0	9800598	
991	1	F	4	N	2500	0	40	308	527	19	10	11	0	0	0	0	0	0	0	0	0	0	0	0	9801300	
992	1	F	4	N	2500	0	40	25	52	5	1	1	0	0	0	0	0	0	0	0	0	0	0	0	9801534	
993	1	F	4	N	2500	0	40	20	20	0	0	0	0	0	0	0	0	0	0	0	0	0	0	0	9802267	
994	1	F	5	N	2500	0	40	26	35	1	2	3	0	0	0	0	0	0	0	0	0	0	0	0	9809521	
995	1	F	5	N	2500	0	40	43	56	11	0	0	0	0	0	0	0	0	0	0	0	0	0	0	9809583	
996	1	F	5	N	2500	0	40	60	118	10	0	0	0	0	0	0	0	0	0	0	0	0	0	0	9809614	
997	1	F	5	N	2500	0	40	22	37	3	0	0	0	0	0	0	0	0	0	0	0	0	0	0	9809770	
998	1	F	5	N	2500	0	40	20	34	3	0	0	0	0	0	0	0	0	0	0	0	0	0	0	9809973	
999	1	F	5	N	2500	0	40	36	37	3	1	0	0	0	0	0	0	0	0	0	0	0	0	0	9810160	
1000	1	F	5	N	2500	0	40	51	92	11	1	1	0	0	0	0	0	0	0	0	0	0	0	0	9811830	
1001	1	F	5	N	2500	0	40	58	141	13	1	1	0	0	0	0	0	0	0	0	0	0	0	0	9812017	
1002	1	F	5	N	2500	0	40	192	722	28	17	21	0	0	0	0	0	0	0	0	0	0	0	0	9812204	
1003	1	F	5	N	2500	0	40	20	20	1	0	0	0	0	0	0	0	0	0	0	0	0	0	0	9812220	
1004	1	F	5	N	2500	0	40	108	143	10	5	3	0	0	0	0	0	0	0	0	0	0	0	0	9812220	
1005	1	F	5	N	2500	0	40	50	63	5	2	2	0	0	0	0	0	0	0	0	0	0	0	0	9812313	
1006	1	F	5	N	2500	0	40	20	18	1	0	0	0	0	0	0	0	0	0	0	0	0	0	0	9812329	
1007	1	F	5	N	2500	0	40	236	366	9	5	5	0	0	0	0	0	0	0	0	0	0	0	0	9812500	
1008	1	F	5	N	2500	0	40	315	475	26	9	14	0	0	0	0	0	0	0	0	0	0	0	0	9812750	
1009	1	F	5	N	2500	0	40	228	511	22	13	15	0	0	0	0	0	0	0	0	0	0	0	0	9812781	
1010	1	F	5	N	2500	0	40	125	154	2	3	3	0	0	0	0	0	0	0	0	0	0	0	0	9814154	
1011	1	F	5	N	2500	0	40	26	52	5	0	0	0	0	0	0	0	0	0	0	0	0	0	0	9815496	
1012	1	F	5	N	2500	0	40	53	153	10	10	13	0	0	0	0	0	0	0	0	0	0	0	0	9816338	
1013	1	F	6	N	2500	0	40	367	879	35	21	19	0	0	0	0	0	0	0	0	0	0	0	0	9824216	
1014	1	F	7	N	2500	0	40	63	157	13	3	2	0	0	0	0	0	0	0	0	0	0	0	0	9839098	
1015	1	F	7	N	2500	0	40	40	78	4	1	1	0	0	0	0	0	0	0	0	0	0	0	0	9839395	
1016	1	F	7	N	2500	0	40	68	90	9	1	0	0	0	0	0	0	0	0	0	0	0	0	0	9839410	
1017	1	F	7	N	2500	0	40	23	33	2	2	2	0	0	0	0	0	0	0	0	0	0	0	0	9839410	
1018	1	F	7	N	2500	0	40	25	22	0	0	0	0	0	0	0	0	0	0	0	0	0	0	0	9840081	
1019	1	F	7	N	2500	0	40	72	87	8	1	1	0	0	0	0	0	0	0	0	0	0	0	0	9840128	
1020	1	F	7	N	2500	0	40	46	55	4	1	0	0	0	0	0	0	0	0	0	0	0	0	0	9840222	
1021	1	F	7	N	2500	0	40	52	79	7	1	1	0	0	0	0	0	0	0	0	0	0	0	0	9840580	
1022	1	F	7	N	2500	0	40	125	469	54	9	8	0	0	0	0	0	0	0	0	0	0	0	0	9840736	
1023	1	F	7	N	2500	0	40	32	38	3	1	1	0	0	0	0	0	0	0	0	0	0	0	0	9840736	
1024	1	F	7	N	2500	0	40	29	40	1	1	1	0	0	0	0	0	0	0	0	0	0	0	0	9840861	
1025	1	F	7	N	2500	0	40	29	48	3	1	0	0	0	0	0	0	0	0	0	0	0	0	0	9840861	
1026	1	F	7	N	2500	0	40	25	28	1	1	1	0	0	0	0	0	0	0	0	0	0	0	0	9841875	
1027	1	F	7	N	2500	0	40	121	285	18	19	21	0	0	0	0	0	0	0	0	0	0	0	0	9842484	
1028	1	F	7	N	2500	0	40	20	24	1	0	1	0	0	0	0	0	0	0	0	0	0	0	0	9842920	
1029	1	F	7	N	2500	0	40	20	21	1	0	0	0	0	0	0	0	0	0	0	0	0	0	0	9843201	
1030	1	F	7	N	2500	0	40	24	33	1	1	1	0	0	0	0	0	0	0	0	0	0	0	0	9843607	
1031	1	F	7	N	2500	0	40	20	19	1	0	0	0	0	0	0	0	0	0	0	0	0	0	0	9843872	
1032	1	F	7	N	2500	0	40	22	30	1	1	1	0	0	0	0	0	0	0	0	0	0	0	0	9844059	
1033	1	F	7	N	2500	0	40	26	49	3	3	3	0	0	0	0	0	0	0	0	0	0	0	0	9844683	
1034	1	F	7	N	2500	0	40	25	38	1	1	1	0	0	0	0	0	0	0	0	0	0	0	0	9844886	
1035	1	F	7	N	2500	0	40	24	30	1	0	1	0	0	0	0	0	0	0	0	0	0	0	0	9845214	
1036	1	F	7	N	2500	0	40	61	171	9	7	10	0	0	0	0	0	0	0	0	0	0	0	0	9845214	
1037	1	F	7	N	2500	0	40	27	29	1	0	1	0	0	0	0	0	0	0	0	0	0	0	0	9845276	
1038	1	F	7	N	2500	0	40	85	270	12	10	10	0	0	0	0	0	0	0	0	0	0	0	0	9845884	
1039	1	F	8	N	2500	0	40	101	151	12	4	4	0	0	0	0	0	0	0	0	0	0	0	0	9854464	
1040	1	F	8	N	2500	0	40	25	30	4	0	0	0	0	0	0	0	0	0	0	0	0	0	0	9854886	
1041	1	F	8	N	2500	0	40	39	69	7	3	2	0	0	0	0	0	0	0	0	0	0	0	0	9855135	
1042	1	F	8	N	2500	0	40	44	147	16	1	1	0	0	0	0	0	0	0	0	0	0	0	0	9855166	
1043	1	F	8	N	2500	0	40	42	50	4	1	1	0	0	0	0	0	0	0	0	0	0	0	0	9855291	
1044	1	F	8	N	2500	0	40	67	163	17	2	3	0	0	0	0	0	0	0	0	0	0	0	0	9855650	
1045	1	F	8	N	2500	0	40	89	248	28	2	3	0	0	0	0	0	0	0	0	0	0	0	0	9856040	
1046	1	F	8	N	2500	0	40	20	18	1	0	0	0	0	0	0	0	0	0	0	0	0	0	0	9856524	
1047	1	F	8	N	2500	0	40	23	42	2	2	3	0	0	0	0	0	0	0	0	0	0	0	0	9856602	
1048	1	F	8	N	2500	0	40	24	24	2	0	0	0	0	0	0	0	0	0	0	0	0	0	0	9856804	
1049	1	F	8	N	2500	0	40	24	30	3	1	0	0	0	0	0	0	0	0	0	0	0	0	0	9856914	
1050	1	F	8	N	2500	0	40	35	82	54	47	69	0	0	0	0	0	0	0	0	0	0	0	0	9856976	
1051	1	F	8	N	2500	0	40	46	103	6	7	8	0	0	0	0	0	0	0	0	0	0	0	0	9857460	
1052	1	F	8	N	2500	0	40	30	29	2	0	0	0	0	0	0	0	0	0	0	0	0	0	0	9857616	
1053	1	F	8	N	2500	0	40	308	696	29	12	17	0	0	0	0	0	0	0	0	0	0	0	0	9857725	
1054	1	F	8	N	2500	0	40	27	28	2	0	0	0	0	0	0	0	0	0	0	0	0	0	0	9857850	
1055	1	F	8	N	2500	0	40	420	1005	45	20	16	0	0	0	0	0	0	0	0	0	0	0	0	9858006	
1056	1	F	8	N	2500	0	40	22	25	2	0	0	0	0	0	0	0	0	0	0	0	0	0	0	9858240	
1057	1	F	8	N	2500	0	40	477	1381	79	29	30	0	0	0	0	0	0	0	0	0	0	0	0	9859098	
1058	1	F	8	N	2500	0	40	22	31	1	2	1	0	0	0	0	0	0	0	0	0	0	0	0	9859550	
1059	1	F	8	N	2500	0	40	48	194	20	0	0	0	0	0	0	0	0	0	0	0	0	0	0	9860392	
1060	1	F	8	N	2500	0	40	253	343	12	7	8	0	0	0	0	0	0	0	0	0	0	0	0	9860626	
1061	1	F	9	N	2500	0	40	37	84	4	2	1	0	0	0	0	0	0	0	0	0	0	0	0	9868629	
1062	1	F	9	N	2500	0	40	206	920	113	19	14	0	0	0	0	0	0	0	0	0	0	0	0	9868629	
1063	1	F	9	N	2500	0	40	258	1129	63	27	23	0	0	0	0	0	0	0	0	0	0	0	0	9868692	
1064	1	F	9	N	2500	0	40	28	75	6	0	0	0	0	0	0	0	0	0	0	0	0	0	0	9869472	
1065	1	F	9	N	2500	0	40	82	505	95	92	111	0	0	0	0	0	0	0	0	0	0	0	0	9869550	
1066	1	F	9	N	2500	0	40	267	779	26	19	20	0	0	0	0	0	0	0	0	0	0	0	0	9870298	
1067	1	F	9	N	2500	0	40	44	56	4	1	0	0	0	0	0	0	0	0	0	0	0	0	0	9870548	
1068	1	F	9	N	2500	0	40	74	215	37	3	1	0	0	0	0	0	0	0	0	0	0	0	0	9871858	
1069	1	F	9	N	2500	0	40	84	139	14	3	2	0	0	0	0	0	0	0	0	0	0	0	0	9871858	
1070	1	F	9	N	2500	0	40	234	915	44	21	19	0	0	0	0	0	0	0	0	0	0	0	0	9872358	
1071	1	F	9	N	2500	0	40	23	51	5	0	0	0	0	0	0	0	0	0	0	0	0	0	0	9872763	
1072	1	F	9	N	2500	0	40	46	73	4	1	1	0	0	0	0	0	0	0	0	0	0	0	0	9873075	
1073	1	F	9	N	2500	0	40	396	895	40	18	21	0	0	0	0	0	0	0	0	0	0	0	0	9873606	
1074	1	F	9	N	2500	0	40	256	958	51	23	21	0	0	0	0	0	0	0	0	0	0	0	0	9873652	
1075	1	F	10	N	2500	0	40	49	112	14	2	2	0	0	0	0	0	0	0	0	0	0	0	0	9884058	
1076	1	F	10	N	2500	0	40	81	205	17	18	22	0	0	0	0	0	0	0	0	0	0	0	0	9885321	
1077	1	F	10	N	2500	0	40	59	220	20	22	25	0	0	0	0	0	0	0	0	0	0	0	0	9885618	
1078	1	F	10	N	2500	0	40	309	679	32	15	17	0	0	0	0	0	0	0	0	0	0	0	0	9885898	
1079	1	F	10	N	2500	0	40	35	68	8	1	2	0	0	0	0	0	0	0	0	0	0	0	0	9886554	
1080	1	F	10	N	2500	0	40	49	115	6	7	7	0	0	0	0	0	0	0	0	0	0	0	0	9887193	
1081	1	F	10	N	2500	0	40	23	21	1	1	2	0	0	0	0	0	0	0	0	0	0	0	0	9888847	
1082	1	F	11	N	2500	0	40	34	52	6	0	0	0	0	0	0	0	0	0	0	0	0	0	0	9898347	
1083	1	F	11	N	2500	0	40	37	70	9	0	0	0	0	0	0	0	0	0	0	0	0	0	0	9898425	
1084	1	F	11	N	2500	0	40	43	69	7	2	1	0	0	0	0	0	0	0	0	0	0	0	0	9898862	
1085	1	F	11	N	2500	0	40	36	39	2	0	0	0	0	0	0	0	0	0	0	0	0	0	0	9899377	
1086	1	F	11	N	2500	0	40	21	18	1	0	0	0	0	0	0	0	0	0	0	0	0	0	0	9900110	
1087	1	F	11	N	2500	0	40	44	70	3	2	2	0	0	0	0	0	0	0	0	0	0	0	0	9900843	
1088	1	F	11	N	2500	0	40	176	208	7	3	5	0	0	0	0	0	0	0	0	0	0	0	0	9901296	
1089	1	F	11	N	2500	0	40	240	356	11	6	8	0	0	0	0	0	0	0	0	0	0	0	0	9902372	
1090	1	F	11	N	2500	0	40	27	36	1	2	2	0	0	0	0	0	0	0	0	0	0	0	0	9902824	
1091	1	F	11	N	2500	0	40	311	567	20	12	19	0	0	0	0	0	0	0	0	0	0	0	0	9902996	
1092	1	F	11	N	2500	0	40	23	26	1	0	0	0	0	0	0	0	0	0	0	0	0	0	0	9903027	
1093	1	F	11	N	2500	0	40	233	559	22	13	13	0	0	0	0	0	0	0	0	0	0	0	0	9903308	
1094	1	F	11	N	2500	0	40	321	578	44	13	15	0	0	0	0	0	0	0	0	0	0	0	0	9904244	
1095	1	F	11	N	2500	0	40	239	307	13	6	9	0	0	0	0	0	0	0	0	0	0	0	0	9904977	
1096	1	F	12	N	2500	0	40	26	26	1	0	0	0	0	0	0	0	0	0	0	0	0	0	0	9914509	
1097	1	F	12	N	2500	0	40	39	139	9	9	11	0	0	0	0	0	0	0	0	0	0	0	0	9919064	
1098	1	F	12	N	2500	0	40	26	27	2	0	0	0	0	0	0	0	0	0	0	0	0	0	0	9919236	


Threshold source: EXT,  value 50
Min TOF = 20
EXT signal gain 2.0
Green signal gain 3.0
Yellow signal gain 3.0
Red signal gain 3.0
Green PMT voltage 600
Yellow PMT voltage 600
Red PMT voltage 700
Signal multipliers: 5.0,5.0,5.0,5.0
C:\Users\unionbio\Desktop\COPAS Templates\USE for analysis.csv