Id	Plate	Row	Column	Clog	Scan rate	Status sort	Status sel	TOF	EXT	Green	Yellow	Red	PH Ext	PW Ext	PC Ext	PH Green	PW Green	PCGreen	PH Yellow	PW Yellow	PCYellow	PH Red	PW Red	PCRed	Time Stamp	
0	1	A	1	N	2500	0	40	37	64	6	0	1	0	0	0	0	0	0	0	0	0	0	0	0	10124189	
1	1	A	1	N	2500	0	40	439	1470	89	32	28	0	0	0	0	0	0	0	0	0	0	0	0	10124392	
2	1	A	1	N	2500	0	40	309	552	97	65	72	0	0	0	0	0	0	0	0	0	0	0	0	10125047	
3	1	A	1	N	2500	0	40	23	21	1	0	0	0	0	0	0	0	0	0	0	0	0	0	0	10125172	
4	1	A	1	N	2500	0	40	34	94	8	0	0	0	0	0	0	0	0	0	0	0	0	0	0	10125203	
5	1	A	1	N	2500	0	40	357	1234	88	32	24	0	0	0	0	0	0	0	0	0	0	0	0	10125374	
6	1	A	1	N	2500	0	40	30	57	3	3	5	0	0	0	0	0	0	0	0	0	0	0	0	10126186	
7	1	A	1	N	2500	0	40	24	40	1	1	2	0	0	0	0	0	0	0	0	0	0	0	0	10126420	
8	1	A	1	N	2500	0	40	336	1224	82	28	22	0	0	0	0	0	0	0	0	0	0	0	0	10126513	
9	1	A	1	N	2500	0	40	349	1582	92	35	26	0	0	0	0	0	0	0	0	0	0	0	0	10127012	
10	1	A	1	N	2500	0	40	495	1299	78	31	25	0	0	0	0	0	0	0	0	0	0	0	0	10127231	
11	1	A	1	N	2500	0	40	517	1582	89	34	31	0	0	0	0	0	0	0	0	0	0	0	0	10127480	
12	1	A	1	N	2500	0	40	621	2034	110	44	38	0	0	0	0	0	0	0	0	0	0	0	0	10128089	
13	1	A	1	N	2500	0	40	20	26	1	0	0	0	0	0	0	0	0	0	0	0	0	0	0	10128619	
14	1	A	1	N	2500	0	40	382	1352	71	30	23	0	0	0	0	0	0	0	0	0	0	0	0	10128682	
15	1	A	1	N	2500	0	40	29	43	2	1	2	0	0	0	0	0	0	0	0	0	0	0	0	10129243	
16	1	A	1	N	2500	0	40	498	1481	89	36	27	0	0	0	0	0	0	0	0	0	0	0	0	10129290	
17	1	A	1	N	2500	0	40	67	89	4	2	2	0	0	0	0	0	0	0	0	0	0	0	0	10129664	
18	1	A	1	N	2500	0	40	34	46	1	1	1	0	0	0	0	0	0	0	0	0	0	0	0	10129680	
19	1	A	1	N	2500	0	40	26	49	4	0	0	0	0	0	0	0	0	0	0	0	0	0	0	10130210	
20	1	A	2	N	2500	0	40	97	518	62	1	2	0	0	0	0	0	0	0	0	0	0	0	0	10137433	
21	1	A	2	N	2500	0	40	91	622	59	1	1	0	0	0	0	0	0	0	0	0	0	0	0	10137480	
22	1	A	2	N	2500	0	40	82	529	29	1	0	0	0	0	0	0	0	0	0	0	0	0	0	10137605	
23	1	A	2	N	2500	0	40	23	40	7	8	9	0	0	0	0	0	0	0	0	0	0	0	0	10137621	
24	1	A	2	N	2500	0	40	436	1409	61	27	26	0	0	0	0	0	0	0	0	0	0	0	0	10138338	
25	1	A	2	N	2500	0	40	227	1060	57	23	19	0	0	0	0	0	0	0	0	0	0	0	0	10138447	
26	1	A	2	N	2500	0	40	40	54	2	1	0	0	0	0	0	0	0	0	0	0	0	0	0	10138713	
27	1	A	2	N	2500	0	40	382	897	49	18	18	0	0	0	0	0	0	0	0	0	0	0	0	10138759	
28	1	A	2	N	2500	0	40	75	104	10	1	0	0	0	0	0	0	0	0	0	0	0	0	0	10138884	
29	1	A	2	N	2500	0	40	21	25	0	0	0	0	0	0	0	0	0	0	0	0	0	0	0	10139087	
30	1	A	2	N	2500	0	40	28	53	2	2	3	0	0	0	0	0	0	0	0	0	0	0	0	10139477	
31	1	A	2	N	2500	0	40	51	176	13	14	18	0	0	0	0	0	0	0	0	0	0	0	0	10139664	
32	1	A	2	N	2500	0	40	359	811	35	16	16	0	0	0	0	0	0	0	0	0	0	0	0	10139742	
33	1	A	2	N	2500	0	40	31	32	1	0	0	0	0	0	0	0	0	0	0	0	0	0	0	10140070	
34	1	A	2	N	2500	0	40	100	302	30	5	3	0	0	0	0	0	0	0	0	0	0	0	0	10140085	
35	1	A	2	N	2500	0	40	281	587	21	11	10	0	0	0	0	0	0	0	0	0	0	0	0	10140803	
36	1	A	2	N	2500	0	40	413	1020	49	20	17	0	0	0	0	0	0	0	0	0	0	0	0	10141567	
37	1	A	2	N	2500	0	40	607	1377	54	24	27	0	0	0	0	0	0	0	0	0	0	0	0	10141739	
38	1	A	2	N	2500	0	40	383	889	34	16	16	0	0	0	0	0	0	0	0	0	0	0	0	10142893	
39	1	A	2	N	2500	0	40	28	51	4	0	0	0	0	0	0	0	0	0	0	0	0	0	0	10144843	
40	1	A	3	N	2500	0	40	23	24	1	0	0	0	0	0	0	0	0	0	0	0	0	0	0	10152363	
41	1	A	3	N	2500	0	40	82	143	9	4	2	0	0	0	0	0	0	0	0	0	0	0	0	10152363	
42	1	A	3	N	2500	0	40	65	150	25	3	1	0	0	0	0	0	0	0	0	0	0	0	0	10152394	
43	1	A	3	N	2500	0	40	92	301	33	8	6	0	0	0	0	0	0	0	0	0	0	0	0	10152394	
44	1	A	3	N	2500	0	40	29	64	9	1	1	0	0	0	0	0	0	0	0	0	0	0	0	10152487	
45	1	A	3	N	2500	0	40	26	40	8	0	1	0	0	0	0	0	0	0	0	0	0	0	0	10152597	
46	1	A	3	N	2500	0	40	278	1003	47	24	20	0	0	0	0	0	0	0	0	0	0	0	0	10152706	
47	1	A	3	N	2500	0	40	20	16	1	0	0	0	0	0	0	0	0	0	0	0	0	0	0	10152955	
48	1	A	3	N	2500	0	40	65	172	17	4	1	0	0	0	0	0	0	0	0	0	0	0	0	10153049	
49	1	A	3	N	2500	0	40	32	28	1	0	0	0	0	0	0	0	0	0	0	0	0	0	0	10153065	
50	1	A	3	N	2500	0	40	32	44	3	1	1	0	0	0	0	0	0	0	0	0	0	0	0	10153065	
51	1	A	3	N	2500	0	40	363	833	29	16	14	0	0	0	0	0	0	0	0	0	0	0	0	10153345	
52	1	A	3	N	2500	0	40	29	24	0	0	0	0	0	0	0	0	0	0	0	0	0	0	0	10153392	
53	1	A	3	N	2500	0	40	139	134	5	3	3	0	0	0	0	0	0	0	0	0	0	0	0	10153392	
54	1	A	3	N	2500	0	40	31	36	2	0	0	0	0	0	0	0	0	0	0	0	0	0	0	10153455	
55	1	A	3	N	2500	0	40	42	54	3	1	1	0	0	0	0	0	0	0	0	0	0	0	0	10153657	
56	1	A	3	N	2500	0	40	37	41	3	0	1	0	0	0	0	0	0	0	0	0	0	0	0	10153860	
57	1	A	3	N	2500	0	40	566	1393	64	31	31	0	0	0	0	0	0	0	0	0	0	0	0	10153891	
58	1	A	3	N	2500	0	40	346	771	36	13	15	0	0	0	0	0	0	0	0	0	0	0	0	10154344	
59	1	A	3	N	2500	0	40	259	1173	68	28	25	0	0	0	0	0	0	0	0	0	0	0	0	10154593	
60	1	A	3	N	2500	0	40	47	49	3	1	1	0	0	0	0	0	0	0	0	0	0	0	0	10154749	
61	1	A	3	N	2500	0	40	22	21	1	0	0	0	0	0	0	0	0	0	0	0	0	0	0	10154749	
62	1	A	3	N	2500	0	40	391	874	36	17	15	0	0	0	0	0	0	0	0	0	0	0	0	10154859	
63	1	A	3	N	2500	0	40	43	48	3	1	1	0	0	0	0	0	0	0	0	0	0	0	0	10155202	
64	1	A	3	N	2500	0	40	194	476	41	14	9	0	0	0	0	0	0	0	0	0	0	0	0	10155202	
65	1	A	3	N	2500	0	40	65	110	8	3	1	0	0	0	0	0	0	0	0	0	0	0	0	10155202	
66	1	A	3	N	2500	0	40	57	52	3	1	2	0	0	0	0	0	0	0	0	0	0	0	0	10155467	
67	1	A	3	N	2500	0	40	504	1270	67	33	31	0	0	0	0	0	0	0	0	0	0	0	0	10155467	
68	1	A	3	N	2500	0	40	67	141	9	2	2	0	0	0	0	0	0	0	0	0	0	0	0	10156044	
69	1	A	3	N	2500	0	40	79	127	9	2	2	0	0	0	0	0	0	0	0	0	0	0	0	10156044	
70	1	A	3	N	2500	0	40	63	71	5	1	1	0	0	0	0	0	0	0	0	0	0	0	0	10156044	
71	1	A	3	N	2500	0	40	396	867	44	16	17	0	0	0	0	0	0	0	0	0	0	0	0	10156091	
72	1	A	3	N	2500	0	40	354	1083	56	27	22	0	0	0	0	0	0	0	0	0	0	0	0	10156278	
73	1	A	3	N	2500	0	40	40	65	6	1	1	0	0	0	0	0	0	0	0	0	0	0	0	10156294	
74	1	A	3	N	2500	0	40	34	41	3	1	0	0	0	0	0	0	0	0	0	0	0	0	0	10156294	
75	1	A	3	N	2500	0	40	61	159	14	14	15	0	0	0	0	0	0	0	0	0	0	0	0	10156699	
76	1	A	3	N	2500	0	40	51	60	4	1	1	0	0	0	0	0	0	0	0	0	0	0	0	10156809	
77	1	A	3	N	2500	0	40	20	30	1	1	1	0	0	0	0	0	0	0	0	0	0	0	0	10157323	
78	1	A	3	N	2500	0	40	405	992	54	21	20	0	0	0	0	0	0	0	0	0	0	0	0	10157760	
79	1	A	3	N	2500	0	40	92	233	12	12	15	0	0	0	0	0	0	0	0	0	0	0	0	10157854	
80	1	A	3	N	2500	0	40	242	1025	54	30	26	0	0	0	0	0	0	0	0	0	0	0	0	10158025	
81	1	A	3	N	2500	0	40	33	48	2	1	1	0	0	0	0	0	0	0	0	0	0	0	0	10158150	
82	1	A	3	N	2500	0	40	23	36	1	1	2	0	0	0	0	0	0	0	0	0	0	0	0	10158961	
83	1	A	3	N	2500	0	40	51	194	18	14	18	0	0	0	0	0	0	0	0	0	0	0	0	10159211	
84	1	A	3	N	2500	0	40	27	65	14	13	13	0	0	0	0	0	0	0	0	0	0	0	0	10159695	
85	1	A	4	N	2500	0	40	37	71	1	1	1	0	0	0	0	0	0	0	0	0	0	0	0	10168181	
86	1	A	4	N	2500	0	40	34	53	2	1	0	0	0	0	0	0	0	0	0	0	0	0	0	10169507	
87	1	A	4	N	2500	0	40	28	51	4	1	1	0	0	0	0	0	0	0	0	0	0	0	0	10169725	
88	1	A	4	N	2500	0	40	29	39	3	0	0	0	0	0	0	0	0	0	0	0	0	0	0	10169725	
89	1	A	4	N	2500	0	40	31	36	1	0	0	0	0	0	0	0	0	0	0	0	0	0	0	10169850	
90	1	A	4	N	2500	0	40	24	21	1	0	0	0	0	0	0	0	0	0	0	0	0	0	0	10169850	
91	1	A	4	N	2500	0	40	346	697	28	14	17	0	0	0	0	0	0	0	0	0	0	0	0	10169881	
92	1	A	4	N	2500	0	40	66	243	22	22	27	0	0	0	0	0	0	0	0	0	0	0	0	10171176	
93	1	A	4	N	2500	0	40	63	149	16	2	2	0	0	0	0	0	0	0	0	0	0	0	0	10171410	
94	1	A	4	N	2500	0	40	45	138	10	10	10	0	0	0	0	0	0	0	0	0	0	0	0	10172003	
95	1	A	4	N	2500	0	40	30	66	4	4	4	0	0	0	0	0	0	0	0	0	0	0	0	10172471	
96	1	A	4	N	2500	0	40	328	612	21	11	11	0	0	0	0	0	0	0	0	0	0	0	0	10172705	
97	1	A	4	N	2500	0	40	23	20	0	0	0	0	0	0	0	0	0	0	0	0	0	0	0	10173251	
98	1	A	4	N	2500	0	40	24	36	6	7	11	0	0	0	0	0	0	0	0	0	0	0	0	10173267	
99	1	A	4	N	2500	0	40	370	838	36	18	21	0	0	0	0	0	0	0	0	0	0	0	0	10173313	
100	1	A	4	N	2500	0	40	22	28	2	0	0	0	0	0	0	0	0	0	0	0	0	0	0	10173672	
101	1	A	4	N	2500	0	40	46	65	2	2	3	0	0	0	0	0	0	0	0	0	0	0	0	10174343	
102	1	A	5	N	2500	0	40	38	72	5	5	6	0	0	0	0	0	0	0	0	0	0	0	0	10181628	
103	1	A	5	N	2500	0	40	271	454	18	8	9	0	0	0	0	0	0	0	0	0	0	0	0	10182096	
104	1	A	5	N	2500	0	40	272	485	18	9	10	0	0	0	0	0	0	0	0	0	0	0	0	10183485	
105	1	A	5	N	2500	0	40	281	541	23	10	13	0	0	0	0	0	0	0	0	0	0	0	0	10183547	
106	1	A	5	N	2500	0	40	280	395	22	7	9	0	0	0	0	0	0	0	0	0	0	0	0	10183843	
107	1	A	5	N	2500	0	40	66	207	16	17	20	0	0	0	0	0	0	0	0	0	0	0	0	10187026	
108	1	A	5	N	2500	0	40	103	229	6	4	5	0	0	0	0	0	0	0	0	0	0	0	0	10187416	
109	1	A	5	N	2500	0	40	292	528	21	11	12	0	0	0	0	0	0	0	0	0	0	0	0	10188009	
110	1	A	5	N	2500	0	40	42	114	6	6	6	0	0	0	0	0	0	0	0	0	0	0	0	10188523	
111	1	A	6	N	2500	0	40	317	562	18	9	11	0	0	0	0	0	0	0	0	0	0	0	0	10198944	
112	1	A	6	N	2500	0	40	283	456	15	8	9	0	0	0	0	0	0	0	0	0	0	0	0	10199100	
113	1	A	7	N	2500	0	40	113	223	16	5	4	0	0	0	0	0	0	0	0	0	0	0	0	10211253	
114	1	A	7	N	2500	0	40	494	1738	92	44	36	0	0	0	0	0	0	0	0	0	0	0	0	10211752	
115	1	A	7	N	2500	0	40	27	48	1	0	0	0	0	0	0	0	0	0	0	0	0	0	0	10212189	
116	1	A	7	N	2500	0	40	63	83	7	2	1	0	0	0	0	0	0	0	0	0	0	0	0	10212797	
117	1	A	7	N	2500	0	40	103	249	19	2	2	0	0	0	0	0	0	0	0	0	0	0	0	10212797	
118	1	A	7	N	2500	0	40	34	46	4	0	1	0	0	0	0	0	0	0	0	0	0	0	0	10212797	
119	1	A	7	N	2500	0	40	75	278	31	3	3	0	0	0	0	0	0	0	0	0	0	0	0	10213655	
120	1	A	7	N	2500	0	40	180	1134	119	115	144	0	0	0	0	0	0	0	0	0	0	0	0	10213842	
121	1	A	7	N	2500	0	40	430	1399	65	30	25	0	0	0	0	0	0	0	0	0	0	0	0	10213998	
122	1	A	7	N	2500	0	40	418	1332	64	28	22	0	0	0	0	0	0	0	0	0	0	0	0	10214061	
123	1	A	7	N	2500	0	40	142	174	14	16	22	0	0	0	0	0	0	0	0	0	0	0	0	10215137	
124	1	A	7	N	2500	0	40	614	2180	124	65	51	0	0	0	0	0	0	0	0	0	0	0	0	10215262	
125	1	A	7	N	2500	0	40	506	1583	76	43	40	0	0	0	0	0	0	0	0	0	0	0	0	10215418	
126	1	A	7	N	2500	0	40	564	2084	114	57	43	0	0	0	0	0	0	0	0	0	0	0	0	10215636	
127	1	A	7	N	2500	0	40	499	1542	72	37	33	0	0	0	0	0	0	0	0	0	0	0	0	10216042	
128	1	A	7	N	2500	0	40	58	138	9	9	13	0	0	0	0	0	0	0	0	0	0	0	0	10216385	
129	1	A	7	N	2500	0	40	22	32	1	1	1	0	0	0	0	0	0	0	0	0	0	0	0	10217056	
130	1	A	7	N	2500	0	40	32	33	2	0	0	0	0	0	0	0	0	0	0	0	0	0	0	10217446	
131	1	A	7	N	2500	0	40	22	26	1	1	1	0	0	0	0	0	0	0	0	0	0	0	0	10218023	
132	1	A	8	N	2500	0	40	36	81	4	5	6	0	0	0	0	0	0	0	0	0	0	0	0	10226119	
133	1	A	8	N	2500	0	40	26	33	2	0	1	0	0	0	0	0	0	0	0	0	0	0	0	10226400	
134	1	A	8	N	2500	0	40	533	1402	87	44	37	0	0	0	0	0	0	0	0	0	0	0	0	10226431	
135	1	A	8	N	2500	0	40	28	27	1	0	0	0	0	0	0	0	0	0	0	0	0	0	0	10226556	
136	1	A	8	N	2500	0	40	401	1148	61	28	28	0	0	0	0	0	0	0	0	0	0	0	0	10226728	
137	1	A	8	N	2500	0	40	409	1119	57	27	23	0	0	0	0	0	0	0	0	0	0	0	0	10226946	
138	1	A	8	N	2500	0	40	228	1043	54	26	21	0	0	0	0	0	0	0	0	0	0	0	0	10227445	
139	1	A	8	N	2500	0	40	450	1362	77	31	30	0	0	0	0	0	0	0	0	0	0	0	0	10228241	
140	1	A	8	N	2500	0	40	85	159	5	4	6	0	0	0	0	0	0	0	0	0	0	0	0	10228303	
141	1	A	8	N	2500	0	40	59	96	3	3	4	0	0	0	0	0	0	0	0	0	0	0	0	10228303	
142	1	A	8	N	2500	0	40	531	1582	100	42	37	0	0	0	0	0	0	0	0	0	0	0	0	10229536	
143	1	A	8	N	2500	0	40	369	1269	96	34	30	0	0	0	0	0	0	0	0	0	0	0	0	10229957	
144	1	A	8	N	2500	0	40	57	296	25	0	0	0	0	0	0	0	0	0	0	0	0	0	0	10230269	
145	1	A	8	N	2500	0	40	251	1251	76	32	29	0	0	0	0	0	0	0	0	0	0	0	0	10230285	
146	1	A	8	N	2500	0	40	33	46	2	2	3	0	0	0	0	0	0	0	0	0	0	0	0	10230378	
147	1	A	8	N	2500	0	40	426	1522	102	40	37	0	0	0	0	0	0	0	0	0	0	0	0	10230456	
148	1	A	8	N	2500	0	40	33	63	3	3	3	0	0	0	0	0	0	0	0	0	0	0	0	10230643	
149	1	A	8	N	2500	0	40	23	32	1	1	2	0	0	0	0	0	0	0	0	0	0	0	0	10230659	
150	1	A	8	N	2500	0	40	46	128	14	14	16	0	0	0	0	0	0	0	0	0	0	0	0	10231189	
151	1	A	8	N	2500	0	40	351	1557	100	46	37	0	0	0	0	0	0	0	0	0	0	0	0	10231704	
152	1	A	8	N	2500	0	40	427	1156	57	23	24	0	0	0	0	0	0	0	0	0	0	0	0	10231767	
153	1	A	8	N	2500	0	40	29	28	1	1	1	0	0	0	0	0	0	0	0	0	0	0	0	10232250	
154	1	A	8	N	2500	0	40	22	23	1	0	0	0	0	0	0	0	0	0	0	0	0	0	0	10232578	
155	1	A	9	N	2500	0	40	21	36	3	0	0	0	0	0	0	0	0	0	0	0	0	0	0	10240518	
156	1	A	9	N	2500	0	40	21	25	1	1	1	0	0	0	0	0	0	0	0	0	0	0	0	10240565	
157	1	A	9	N	2500	0	40	21	40	3	0	0	0	0	0	0	0	0	0	0	0	0	0	0	10241049	
158	1	A	9	N	2500	0	40	396	1106	59	26	25	0	0	0	0	0	0	0	0	0	0	0	0	10242125	
159	1	A	9	N	2500	0	40	431	955	41	23	21	0	0	0	0	0	0	0	0	0	0	0	0	10243186	
160	1	A	9	N	2500	0	40	25	46	4	3	3	0	0	0	0	0	0	0	0	0	0	0	0	10244481	
161	1	A	9	N	2500	0	40	399	1422	89	39	37	0	0	0	0	0	0	0	0	0	0	0	0	10245089	
162	1	A	9	N	2500	0	40	424	1251	80	36	32	0	0	0	0	0	0	0	0	0	0	0	0	10245214	
163	1	A	9	N	2500	0	40	214	851	40	20	19	0	0	0	0	0	0	0	0	0	0	0	0	10246275	
164	1	A	9	N	2500	0	40	217	892	47	22	20	0	0	0	0	0	0	0	0	0	0	0	0	10247866	
165	1	A	10	N	2500	0	40	21	38	4	4	5	0	0	0	0	0	0	0	0	0	0	0	0	10255479	
166	1	A	10	N	2500	0	40	224	661	26	15	11	0	0	0	0	0	0	0	0	0	0	0	0	10255775	
167	1	A	10	N	2500	0	40	396	930	52	21	19	0	0	0	0	0	0	0	0	0	0	0	0	10259878	
168	1	A	10	N	2500	0	40	368	787	28	16	19	0	0	0	0	0	0	0	0	0	0	0	0	10260206	
169	1	A	10	N	2500	0	40	272	986	53	26	30	0	0	0	0	0	0	0	0	0	0	0	0	10261516	
170	1	A	10	N	2500	0	40	22	31	2	2	2	0	0	0	0	0	0	0	0	0	0	0	0	10261641	
171	1	A	10	N	2500	0	40	21	27	1	1	1	0	0	0	0	0	0	0	0	0	0	0	0	10262187	
172	1	A	10	N	2500	0	40	59	191	16	15	17	0	0	0	0	0	0	0	0	0	0	0	0	10262202	
173	1	A	10	N	2500	0	40	54	94	6	4	6	0	0	0	0	0	0	0	0	0	0	0	0	10262421	
174	1	A	11	N	2500	0	40	24	27	1	0	1	0	0	0	0	0	0	0	0	0	0	0	0	10272311	
175	1	A	11	N	2500	0	40	260	409	14	9	10	0	0	0	0	0	0	0	0	0	0	0	0	10273107	
176	1	A	11	N	2500	0	40	43	159	17	1	0	0	0	0	0	0	0	0	0	0	0	0	0	10273341	
177	1	A	11	N	2500	0	40	22	40	2	2	3	0	0	0	0	0	0	0	0	0	0	0	0	10273606	
178	1	A	11	N	2500	0	40	191	251	6	4	6	0	0	0	0	0	0	0	0	0	0	0	0	10274994	
179	1	A	11	N	2500	0	40	241	422	14	9	11	0	0	0	0	0	0	0	0	0	0	0	0	10275759	
180	1	A	11	N	2500	0	40	47	200	21	0	1	0	0	0	0	0	0	0	0	0	0	0	0	10276398	
181	1	A	11	N	2500	0	40	227	513	35	12	56	0	0	0	0	0	0	0	0	0	0	0	0	10276820	
182	1	A	11	N	2500	0	40	127	226	5	3	5	0	0	0	0	0	0	0	0	0	0	0	0	10277022	
183	1	A	11	N	2500	0	40	119	158	3	2	3	0	0	0	0	0	0	0	0	0	0	0	0	10277272	
184	1	A	12	N	2500	0	40	32	96	8	0	0	0	0	0	0	0	0	0	0	0	0	0	0	10284526	
185	1	A	12	N	2500	0	40	27	36	2	1	0	0	0	0	0	0	0	0	0	0	0	0	0	10284744	
186	1	A	12	N	2500	0	40	26	52	10	0	0	0	0	0	0	0	0	0	0	0	0	0	0	10285041	
187	1	A	12	N	2500	0	40	27	43	1	1	2	0	0	0	0	0	0	0	0	0	0	0	0	10285431	
188	1	B	1	N	2500	0	40	29	49	1	1	2	0	0	0	0	0	0	0	0	0	0	0	0	10301499	
189	1	B	1	N	2500	0	40	448	1164	67	23	21	0	0	0	0	0	0	0	0	0	0	0	0	10304400	
190	1	B	1	N	2500	0	40	31	79	5	5	6	0	0	0	0	0	0	0	0	0	0	0	0	10304900	
191	1	B	1	N	2500	0	40	35	67	5	5	7	0	0	0	0	0	0	0	0	0	0	0	0	10305758	
192	1	B	1	N	2500	0	40	82	211	6	7	9	0	0	0	0	0	0	0	0	0	0	0	0	10305992	
193	1	B	1	N	2500	0	40	48	64	2	1	2	0	0	0	0	0	0	0	0	0	0	0	0	10306538	
194	1	B	1	N	2500	0	40	51	115	7	7	7	0	0	0	0	0	0	0	0	0	0	0	0	10306631	
195	1	B	1	N	2500	0	40	20	19	0	0	0	0	0	0	0	0	0	0	0	0	0	0	0	10308035	
196	1	B	1	N	2500	0	40	27	33	0	0	0	0	0	0	0	0	0	0	0	0	0	0	0	10308113	
197	1	B	2	N	2500	0	40	29	38	1	0	0	0	0	0	0	0	0	0	0	0	0	0	0	10316334	
198	1	B	2	N	2500	0	40	37	82	4	4	4	0	0	0	0	0	0	0	0	0	0	0	0	10317333	
199	1	B	2	N	2500	0	40	454	1130	51	28	24	0	0	0	0	0	0	0	0	0	0	0	0	10318862	
200	1	B	2	N	2500	0	40	29	52	3	4	4	0	0	0	0	0	0	0	0	0	0	0	0	10320484	
201	1	B	2	N	2500	0	40	28	39	2	1	1	0	0	0	0	0	0	0	0	0	0	0	0	10321436	
202	1	B	2	N	2500	0	40	22	27	0	0	1	0	0	0	0	0	0	0	0	0	0	0	0	10322044	
203	1	B	3	N	2500	0	40	76	250	18	17	19	0	0	0	0	0	0	0	0	0	0	0	0	10330546	
204	1	B	3	N	2500	0	40	28	32	1	0	0	0	0	0	0	0	0	0	0	0	0	0	0	10330749	
205	1	B	3	N	2500	0	40	28	48	3	4	3	0	0	0	0	0	0	0	0	0	0	0	0	10330998	
206	1	B	3	N	2500	0	40	21	28	1	1	1	0	0	0	0	0	0	0	0	0	0	0	0	10331934	
207	1	B	3	N	2500	0	40	38	41	1	1	1	0	0	0	0	0	0	0	0	0	0	0	0	10332028	
208	1	B	3	N	2500	0	40	31	33	1	1	1	0	0	0	0	0	0	0	0	0	0	0	0	10332278	
209	1	B	3	N	2500	0	40	108	209	10	8	10	0	0	0	0	0	0	0	0	0	0	0	0	10333136	
210	1	B	3	N	2500	0	40	76	168	8	6	8	0	0	0	0	0	0	0	0	0	0	0	0	10333869	
211	1	B	3	N	2500	0	40	70	216	8	7	10	0	0	0	0	0	0	0	0	0	0	0	0	10333884	
212	1	B	3	N	2500	0	40	33	54	2	2	2	0	0	0	0	0	0	0	0	0	0	0	0	10334368	
213	1	B	3	N	2500	0	40	22	33	0	0	1	0	0	0	0	0	0	0	0	0	0	0	0	10335226	
214	1	B	3	N	2500	0	40	28	31	0	0	1	0	0	0	0	0	0	0	0	0	0	0	0	10335444	
215	1	B	3	N	2500	0	40	30	32	1	1	1	0	0	0	0	0	0	0	0	0	0	0	0	10336100	
216	1	B	3	N	2500	0	40	86	207	8	8	8	0	0	0	0	0	0	0	0	0	0	0	0	10336396	
217	1	B	3	N	2500	0	40	37	71	3	2	1	0	0	0	0	0	0	0	0	0	0	0	0	10336396	
218	1	B	3	N	2500	0	40	38	51	1	1	2	0	0	0	0	0	0	0	0	0	0	0	0	10336817	
219	1	B	3	N	2500	0	40	49	77	3	3	3	0	0	0	0	0	0	0	0	0	0	0	0	10337238	
220	1	B	3	N	2500	0	40	21	17	0	0	1	0	0	0	0	0	0	0	0	0	0	0	0	10337238	
221	1	B	3	N	2500	0	40	24	30	1	1	1	0	0	0	0	0	0	0	0	0	0	0	0	10337238	
222	1	B	3	N	2500	0	40	47	68	3	3	4	0	0	0	0	0	0	0	0	0	0	0	0	10337238	
223	1	B	3	N	2500	0	40	37	53	2	2	2	0	0	0	0	0	0	0	0	0	0	0	0	10337270	
224	1	B	3	N	2500	0	40	25	39	1	1	2	0	0	0	0	0	0	0	0	0	0	0	0	10337379	
225	1	B	3	N	2500	0	40	49	73	2	2	2	0	0	0	0	0	0	0	0	0	0	0	0	10337535	
226	1	B	3	N	2500	0	40	24	32	1	0	1	0	0	0	0	0	0	0	0	0	0	0	0	10337535	
227	1	B	3	N	2500	0	40	62	116	4	3	4	0	0	0	0	0	0	0	0	0	0	0	0	10337550	
228	1	B	4	N	2500	0	40	129	241	11	10	15	0	0	0	0	0	0	0	0	0	0	0	0	10345600	
229	1	B	4	N	2500	0	40	22	31	1	1	1	0	0	0	0	0	0	0	0	0	0	0	0	10345756	
230	1	B	4	N	2500	0	40	26	42	3	2	2	0	0	0	0	0	0	0	0	0	0	0	0	10346661	
231	1	B	4	N	2500	0	40	329	459	28	10	9	0	0	0	0	0	0	0	0	0	0	0	0	10349890	
232	1	B	4	N	2500	0	40	28	50	5	5	5	0	0	0	0	0	0	0	0	0	0	0	0	10351029	
233	1	B	4	N	2500	0	40	79	340	36	36	49	0	0	0	0	0	0	0	0	0	0	0	0	10351403	
234	1	B	5	N	2500	0	40	22	27	1	0	1	0	0	0	0	0	0	0	0	0	0	0	0	10360763	
235	1	B	5	N	2500	0	40	37	79	5	5	7	0	0	0	0	0	0	0	0	0	0	0	0	10361169	
236	1	B	5	N	2500	0	40	80	200	12	10	12	0	0	0	0	0	0	0	0	0	0	0	0	10363493	
237	1	B	5	N	2500	0	40	283	501	19	12	14	0	0	0	0	0	0	0	0	0	0	0	0	10363961	
238	1	B	5	N	2500	0	40	50	113	8	7	10	0	0	0	0	0	0	0	0	0	0	0	0	10364008	
239	1	B	5	N	2500	0	40	178	254	8	4	4	0	0	0	0	0	0	0	0	0	0	0	0	10364695	
240	1	B	5	N	2500	0	40	40	89	6	5	6	0	0	0	0	0	0	0	0	0	0	0	0	10365147	
241	1	B	5	N	2500	0	40	23	24	1	0	1	0	0	0	0	0	0	0	0	0	0	0	0	10365584	
242	1	B	5	N	2500	0	40	24	20	0	0	0	0	0	0	0	0	0	0	0	0	0	0	0	10365584	
243	1	B	5	N	2500	0	40	22	40	0	0	0	0	0	0	0	0	0	0	0	0	0	0	0	10365974	
244	1	B	5	N	2500	0	40	117	387	18	17	23	0	0	0	0	0	0	0	0	0	0	0	0	10366021	
245	1	B	6	N	2500	0	40	20	26	3	0	0	0	0	0	0	0	0	0	0	0	0	0	0	10375178	
246	1	B	6	N	2500	0	40	37	79	15	11	11	0	0	0	0	0	0	0	0	0	0	0	0	10381699	
247	1	B	7	N	2500	0	40	43	103	5	5	5	0	0	0	0	0	0	0	0	0	0	0	0	10388953	
248	1	B	7	N	2500	0	40	61	176	25	0	1	0	0	0	0	0	0	0	0	0	0	0	0	10389405	
249	1	B	7	N	2500	0	40	63	107	8	0	0	0	0	0	0	0	0	0	0	0	0	0	0	10389405	
250	1	B	7	N	2500	0	40	130	272	46	1	1	0	0	0	0	0	0	0	0	0	0	0	0	10389405	
251	1	B	7	N	2500	0	40	33	91	6	0	0	0	0	0	0	0	0	0	0	0	0	0	0	10389483	
252	1	B	7	N	2500	0	40	94	644	11	10	16	0	0	0	0	0	0	0	0	0	0	0	0	10389623	
253	1	B	7	N	2500	0	40	27	34	1	1	0	0	0	0	0	0	0	0	0	0	0	0	0	10389889	
254	1	B	7	N	2500	0	40	449	1288	60	24	20	0	0	0	0	0	0	0	0	0	0	0	0	10390029	
255	1	B	7	N	2500	0	40	37	44	3	0	0	0	0	0	0	0	0	0	0	0	0	0	0	10390263	
256	1	B	7	N	2500	0	40	435	1436	82	32	25	0	0	0	0	0	0	0	0	0	0	0	0	10391371	
257	1	B	7	N	2500	0	40	29	28	1	0	0	0	0	0	0	0	0	0	0	0	0	0	0	10391667	
258	1	B	7	N	2500	0	40	20	17	2	0	1	0	0	0	0	0	0	0	0	0	0	0	0	10391667	
259	1	B	7	N	2500	0	40	34	78	3	5	6	0	0	0	0	0	0	0	0	0	0	0	0	10393882	
260	1	B	7	N	2500	0	40	345	1531	94	35	26	0	0	0	0	0	0	0	0	0	0	0	0	10393945	
261	1	B	7	N	2500	0	40	29	33	2	1	2	0	0	0	0	0	0	0	0	0	0	0	0	10394147	
262	1	B	7	N	2500	0	40	27	38	1	0	0	0	0	0	0	0	0	0	0	0	0	0	0	10395957	
263	1	B	7	N	2500	0	40	57	198	13	13	13	0	0	0	0	0	0	0	0	0	0	0	0	10396097	
264	1	B	8	N	2500	0	40	28	70	5	0	0	0	0	0	0	0	0	0	0	0	0	0	0	10403819	
265	1	B	8	N	2500	0	40	385	924	41	17	15	0	0	0	0	0	0	0	0	0	0	0	0	10404802	
266	1	B	8	N	2500	0	40	23	30	0	1	1	0	0	0	0	0	0	0	0	0	0	0	0	10405067	
267	1	B	8	N	2500	0	40	33	34	1	0	1	0	0	0	0	0	0	0	0	0	0	0	0	10405863	
268	1	B	8	N	2500	0	40	21	36	3	3	3	0	0	0	0	0	0	0	0	0	0	0	0	10406534	
269	1	B	8	N	2500	0	40	67	107	4	3	3	0	0	0	0	0	0	0	0	0	0	0	0	10407017	
270	1	B	8	N	2500	0	40	20	25	0	0	1	0	0	0	0	0	0	0	0	0	0	0	0	10407595	
271	1	B	8	N	2500	0	40	21	21	1	0	0	0	0	0	0	0	0	0	0	0	0	0	0	10407813	
272	1	B	8	N	2500	0	40	53	47	2	1	1	0	0	0	0	0	0	0	0	0	0	0	0	10408265	
273	1	B	8	N	2500	0	40	29	89	7	6	7	0	0	0	0	0	0	0	0	0	0	0	0	10408983	
274	1	B	8	N	2500	0	40	269	1541	98	42	35	0	0	0	0	0	0	0	0	0	0	0	0	10409155	
275	1	B	8	N	2500	0	40	471	1066	56	24	22	0	0	0	0	0	0	0	0	0	0	0	0	10409170	
276	1	B	8	N	2500	0	40	23	44	1	1	1	0	0	0	0	0	0	0	0	0	0	0	0	10409264	
277	1	B	8	N	2500	0	40	44	108	8	2	3	0	0	0	0	0	0	0	0	0	0	0	0	10409342	
278	1	B	8	N	2500	0	40	419	1140	60	24	22	0	0	0	0	0	0	0	0	0	0	0	0	10409404	
279	1	B	8	N	2500	0	40	20	37	2	1	1	0	0	0	0	0	0	0	0	0	0	0	0	10409669	
280	1	B	8	N	2500	0	40	62	143	6	5	8	0	0	0	0	0	0	0	0	0	0	0	0	10410200	
281	1	B	8	N	2500	0	40	38	65	2	2	3	0	0	0	0	0	0	0	0	0	0	0	0	10410200	
282	1	B	8	N	2500	0	40	28	32	1	1	1	0	0	0	0	0	0	0	0	0	0	0	0	10410325	
283	1	B	8	N	2500	0	40	22	20	0	0	0	0	0	0	0	0	0	0	0	0	0	0	0	10410933	
284	1	B	8	N	2500	0	40	25	21	1	1	0	0	0	0	0	0	0	0	0	0	0	0	0	10411058	
285	1	B	8	N	2500	0	40	27	31	1	1	0	0	0	0	0	0	0	0	0	0	0	0	0	10411073	
286	1	B	9	N	2500	0	40	34	42	2	1	1	0	0	0	0	0	0	0	0	0	0	0	0	10418468	
287	1	B	9	N	2500	0	40	21	23	0	0	0	0	0	0	0	0	0	0	0	0	0	0	0	10420075	
288	1	B	9	N	2500	0	40	57	63	2	1	2	0	0	0	0	0	0	0	0	0	0	0	0	10420839	
289	1	B	9	N	2500	0	40	35	39	1	0	1	0	0	0	0	0	0	0	0	0	0	0	0	10420839	
290	1	B	9	N	2500	0	40	49	57	1	1	3	0	0	0	0	0	0	0	0	0	0	0	0	10420933	
291	1	B	9	N	2500	0	40	47	54	6	0	1	0	0	0	0	0	0	0	0	0	0	0	0	10420995	
292	1	B	9	N	2500	0	40	46	59	2	2	2	0	0	0	0	0	0	0	0	0	0	0	0	10421213	
293	1	B	9	N	2500	0	40	24	33	0	1	0	0	0	0	0	0	0	0	0	0	0	0	0	10421338	
294	1	B	9	N	2500	0	40	33	41	1	1	3	0	0	0	0	0	0	0	0	0	0	0	0	10421338	
295	1	B	9	N	2500	0	40	36	54	1	1	2	0	0	0	0	0	0	0	0	0	0	0	0	10421354	
296	1	B	9	N	2500	0	40	35	46	1	1	2	0	0	0	0	0	0	0	0	0	0	0	0	10421447	
297	1	B	9	N	2500	0	40	40	52	2	1	2	0	0	0	0	0	0	0	0	0	0	0	0	10421447	
298	1	B	9	N	2500	0	40	62	112	5	4	5	0	0	0	0	0	0	0	0	0	0	0	0	10421447	
299	1	B	9	N	2500	0	40	54	69	2	2	2	0	0	0	0	0	0	0	0	0	0	0	0	10421463	
300	1	B	9	N	2500	0	40	21	21	0	0	0	0	0	0	0	0	0	0	0	0	0	0	0	10421494	
301	1	B	9	N	2500	0	40	25	30	0	0	1	0	0	0	0	0	0	0	0	0	0	0	0	10421525	
302	1	B	9	N	2500	0	40	21	19	0	0	0	0	0	0	0	0	0	0	0	0	0	0	0	10421588	
303	1	B	9	N	2500	0	40	21	24	0	0	1	0	0	0	0	0	0	0	0	0	0	0	0	10421900	
304	1	B	9	N	2500	0	40	58	129	9	7	10	0	0	0	0	0	0	0	0	0	0	0	0	10421947	
305	1	B	9	N	2500	0	40	26	25	1	0	1	0	0	0	0	0	0	0	0	0	0	0	0	10422071	
306	1	B	9	N	2500	0	40	279	1166	61	28	24	0	0	0	0	0	0	0	0	0	0	0	0	10422227	
307	1	B	9	N	2500	0	40	28	71	40	46	83	0	0	0	0	0	0	0	0	0	0	0	0	10422227	
308	1	B	9	N	2500	0	40	33	42	1	0	1	0	0	0	0	0	0	0	0	0	0	0	0	10422259	
309	1	B	9	N	2500	0	40	75	265	21	19	21	0	0	0	0	0	0	0	0	0	0	0	0	10422352	
310	1	B	9	N	2500	0	40	382	759	31	14	18	0	0	0	0	0	0	0	0	0	0	0	0	10422571	
311	1	B	9	N	2500	0	40	332	707	25	13	14	0	0	0	0	0	0	0	0	0	0	0	0	10422617	
312	1	B	9	N	2500	0	40	357	840	32	15	17	0	0	0	0	0	0	0	0	0	0	0	0	10422758	
313	1	B	9	N	2500	0	40	433	1381	85	37	36	0	0	0	0	0	0	0	0	0	0	0	0	10423319	
314	1	B	9	N	2500	0	40	373	1364	96	34	31	0	0	0	0	0	0	0	0	0	0	0	0	10423772	
315	1	B	9	N	2500	0	40	37	38	1	1	0	0	0	0	0	0	0	0	0	0	0	0	0	10423975	
316	1	B	9	N	2500	0	40	26	27	1	0	1	0	0	0	0	0	0	0	0	0	0	0	0	10424099	
317	1	B	9	N	2500	0	40	90	133	5	5	7	0	0	0	0	0	0	0	0	0	0	0	0	10424302	
318	1	B	9	N	2500	0	40	46	72	2	2	3	0	0	0	0	0	0	0	0	0	0	0	0	10424302	
319	1	B	9	N	2500	0	40	51	96	5	4	4	0	0	0	0	0	0	0	0	0	0	0	0	10424318	
320	1	B	9	N	2500	0	40	21	25	0	0	1	0	0	0	0	0	0	0	0	0	0	0	0	10424318	
321	1	B	9	N	2500	0	40	42	63	3	2	1	0	0	0	0	0	0	0	0	0	0	0	0	10425332	
322	1	B	9	N	2500	0	40	27	44	2	1	1	0	0	0	0	0	0	0	0	0	0	0	0	10425519	
323	1	B	10	N	2500	0	40	29	27	0	0	0	0	0	0	0	0	0	0	0	0	0	0	0	10433709	
324	1	B	10	N	2500	0	40	64	172	8	6	8	0	0	0	0	0	0	0	0	0	0	0	0	10433709	
325	1	B	10	N	2500	0	40	34	57	2	2	2	0	0	0	0	0	0	0	0	0	0	0	0	10433709	
326	1	B	10	N	2500	0	40	59	67	1	1	0	0	0	0	0	0	0	0	0	0	0	0	0	10434255	
327	1	B	10	N	2500	0	40	31	62	2	3	3	0	0	0	0	0	0	0	0	0	0	0	0	10434349	
328	1	B	10	N	2500	0	40	23	25	0	0	1	0	0	0	0	0	0	0	0	0	0	0	0	10434520	
329	1	B	10	N	2500	0	40	296	625	36	13	12	0	0	0	0	0	0	0	0	0	0	0	0	10434645	
330	1	B	10	N	2500	0	40	28	39	1	1	2	0	0	0	0	0	0	0	0	0	0	0	0	10434973	
331	1	B	10	N	2500	0	40	43	94	3	3	4	0	0	0	0	0	0	0	0	0	0	0	0	10435082	
332	1	B	10	N	2500	0	40	27	41	2	1	2	0	0	0	0	0	0	0	0	0	0	0	0	10435113	
333	1	B	10	N	2500	0	40	27	37	1	1	1	0	0	0	0	0	0	0	0	0	0	0	0	10435472	
334	1	B	10	N	2500	0	40	23	23	0	0	0	0	0	0	0	0	0	0	0	0	0	0	0	10435519	
335	1	B	10	N	2500	0	40	31	59	6	5	6	0	0	0	0	0	0	0	0	0	0	0	0	10435581	
336	1	B	10	N	2500	0	40	25	29	0	1	1	0	0	0	0	0	0	0	0	0	0	0	0	10435612	
337	1	B	10	N	2500	0	40	32	40	1	1	1	0	0	0	0	0	0	0	0	0	0	0	0	10435784	
338	1	B	10	N	2500	0	40	41	90	3	3	6	0	0	0	0	0	0	0	0	0	0	0	0	10436033	
339	1	B	10	N	2500	0	40	28	38	1	1	1	0	0	0	0	0	0	0	0	0	0	0	0	10436720	
340	1	B	10	N	2500	0	40	30	44	1	1	1	0	0	0	0	0	0	0	0	0	0	0	0	10436813	
341	1	B	10	N	2500	0	40	21	30	1	0	1	0	0	0	0	0	0	0	0	0	0	0	0	10436813	
342	1	B	10	N	2500	0	40	301	615	21	12	14	0	0	0	0	0	0	0	0	0	0	0	0	10437016	
343	1	B	10	N	2500	0	40	27	43	2	2	1	0	0	0	0	0	0	0	0	0	0	0	0	10437032	
344	1	B	10	N	2500	0	40	35	53	2	1	2	0	0	0	0	0	0	0	0	0	0	0	0	10437125	
345	1	B	10	N	2500	0	40	20	20	0	1	0	0	0	0	0	0	0	0	0	0	0	0	0	10437905	
346	1	B	10	N	2500	0	40	24	36	1	1	2	0	0	0	0	0	0	0	0	0	0	0	0	10438077	
347	1	B	10	N	2500	0	40	25	24	0	0	0	0	0	0	0	0	0	0	0	0	0	0	0	10438654	
348	1	B	10	N	2500	0	40	88	339	35	34	38	0	0	0	0	0	0	0	0	0	0	0	0	10438701	
349	1	B	10	N	2500	0	40	46	94	6	6	8	0	0	0	0	0	0	0	0	0	0	0	0	10438748	
350	1	B	10	N	2500	0	40	88	222	9	10	12	0	0	0	0	0	0	0	0	0	0	0	0	10439185	
351	1	B	10	N	2500	0	40	339	656	22	11	14	0	0	0	0	0	0	0	0	0	0	0	0	10439263	
352	1	B	10	N	2500	0	40	310	643	30	12	13	0	0	0	0	0	0	0	0	0	0	0	0	10439419	
353	1	B	10	N	2500	0	40	408	831	40	18	21	0	0	0	0	0	0	0	0	0	0	0	0	10439731	
354	1	B	10	N	2500	0	40	34	58	2	2	2	0	0	0	0	0	0	0	0	0	0	0	0	10439762	
355	1	B	10	N	2500	0	40	66	164	12	11	14	0	0	0	0	0	0	0	0	0	0	0	0	10439793	
356	1	B	10	N	2500	0	40	57	168	15	17	20	0	0	0	0	0	0	0	0	0	0	0	0	10439809	
357	1	B	11	N	2500	0	40	50	56	2	2	3	0	0	0	0	0	0	0	0	0	0	0	0	10448591	
358	1	B	11	N	2500	0	40	25	45	3	2	2	0	0	0	0	0	0	0	0	0	0	0	0	10448935	
359	1	B	11	N	2500	0	40	118	412	24	20	25	0	0	0	0	0	0	0	0	0	0	0	0	10449746	
360	1	B	11	N	2500	0	40	27	26	0	0	0	0	0	0	0	0	0	0	0	0	0	0	0	10449746	
361	1	B	11	N	2500	0	40	22	47	2	2	2	0	0	0	0	0	0	0	0	0	0	0	0	10450495	
362	1	B	11	N	2500	0	40	20	36	4	5	4	0	0	0	0	0	0	0	0	0	0	0	0	10450541	
363	1	B	11	N	2500	0	40	20	29	1	1	1	0	0	0	0	0	0	0	0	0	0	0	0	10450557	
364	1	B	11	N	2500	0	40	176	461	19	10	10	0	0	0	0	0	0	0	0	0	0	0	0	10450931	
365	1	B	11	N	2500	0	40	281	499	18	11	12	0	0	0	0	0	0	0	0	0	0	0	0	10451041	
366	1	B	11	N	2500	0	40	21	20	0	0	0	0	0	0	0	0	0	0	0	0	0	0	0	10451056	
367	1	B	11	N	2500	0	40	374	680	25	15	17	0	0	0	0	0	0	0	0	0	0	0	0	10451384	
368	1	B	11	N	2500	0	40	20	22	1	0	1	0	0	0	0	0	0	0	0	0	0	0	0	10451431	
369	1	B	11	N	2500	0	40	44	63	2	1	2	0	0	0	0	0	0	0	0	0	0	0	0	10451618	
370	1	B	11	N	2500	0	40	45	79	3	2	2	0	0	0	0	0	0	0	0	0	0	0	0	10451836	
371	1	B	11	N	2500	0	40	28	54	5	4	5	0	0	0	0	0	0	0	0	0	0	0	0	10451992	
372	1	B	11	N	2500	0	40	31	47	0	0	0	0	0	0	0	0	0	0	0	0	0	0	0	10452023	
373	1	B	11	N	2500	0	40	21	18	0	0	1	0	0	0	0	0	0	0	0	0	0	0	0	10452694	
374	1	B	11	N	2500	0	40	25	28	1	0	0	0	0	0	0	0	0	0	0	0	0	0	0	10452944	
375	1	B	11	N	2500	0	40	126	160	6	3	5	0	0	0	0	0	0	0	0	0	0	0	0	10453349	
376	1	B	11	N	2500	0	40	43	86	6	5	9	0	0	0	0	0	0	0	0	0	0	0	0	10453615	
377	1	B	11	N	2500	0	40	181	576	30	16	17	0	0	0	0	0	0	0	0	0	0	0	0	10453630	
378	1	B	11	N	2500	0	40	28	28	1	1	1	0	0	0	0	0	0	0	0	0	0	0	0	10454239	
379	1	B	11	N	2500	0	40	175	338	18	9	7	0	0	0	0	0	0	0	0	0	0	0	0	10454285	
380	1	B	11	N	2500	0	40	30	38	1	1	2	0	0	0	0	0	0	0	0	0	0	0	0	10454363	
381	1	B	12	N	2500	0	40	38	72	3	3	5	0	0	0	0	0	0	0	0	0	0	0	0	10462507	
382	1	B	12	N	2500	0	40	22	19	0	0	0	0	0	0	0	0	0	0	0	0	0	0	0	10462897	
383	1	B	12	N	2500	0	40	250	329	12	6	6	0	0	0	0	0	0	0	0	0	0	0	0	10464675	
384	1	B	12	N	2500	0	40	162	352	9	5	7	0	0	0	0	0	0	0	0	0	0	0	0	10465642	
385	1	C	1	N	2500	0	40	432	3172	1124	8	7	0	0	0	0	0	0	0	0	0	0	0	0	10478668	
386	1	C	1	N	2500	0	40	327	1655	83	45	35	0	0	0	0	0	0	0	0	0	0	0	0	10479214	
387	1	C	1	N	2500	0	40	45	61	2	2	4	0	0	0	0	0	0	0	0	0	0	0	0	10479495	
388	1	C	1	N	2500	0	40	23	26	8	5	6	0	0	0	0	0	0	0	0	0	0	0	0	10479526	
389	1	C	1	N	2500	0	40	439	1399	87	30	26	0	0	0	0	0	0	0	0	0	0	0	0	10479542	
390	1	C	1	N	2500	0	40	24	28	0	0	0	0	0	0	0	0	0	0	0	0	0	0	0	10479714	
391	1	C	1	N	2500	0	40	43	81	3	2	3	0	0	0	0	0	0	0	0	0	0	0	0	10479807	
392	1	C	1	N	2500	0	40	27	46	3	0	0	0	0	0	0	0	0	0	0	0	0	0	0	10479823	
393	1	C	1	N	2500	0	40	40	135	12	0	0	0	0	0	0	0	0	0	0	0	0	0	0	10479901	
394	1	C	1	N	2500	0	40	56	61	6	1	0	0	0	0	0	0	0	0	0	0	0	0	0	10479979	
395	1	C	1	N	2500	0	40	86	118	8	2	1	0	0	0	0	0	0	0	0	0	0	0	0	10479994	
396	1	C	1	N	2500	0	40	35	52	2	0	1	0	0	0	0	0	0	0	0	0	0	0	0	10479994	
397	1	C	1	N	2500	0	40	106	204	19	4	3	0	0	0	0	0	0	0	0	0	0	0	0	10479994	
398	1	C	1	N	2500	0	40	43	137	12	1	1	0	0	0	0	0	0	0	0	0	0	0	0	10479994	
399	1	C	1	N	2500	0	40	26	44	4	5	5	0	0	0	0	0	0	0	0	0	0	0	0	10480072	
400	1	C	1	N	2500	0	40	21	31	1	1	0	0	0	0	0	0	0	0	0	0	0	0	0	10480088	
401	1	C	1	N	2500	0	40	30	55	4	3	3	0	0	0	0	0	0	0	0	0	0	0	0	10480197	
402	1	C	1	N	2500	0	40	27	32	1	1	1	0	0	0	0	0	0	0	0	0	0	0	0	10480275	
403	1	C	1	N	2500	0	40	399	1362	71	31	26	0	0	0	0	0	0	0	0	0	0	0	0	10480306	
404	1	C	1	N	2500	0	40	42	45	3	1	0	0	0	0	0	0	0	0	0	0	0	0	0	10480353	
405	1	C	1	N	2500	0	40	46	71	5	1	1	0	0	0	0	0	0	0	0	0	0	0	0	10480416	
406	1	C	1	N	2500	0	40	103	194	16	5	4	0	0	0	0	0	0	0	0	0	0	0	0	10480509	
407	1	C	1	N	2500	0	40	22	34	0	0	0	0	0	0	0	0	0	0	0	0	0	0	0	10480806	
408	1	C	1	N	2500	0	40	49	61	3	1	3	0	0	0	0	0	0	0	0	0	0	0	0	10480852	
409	1	C	1	N	2500	0	40	48	104	6	7	7	0	0	0	0	0	0	0	0	0	0	0	0	10481008	
410	1	C	1	N	2500	0	40	40	63	4	0	0	0	0	0	0	0	0	0	0	0	0	0	0	10481196	
411	1	C	1	N	2500	0	40	424	1367	75	28	25	0	0	0	0	0	0	0	0	0	0	0	0	10481196	
412	1	C	1	N	2500	0	40	44	77	3	2	2	0	0	0	0	0	0	0	0	0	0	0	0	10481258	
413	1	C	1	N	2500	0	40	20	19	0	1	0	0	0	0	0	0	0	0	0	0	0	0	0	10481258	
414	1	C	1	N	2500	0	40	35	34	2	0	0	0	0	0	0	0	0	0	0	0	0	0	0	10481320	
415	1	C	1	N	2500	0	40	37	70	3	2	2	0	0	0	0	0	0	0	0	0	0	0	0	10481352	
416	1	C	1	N	2500	0	40	89	183	15	3	2	0	0	0	0	0	0	0	0	0	0	0	0	10481866	
417	1	C	1	N	2500	0	40	57	137	15	2	0	0	0	0	0	0	0	0	0	0	0	0	0	10481866	
418	1	C	1	N	2500	0	40	310	1531	114	43	32	0	0	0	0	0	0	0	0	0	0	0	0	10482178	
419	1	C	1	N	2500	0	40	397	1380	72	30	26	0	0	0	0	0	0	0	0	0	0	0	0	10482178	
420	1	C	1	N	2500	0	40	25	43	1	0	0	0	0	0	0	0	0	0	0	0	0	0	0	10482210	
421	1	C	1	N	2500	0	40	27	55	2	2	2	0	0	0	0	0	0	0	0	0	0	0	0	10482210	
422	1	C	1	N	2500	0	40	25	42	0	0	0	0	0	0	0	0	0	0	0	0	0	0	0	10482428	
423	1	C	1	N	2500	0	40	488	1544	90	35	29	0	0	0	0	0	0	0	0	0	0	0	0	10482428	
424	1	C	1	N	2500	0	40	393	1655	83	53	44	0	0	0	0	0	0	0	0	0	0	0	0	10482584	
425	1	C	1	N	2500	0	40	490	1583	73	36	28	0	0	0	0	0	0	0	0	0	0	0	0	10482709	
426	1	C	1	N	2500	0	40	444	1382	69	31	26	0	0	0	0	0	0	0	0	0	0	0	0	10482896	
427	1	C	1	N	2500	0	40	57	123	4	4	4	0	0	0	0	0	0	0	0	0	0	0	0	10483021	
428	1	C	1	N	2500	0	40	46	123	6	5	6	0	0	0	0	0	0	0	0	0	0	0	0	10483146	
429	1	C	1	N	2500	0	40	419	1456	74	33	28	0	0	0	0	0	0	0	0	0	0	0	0	10483458	
430	1	C	1	N	2500	0	40	31	52	3	1	1	0	0	0	0	0	0	0	0	0	0	0	0	10483598	
431	1	C	1	N	2500	0	40	33	34	1	0	0	0	0	0	0	0	0	0	0	0	0	0	0	10483598	
432	1	C	1	N	2500	0	40	26	29	1	0	1	0	0	0	0	0	0	0	0	0	0	0	0	10483816	
433	1	C	1	N	2500	0	40	462	1467	70	33	30	0	0	0	0	0	0	0	0	0	0	0	0	10484004	
434	1	C	1	N	2500	0	40	20	29	1	1	1	0	0	0	0	0	0	0	0	0	0	0	0	10484019	
435	1	C	1	N	2500	0	40	76	102	7	3	2	0	0	0	0	0	0	0	0	0	0	0	0	10484175	
436	1	C	1	N	2500	0	40	23	25	0	0	0	0	0	0	0	0	0	0	0	0	0	0	0	10485298	
437	1	C	1	N	2500	0	40	340	1253	86	40	32	0	0	0	0	0	0	0	0	0	0	0	0	10485501	
438	1	C	1	N	2500	0	40	24	32	2	0	0	0	0	0	0	0	0	0	0	0	0	0	0	10485564	
439	1	C	1	N	2500	0	40	38	67	3	3	1	0	0	0	0	0	0	0	0	0	0	0	0	10485938	
440	1	C	2	N	2500	0	40	376	935	43	19	19	0	0	0	0	0	0	0	0	0	0	0	0	10493270	
441	1	C	2	N	2500	0	40	75	196	14	0	1	0	0	0	0	0	0	0	0	0	0	0	0	10493317	
442	1	C	2	N	2500	0	40	33	41	1	1	1	0	0	0	0	0	0	0	0	0	0	0	0	10494003	
443	1	C	2	N	2500	0	40	68	282	31	1	1	0	0	0	0	0	0	0	0	0	0	0	0	10494081	
444	1	C	2	N	2500	0	40	95	149	5	6	7	0	0	0	0	0	0	0	0	0	0	0	0	10495142	
445	1	C	2	N	2500	0	40	35	56	2	2	2	0	0	0	0	0	0	0	0	0	0	0	0	10495142	
446	1	C	2	N	2500	0	40	27	37	1	1	1	0	0	0	0	0	0	0	0	0	0	0	0	10495236	
447	1	C	2	N	2500	0	40	32	35	1	1	0	0	0	0	0	0	0	0	0	0	0	0	0	10495704	
448	1	C	2	N	2500	0	40	32	42	1	1	2	0	0	0	0	0	0	0	0	0	0	0	0	10495735	
449	1	C	2	N	2500	0	40	40	63	2	2	3	0	0	0	0	0	0	0	0	0	0	0	0	10495860	
450	1	C	2	N	2500	0	40	52	72	3	2	2	0	0	0	0	0	0	0	0	0	0	0	0	10495860	
451	1	C	2	N	2500	0	40	22	20	1	0	1	0	0	0	0	0	0	0	0	0	0	0	0	10496031	
452	1	C	2	N	2500	0	40	399	821	40	16	16	0	0	0	0	0	0	0	0	0	0	0	0	10496062	
453	1	C	2	N	2500	0	40	24	24	1	0	0	0	0	0	0	0	0	0	0	0	0	0	0	10496078	
454	1	C	2	N	2500	0	40	26	28	0	1	0	0	0	0	0	0	0	0	0	0	0	0	0	10496374	
455	1	C	2	N	2500	0	40	44	93	9	1	0	0	0	0	0	0	0	0	0	0	0	0	0	10496452	
456	1	C	2	N	2500	0	40	336	1042	67	26	24	0	0	0	0	0	0	0	0	0	0	0	0	10496749	
457	1	C	2	N	2500	0	40	59	83	4	3	3	0	0	0	0	0	0	0	0	0	0	0	0	10496858	
458	1	C	2	N	2500	0	40	32	50	1	1	2	0	0	0	0	0	0	0	0	0	0	0	0	10497014	
459	1	C	2	N	2500	0	40	55	94	4	3	3	0	0	0	0	0	0	0	0	0	0	0	0	10497014	
460	1	C	2	N	2500	0	40	443	1206	79	28	30	0	0	0	0	0	0	0	0	0	0	0	0	10497388	
461	1	C	2	N	2500	0	40	22	19	0	0	0	0	0	0	0	0	0	0	0	0	0	0	0	10497420	
462	1	C	2	N	2500	0	40	36	45	2	1	2	0	0	0	0	0	0	0	0	0	0	0	0	10497700	
463	1	C	2	N	2500	0	40	22	21	0	0	1	0	0	0	0	0	0	0	0	0	0	0	0	10497700	
464	1	C	2	N	2500	0	40	485	1454	86	34	38	0	0	0	0	0	0	0	0	0	0	0	0	10497794	
465	1	C	2	N	2500	0	40	48	59	3	3	5	0	0	0	0	0	0	0	0	0	0	0	0	10497810	
466	1	C	2	N	2500	0	40	402	1132	66	27	24	0	0	0	0	0	0	0	0	0	0	0	0	10497919	
467	1	C	2	N	2500	0	40	67	124	5	3	5	0	0	0	0	0	0	0	0	0	0	0	0	10497966	
468	1	C	2	N	2500	0	40	83	172	8	7	8	0	0	0	0	0	0	0	0	0	0	0	0	10497966	
469	1	C	2	N	2500	0	40	85	219	9	9	12	0	0	0	0	0	0	0	0	0	0	0	0	10497966	
470	1	C	2	N	2500	0	40	24	23	1	0	1	0	0	0	0	0	0	0	0	0	0	0	0	10497966	
471	1	C	2	N	2500	0	40	35	40	1	1	1	0	0	0	0	0	0	0	0	0	0	0	0	10497966	
472	1	C	2	N	2500	0	40	49	91	3	2	3	0	0	0	0	0	0	0	0	0	0	0	0	10498184	
473	1	C	2	N	2500	0	40	40	107	4	5	6	0	0	0	0	0	0	0	0	0	0	0	0	10498543	
474	1	C	2	N	2500	0	40	21	20	0	0	0	0	0	0	0	0	0	0	0	0	0	0	0	10498590	
475	1	C	2	N	2500	0	40	387	1092	59	26	23	0	0	0	0	0	0	0	0	0	0	0	0	10498761	
476	1	C	2	N	2500	0	40	24	20	0	0	1	0	0	0	0	0	0	0	0	0	0	0	0	10498761	
477	1	C	2	N	2500	0	40	23	30	0	0	1	0	0	0	0	0	0	0	0	0	0	0	0	10498917	
478	1	C	2	N	2500	0	40	50	73	4	3	4	0	0	0	0	0	0	0	0	0	0	0	0	10499182	
479	1	C	2	N	2500	0	40	376	894	47	18	15	0	0	0	0	0	0	0	0	0	0	0	0	10499214	
480	1	C	2	N	2500	0	40	58	65	2	2	2	0	0	0	0	0	0	0	0	0	0	0	0	10499338	
481	1	C	2	N	2500	0	40	374	1037	58	24	24	0	0	0	0	0	0	0	0	0	0	0	0	10500103	
482	1	C	2	N	2500	0	40	486	1268	74	28	23	0	0	0	0	0	0	0	0	0	0	0	0	10500118	
483	1	C	2	N	2500	0	40	61	86	3	2	2	0	0	0	0	0	0	0	0	0	0	0	0	10500774	
484	1	C	3	N	2500	0	40	26	36	3	0	0	0	0	0	0	0	0	0	0	0	0	0	0	10508012	
485	1	C	3	N	2500	0	40	62	62	4	4	4	0	0	0	0	0	0	0	0	0	0	0	0	10508106	
486	1	C	3	N	2500	0	40	437	1053	64	27	26	0	0	0	0	0	0	0	0	0	0	0	0	10508308	
487	1	C	3	N	2500	0	40	522	1741	119	47	42	0	0	0	0	0	0	0	0	0	0	0	0	10508886	
488	1	C	3	N	2500	0	40	361	901	37	19	19	0	0	0	0	0	0	0	0	0	0	0	0	10508917	
489	1	C	3	N	2500	0	40	358	959	44	21	20	0	0	0	0	0	0	0	0	0	0	0	0	10509198	
490	1	C	3	N	2500	0	40	127	279	54	3	3	0	0	0	0	0	0	0	0	0	0	0	0	10509213	
491	1	C	3	N	2500	0	40	175	523	72	4	5	0	0	0	0	0	0	0	0	0	0	0	0	10509213	
492	1	C	3	N	2500	0	40	575	1447	69	38	35	0	0	0	0	0	0	0	0	0	0	0	0	10509900	
493	1	C	3	N	2500	0	40	36	56	5	6	9	0	0	0	0	0	0	0	0	0	0	0	0	10510570	
494	1	C	3	N	2500	0	40	369	956	48	25	22	0	0	0	0	0	0	0	0	0	0	0	0	10511444	
495	1	C	3	N	2500	0	40	217	897	41	19	15	0	0	0	0	0	0	0	0	0	0	0	0	10512099	
496	1	C	3	N	2500	0	40	24	47	1	1	1	0	0	0	0	0	0	0	0	0	0	0	0	10512130	
497	1	C	3	N	2500	0	40	246	1079	56	28	26	0	0	0	0	0	0	0	0	0	0	0	0	10512474	
498	1	C	3	N	2500	0	40	23	20	1	1	2	0	0	0	0	0	0	0	0	0	0	0	0	10512973	
499	1	C	3	N	2500	0	40	54	163	18	19	21	0	0	0	0	0	0	0	0	0	0	0	0	10513066	
500	1	C	3	N	2500	0	40	352	871	38	21	20	0	0	0	0	0	0	0	0	0	0	0	0	10513144	
501	1	C	3	N	2500	0	40	376	1078	60	22	23	0	0	0	0	0	0	0	0	0	0	0	0	10513222	
502	1	C	3	N	2500	0	40	41	92	5	5	6	0	0	0	0	0	0	0	0	0	0	0	0	10513441	
503	1	C	3	N	2500	0	40	36	36	3	1	0	0	0	0	0	0	0	0	0	0	0	0	0	10514034	
504	1	C	3	N	2500	0	40	32	43	4	1	0	0	0	0	0	0	0	0	0	0	0	0	0	10514034	
505	1	C	3	N	2500	0	40	56	140	8	0	0	0	0	0	0	0	0	0	0	0	0	0	0	10514283	
506	1	C	4	N	2500	0	40	86	196	13	3	3	0	0	0	0	0	0	0	0	0	0	0	0	10523144	
507	1	C	4	N	2500	0	40	85	235	41	3	2	0	0	0	0	0	0	0	0	0	0	0	0	10523394	
508	1	C	4	N	2500	0	40	93	175	13	1	2	0	0	0	0	0	0	0	0	0	0	0	0	10523596	
509	1	C	4	N	2500	0	40	39	49	4	0	0	0	0	0	0	0	0	0	0	0	0	0	0	10523643	
510	1	C	4	N	2500	0	40	35	61	5	0	0	0	0	0	0	0	0	0	0	0	0	0	0	10523784	
511	1	C	4	N	2500	0	40	389	830	40	19	19	0	0	0	0	0	0	0	0	0	0	0	0	10524080	
512	1	C	4	N	2500	0	40	318	700	26	15	16	0	0	0	0	0	0	0	0	0	0	0	0	10525141	
513	1	C	4	N	2500	0	40	58	72	2	1	1	0	0	0	0	0	0	0	0	0	0	0	0	10525172	
514	1	C	4	N	2500	0	40	218	789	34	21	21	0	0	0	0	0	0	0	0	0	0	0	0	10525500	
515	1	C	4	N	2500	0	40	320	751	31	15	14	0	0	0	0	0	0	0	0	0	0	0	0	10525687	
516	1	C	4	N	2500	0	40	33	53	2	1	1	0	0	0	0	0	0	0	0	0	0	0	0	10525780	
517	1	C	4	N	2500	0	40	317	702	23	14	17	0	0	0	0	0	0	0	0	0	0	0	0	10528120	
518	1	C	4	N	2500	0	40	413	932	43	21	20	0	0	0	0	0	0	0	0	0	0	0	0	10528620	
519	1	C	4	N	2500	0	40	369	869	48	21	24	0	0	0	0	0	0	0	0	0	0	0	0	10528760	
520	1	C	4	N	2500	0	40	42	90	4	5	4	0	0	0	0	0	0	0	0	0	0	0	0	10529540	
521	1	C	5	N	2500	0	40	21	34	2	1	1	0	0	0	0	0	0	0	0	0	0	0	0	10537621	
522	1	C	5	N	2500	0	40	21	21	1	0	0	0	0	0	0	0	0	0	0	0	0	0	0	10537761	
523	1	C	5	N	2500	0	40	22	31	1	0	0	0	0	0	0	0	0	0	0	0	0	0	0	10540164	
524	1	C	5	N	2500	0	40	264	358	19	8	8	0	0	0	0	0	0	0	0	0	0	0	0	10540210	
525	1	C	5	N	2500	0	40	199	291	9	5	7	0	0	0	0	0	0	0	0	0	0	0	0	10540538	
526	1	C	5	N	2500	0	40	209	768	33	20	19	0	0	0	0	0	0	0	0	0	0	0	0	10541162	
527	1	C	5	N	2500	0	40	221	461	18	15	14	0	0	0	0	0	0	0	0	0	0	0	0	10541224	
528	1	C	5	N	2500	0	40	26	37	2	2	2	0	0	0	0	0	0	0	0	0	0	0	0	10541677	
529	1	C	5	N	2500	0	40	45	50	3	4	6	0	0	0	0	0	0	0	0	0	0	0	0	10542722	
530	1	C	5	N	2500	0	40	214	328	10	6	8	0	0	0	0	0	0	0	0	0	0	0	0	10544001	
531	1	C	5	N	2500	0	40	287	526	19	10	13	0	0	0	0	0	0	0	0	0	0	0	0	10544095	
532	1	C	5	N	2500	0	40	259	389	10	8	8	0	0	0	0	0	0	0	0	0	0	0	0	10544220	
533	1	C	6	N	2500	0	40	21	39	3	3	3	0	0	0	0	0	0	0	0	0	0	0	0	10556372	
534	1	C	6	N	2500	0	40	20	17	0	0	0	0	0	0	0	0	0	0	0	0	0	0	0	10559492	
535	1	C	7	N	2500	0	40	482	1646	80	39	27	0	0	0	0	0	0	0	0	0	0	0	0	10566840	
536	1	C	7	N	2500	0	40	57	58	4	0	0	0	0	0	0	0	0	0	0	0	0	0	0	10567526	
537	1	C	7	N	2500	0	40	52	129	6	6	6	0	0	0	0	0	0	0	0	0	0	0	0	10567947	
538	1	C	7	N	2500	0	40	426	1336	68	28	24	0	0	0	0	0	0	0	0	0	0	0	0	10568758	
539	1	C	7	N	2500	0	40	39	36	1	2	2	0	0	0	0	0	0	0	0	0	0	0	0	10569882	
540	1	C	7	N	2500	0	40	24	27	1	1	1	0	0	0	0	0	0	0	0	0	0	0	0	10570209	
541	1	C	7	N	2500	0	40	481	1365	74	38	30	0	0	0	0	0	0	0	0	0	0	0	0	10570693	
542	1	C	7	N	2500	0	40	454	1471	74	37	32	0	0	0	0	0	0	0	0	0	0	0	0	10571005	
543	1	C	7	N	2500	0	40	373	1643	93	44	38	0	0	0	0	0	0	0	0	0	0	0	0	10571098	
544	1	C	7	N	2500	0	40	497	1394	64	34	28	0	0	0	0	0	0	0	0	0	0	0	0	10571145	
545	1	C	7	N	2500	0	40	413	1701	88	48	42	0	0	0	0	0	0	0	0	0	0	0	0	10571239	
546	1	C	7	N	2500	0	40	459	1428	62	33	29	0	0	0	0	0	0	0	0	0	0	0	0	10571395	
547	1	C	7	N	2500	0	40	385	1129	59	24	18	0	0	0	0	0	0	0	0	0	0	0	0	10571566	
548	1	C	7	N	2500	0	40	648	2179	112	55	48	0	0	0	0	0	0	0	0	0	0	0	0	10571894	
549	1	C	7	N	2500	0	40	40	101	5	6	7	0	0	0	0	0	0	0	0	0	0	0	0	10571956	
550	1	C	7	N	2500	0	40	476	1754	115	43	31	0	0	0	0	0	0	0	0	0	0	0	0	10572190	
551	1	C	7	N	2500	0	40	51	156	8	10	11	0	0	0	0	0	0	0	0	0	0	0	0	10572393	
552	1	C	7	N	2500	0	40	491	1570	78	42	39	0	0	0	0	0	0	0	0	0	0	0	0	10572456	
553	1	C	7	N	2500	0	40	23	25	1	1	2	0	0	0	0	0	0	0	0	0	0	0	0	10573033	
554	1	C	7	N	2500	0	40	31	52	9	11	12	0	0	0	0	0	0	0	0	0	0	0	0	10573267	
555	1	C	7	N	2500	0	40	21	20	0	1	2	0	0	0	0	0	0	0	0	0	0	0	0	10573298	
556	1	C	7	N	2500	0	40	31	51	3	3	4	0	0	0	0	0	0	0	0	0	0	0	0	10573672	
557	1	C	8	N	2500	0	40	116	507	67	64	76	0	0	0	0	0	0	0	0	0	0	0	0	10582705	
558	1	C	8	N	2500	0	40	67	87	8	3	2	0	0	0	0	0	0	0	0	0	0	0	0	10583017	
559	1	C	8	N	2500	0	40	264	1103	61	30	26	0	0	0	0	0	0	0	0	0	0	0	0	10583157	
560	1	C	8	N	2500	0	40	557	1543	106	43	35	0	0	0	0	0	0	0	0	0	0	0	0	10583376	
561	1	C	8	N	2500	0	40	379	1009	46	20	19	0	0	0	0	0	0	0	0	0	0	0	0	10583422	
562	1	C	8	N	2500	0	40	403	1077	52	23	20	0	0	0	0	0	0	0	0	0	0	0	0	10584967	
563	1	C	8	N	2500	0	40	397	1116	52	22	24	0	0	0	0	0	0	0	0	0	0	0	0	10584967	
564	1	C	8	N	2500	0	40	389	1138	58	26	20	0	0	0	0	0	0	0	0	0	0	0	0	10585029	
565	1	C	8	N	2500	0	40	440	1047	54	23	22	0	0	0	0	0	0	0	0	0	0	0	0	10585482	
566	1	C	8	N	2500	0	40	20	28	1	1	1	0	0	0	0	0	0	0	0	0	0	0	0	10585544	
567	1	C	8	N	2500	0	40	235	1024	50	28	22	0	0	0	0	0	0	0	0	0	0	0	0	10585840	
568	1	C	8	N	2500	0	40	331	1113	66	26	24	0	0	0	0	0	0	0	0	0	0	0	0	10585950	
569	1	C	8	N	2500	0	40	37	56	4	4	5	0	0	0	0	0	0	0	0	0	0	0	0	10586012	
570	1	C	8	N	2500	0	40	259	986	50	25	19	0	0	0	0	0	0	0	0	0	0	0	0	10586090	
571	1	C	8	N	2500	0	40	374	929	46	20	18	0	0	0	0	0	0	0	0	0	0	0	0	10586277	
572	1	C	8	N	2500	0	40	232	899	41	20	18	0	0	0	0	0	0	0	0	0	0	0	0	10586293	
573	1	C	8	N	2500	0	40	39	54	2	2	2	0	0	0	0	0	0	0	0	0	0	0	0	10586480	
574	1	C	8	N	2500	0	40	33	50	2	2	2	0	0	0	0	0	0	0	0	0	0	0	0	10586574	
575	1	C	8	N	2500	0	40	436	1256	69	28	25	0	0	0	0	0	0	0	0	0	0	0	0	10586605	
576	1	C	8	N	2500	0	40	44	100	6	5	6	0	0	0	0	0	0	0	0	0	0	0	0	10587182	
577	1	C	8	N	2500	0	40	52	113	15	17	16	0	0	0	0	0	0	0	0	0	0	0	0	10588071	
578	1	C	8	N	2500	0	40	38	104	5	6	7	0	0	0	0	0	0	0	0	0	0	0	0	10588149	
579	1	C	8	N	2500	0	40	23	22	0	0	1	0	0	0	0	0	0	0	0	0	0	0	0	10588555	
580	1	C	9	N	2500	0	40	54	48	4	0	1	0	0	0	0	0	0	0	0	0	0	0	0	10596745	
581	1	C	9	N	2500	0	40	25	33	2	0	0	0	0	0	0	0	0	0	0	0	0	0	0	10598305	
582	1	C	9	N	2500	0	40	366	992	44	19	21	0	0	0	0	0	0	0	0	0	0	0	0	10598492	
583	1	C	9	N	2500	0	40	316	779	30	17	13	0	0	0	0	0	0	0	0	0	0	0	0	10598991	
584	1	C	9	N	2500	0	40	338	810	33	16	15	0	0	0	0	0	0	0	0	0	0	0	0	10599101	
585	1	C	9	N	2500	0	40	214	722	27	15	13	0	0	0	0	0	0	0	0	0	0	0	0	10599459	
586	1	C	9	N	2500	0	40	318	936	43	21	19	0	0	0	0	0	0	0	0	0	0	0	0	10599600	
587	1	C	9	N	2500	0	40	202	967	52	25	23	0	0	0	0	0	0	0	0	0	0	0	0	10599849	
588	1	C	9	N	2500	0	40	22	22	0	0	1	0	0	0	0	0	0	0	0	0	0	0	0	10600037	
589	1	C	9	N	2500	0	40	23	33	1	1	2	0	0	0	0	0	0	0	0	0	0	0	0	10600645	
590	1	C	9	N	2500	0	40	251	1240	75	33	30	0	0	0	0	0	0	0	0	0	0	0	0	10601004	
591	1	C	9	N	2500	0	40	43	97	5	5	6	0	0	0	0	0	0	0	0	0	0	0	0	10601550	
592	1	C	9	N	2500	0	40	26	46	4	3	4	0	0	0	0	0	0	0	0	0	0	0	0	10601581	
593	1	C	9	N	2500	0	40	32	56	8	10	10	0	0	0	0	0	0	0	0	0	0	0	0	10601581	
594	1	C	9	N	2500	0	40	24	41	2	1	2	0	0	0	0	0	0	0	0	0	0	0	0	10601581	
595	1	C	9	N	2500	0	40	41	109	7	6	8	0	0	0	0	0	0	0	0	0	0	0	0	10601675	
596	1	C	9	N	2500	0	40	357	907	39	20	19	0	0	0	0	0	0	0	0	0	0	0	0	10601940	
597	1	C	9	N	2500	0	40	25	31	2	0	0	0	0	0	0	0	0	0	0	0	0	0	0	10602611	
598	1	C	9	N	2500	0	40	358	882	41	18	15	0	0	0	0	0	0	0	0	0	0	0	0	10603188	
599	1	C	10	N	2500	0	40	22	39	3	0	0	0	0	0	0	0	0	0	0	0	0	0	0	10610910	
600	1	C	10	N	2500	0	40	24	25	1	0	0	0	0	0	0	0	0	0	0	0	0	0	0	10610957	
601	1	C	10	N	2500	0	40	381	977	43	22	21	0	0	0	0	0	0	0	0	0	0	0	0	10611222	
602	1	C	10	N	2500	0	40	33	45	4	0	0	0	0	0	0	0	0	0	0	0	0	0	0	10612345	
603	1	C	10	N	2500	0	40	370	702	27	15	20	0	0	0	0	0	0	0	0	0	0	0	0	10613546	
604	1	C	10	N	2500	0	40	360	932	40	21	24	0	0	0	0	0	0	0	0	0	0	0	0	10614014	
605	1	C	10	N	2500	0	40	27	51	4	4	4	0	0	0	0	0	0	0	0	0	0	0	0	10614279	
606	1	C	10	N	2500	0	40	61	285	27	23	29	0	0	0	0	0	0	0	0	0	0	0	0	10614389	
607	1	C	10	N	2500	0	40	44	62	4	0	0	0	0	0	0	0	0	0	0	0	0	0	0	10614435	
608	1	C	10	N	2500	0	40	47	75	5	0	0	0	0	0	0	0	0	0	0	0	0	0	0	10615746	
609	1	C	10	N	2500	0	40	50	110	6	7	8	0	0	0	0	0	0	0	0	0	0	0	0	10616105	
610	1	C	10	N	2500	0	40	32	56	14	17	22	0	0	0	0	0	0	0	0	0	0	0	0	10616401	
611	1	C	10	N	2500	0	40	331	693	35	11	15	0	0	0	0	0	0	0	0	0	0	0	0	10616713	
612	1	C	10	N	2500	0	40	32	51	2	2	4	0	0	0	0	0	0	0	0	0	0	0	0	10616947	
613	1	C	10	N	2500	0	40	25	33	1	1	2	0	0	0	0	0	0	0	0	0	0	0	0	10616978	
614	1	C	10	N	2500	0	40	32	75	3	3	4	0	0	0	0	0	0	0	0	0	0	0	0	10617119	
615	1	C	10	N	2500	0	40	35	70	3	3	3	0	0	0	0	0	0	0	0	0	0	0	0	10617743	
616	1	C	10	N	2500	0	40	554	1089	55	29	27	0	0	0	0	0	0	0	0	0	0	0	0	10617899	
617	1	C	10	N	2500	0	40	32	61	8	7	4	0	0	0	0	0	0	0	0	0	0	0	0	10618367	
618	1	C	11	N	2500	0	40	44	82	12	7	9	0	0	0	0	0	0	0	0	0	0	0	0	10627352	
619	1	C	11	N	2500	0	40	46	149	10	10	13	0	0	0	0	0	0	0	0	0	0	0	0	10628865	
620	1	C	11	N	2500	0	40	58	61	4	2	1	0	0	0	0	0	0	0	0	0	0	0	0	10629427	
621	1	C	11	N	2500	0	40	253	348	17	6	7	0	0	0	0	0	0	0	0	0	0	0	0	10629692	
622	1	C	11	N	2500	0	40	29	53	2	2	3	0	0	0	0	0	0	0	0	0	0	0	0	10630113	
623	1	C	11	N	2500	0	40	36	98	5	6	8	0	0	0	0	0	0	0	0	0	0	0	0	10630675	
624	1	C	11	N	2500	0	40	242	547	20	13	15	0	0	0	0	0	0	0	0	0	0	0	0	10631361	
625	1	C	11	N	2500	0	40	42	127	7	7	8	0	0	0	0	0	0	0	0	0	0	0	0	10631377	
626	1	C	11	N	2500	0	40	252	383	10	7	8	0	0	0	0	0	0	0	0	0	0	0	0	10631549	
627	1	C	11	N	2500	0	40	292	607	19	12	14	0	0	0	0	0	0	0	0	0	0	0	0	10631595	
628	1	C	11	N	2500	0	40	74	211	18	16	21	0	0	0	0	0	0	0	0	0	0	0	0	10632141	
629	1	C	11	N	2500	0	40	40	102	9	9	11	0	0	0	0	0	0	0	0	0	0	0	0	10632313	
630	1	C	11	N	2500	0	40	76	335	29	30	35	0	0	0	0	0	0	0	0	0	0	0	0	10632438	
631	1	C	11	N	2500	0	40	52	125	15	15	19	0	0	0	0	0	0	0	0	0	0	0	0	10632453	
632	1	C	11	N	2500	0	40	174	420	13	10	10	0	0	0	0	0	0	0	0	0	0	0	0	10632531	
633	1	C	11	N	2500	0	40	224	339	10	6	7	0	0	0	0	0	0	0	0	0	0	0	0	10632563	
634	1	C	11	N	2500	0	40	277	475	15	10	10	0	0	0	0	0	0	0	0	0	0	0	0	10632672	
635	1	C	12	N	2500	0	40	279	457	15	8	8	0	0	0	0	0	0	0	0	0	0	0	0	10642968	
636	1	C	12	N	2500	0	40	67	113	4	2	7	0	0	0	0	0	0	0	0	0	0	0	0	10643451	
637	1	C	12	N	2500	0	40	113	116	4	1	3	0	0	0	0	0	0	0	0	0	0	0	0	10643451	
638	1	C	12	N	2500	0	40	98	96	1	1	5	0	0	0	0	0	0	0	0	0	0	0	0	10643451	
639	1	C	12	N	2500	0	40	80	135	5	3	10	0	0	0	0	0	0	0	0	0	0	0	0	10643451	
640	1	D	1	N	2500	0	40	51	93	6	6	7	0	0	0	0	0	0	0	0	0	0	0	0	10658490	
641	1	D	1	N	2500	0	40	27	47	3	3	3	0	0	0	0	0	0	0	0	0	0	0	0	10658599	
642	1	D	1	N	2500	0	40	412	902	83	25	21	0	0	0	0	0	0	0	0	0	0	0	0	10658864	
643	1	D	1	N	2500	0	40	79	219	18	3	3	0	0	0	0	0	0	0	0	0	0	0	0	10659301	
644	1	D	1	N	2500	0	40	95	271	23	4	2	0	0	0	0	0	0	0	0	0	0	0	0	10659317	
645	1	D	1	N	2500	0	40	75	153	9	3	3	0	0	0	0	0	0	0	0	0	0	0	0	10659785	
646	1	D	1	N	2500	0	40	22	40	2	2	3	0	0	0	0	0	0	0	0	0	0	0	0	10660097	
647	1	D	1	N	2500	0	40	491	1543	104	35	28	0	0	0	0	0	0	0	0	0	0	0	0	10660877	
648	1	D	1	N	2500	0	40	461	1523	99	34	30	0	0	0	0	0	0	0	0	0	0	0	0	10661142	
649	1	D	1	N	2500	0	40	442	1093	55	19	16	0	0	0	0	0	0	0	0	0	0	0	0	10661501	
650	1	D	1	N	2500	0	40	322	1440	92	39	25	0	0	0	0	0	0	0	0	0	0	0	0	10661516	
651	1	D	1	N	2500	0	40	61	319	27	26	30	0	0	0	0	0	0	0	0	0	0	0	0	10661688	
652	1	D	1	N	2500	0	40	32	73	3	3	5	0	0	0	0	0	0	0	0	0	0	0	0	10661688	
653	1	D	1	N	2500	0	40	41	36	2	0	0	0	0	0	0	0	0	0	0	0	0	0	0	10661953	
654	1	D	1	N	2500	0	40	475	1448	88	32	27	0	0	0	0	0	0	0	0	0	0	0	0	10662889	
655	1	D	1	N	2500	0	40	20	20	0	0	0	0	0	0	0	0	0	0	0	0	0	0	0	10663092	
656	1	D	1	N	2500	0	40	24	48	3	1	2	0	0	0	0	0	0	0	0	0	0	0	0	10663201	
657	1	D	1	N	2500	0	40	453	1373	74	31	23	0	0	0	0	0	0	0	0	0	0	0	0	10663232	
658	1	D	1	N	2500	0	40	25	47	5	5	5	0	0	0	0	0	0	0	0	0	0	0	0	10663934	
659	1	D	1	N	2500	0	40	28	58	3	2	1	0	0	0	0	0	0	0	0	0	0	0	0	10663934	
660	1	D	2	N	2500	0	40	28	31	2	0	1	0	0	0	0	0	0	0	0	0	0	0	0	10671750	
661	1	D	2	N	2500	0	40	78	174	30	2	1	0	0	0	0	0	0	0	0	0	0	0	0	10672779	
662	1	D	2	N	2500	0	40	177	243	14	13	17	0	0	0	0	0	0	0	0	0	0	0	0	10672904	
663	1	D	2	N	2500	0	40	72	96	7	1	2	0	0	0	0	0	0	0	0	0	0	0	0	10673310	
664	1	D	2	N	2500	0	40	52	112	5	1	1	0	0	0	0	0	0	0	0	0	0	0	0	10673637	
665	1	D	2	N	2500	0	40	54	91	6	1	1	0	0	0	0	0	0	0	0	0	0	0	0	10673887	
666	1	D	2	N	2500	0	40	78	119	4	3	5	0	0	0	0	0	0	0	0	0	0	0	0	10675151	
667	1	D	2	N	2500	0	40	426	943	47	17	18	0	0	0	0	0	0	0	0	0	0	0	0	10675619	
668	1	D	2	N	2500	0	40	39	66	2	2	2	0	0	0	0	0	0	0	0	0	0	0	0	10676180	
669	1	D	2	N	2500	0	40	31	60	3	2	1	0	0	0	0	0	0	0	0	0	0	0	0	10676461	
670	1	D	2	N	2500	0	40	35	46	3	0	0	0	0	0	0	0	0	0	0	0	0	0	0	10677085	
671	1	D	2	N	2500	0	40	392	1021	45	19	17	0	0	0	0	0	0	0	0	0	0	0	0	10677147	
672	1	D	2	N	2500	0	40	56	132	8	7	9	0	0	0	0	0	0	0	0	0	0	0	0	10677553	
673	1	D	2	N	2500	0	40	28	51	3	2	1	0	0	0	0	0	0	0	0	0	0	0	0	10677662	
674	1	D	2	N	2500	0	40	490	1160	81	27	26	0	0	0	0	0	0	0	0	0	0	0	0	10677959	
675	1	D	2	N	2500	0	40	24	42	2	1	2	0	0	0	0	0	0	0	0	0	0	0	0	10678068	
676	1	D	2	N	2500	0	40	452	1415	87	31	30	0	0	0	0	0	0	0	0	0	0	0	0	10678317	
677	1	D	3	N	2500	0	40	37	41	2	0	0	0	0	0	0	0	0	0	0	0	0	0	0	10686211	
678	1	D	3	N	2500	0	40	28	47	2	1	1	0	0	0	0	0	0	0	0	0	0	0	0	10686211	
679	1	D	3	N	2500	0	40	27	44	2	3	2	0	0	0	0	0	0	0	0	0	0	0	0	10686897	
680	1	D	3	N	2500	0	40	51	63	3	1	1	0	0	0	0	0	0	0	0	0	0	0	0	10687100	
681	1	D	3	N	2500	0	40	31	32	1	1	0	0	0	0	0	0	0	0	0	0	0	0	0	10687381	
682	1	D	3	N	2500	0	40	28	51	2	2	1	0	0	0	0	0	0	0	0	0	0	0	0	10687755	
683	1	D	3	N	2500	0	40	27	31	1	1	2	0	0	0	0	0	0	0	0	0	0	0	0	10687755	
684	1	D	3	N	2500	0	40	20	20	1	0	0	0	0	0	0	0	0	0	0	0	0	0	0	10687880	
685	1	D	3	N	2500	0	40	54	65	3	0	2	0	0	0	0	0	0	0	0	0	0	0	0	10687989	
686	1	D	3	N	2500	0	40	39	40	2	1	0	0	0	0	0	0	0	0	0	0	0	0	0	10687989	
687	1	D	3	N	2500	0	40	53	98	7	1	1	0	0	0	0	0	0	0	0	0	0	0	0	10688005	
688	1	D	3	N	2500	0	40	26	52	6	5	5	0	0	0	0	0	0	0	0	0	0	0	0	10688036	
689	1	D	3	N	2500	0	40	26	32	2	0	0	0	0	0	0	0	0	0	0	0	0	0	0	10688130	
690	1	D	3	N	2500	0	40	31	44	2	1	2	0	0	0	0	0	0	0	0	0	0	0	0	10688286	
691	1	D	3	N	2500	0	40	41	119	8	7	9	0	0	0	0	0	0	0	0	0	0	0	0	10689097	
692	1	D	3	N	2500	0	40	412	1067	57	23	21	0	0	0	0	0	0	0	0	0	0	0	0	10689503	
693	1	D	3	N	2500	0	40	24	29	1	1	1	0	0	0	0	0	0	0	0	0	0	0	0	10689815	
694	1	D	3	N	2500	0	40	388	817	33	16	17	0	0	0	0	0	0	0	0	0	0	0	0	10690314	
695	1	D	3	N	2500	0	40	261	1099	72	35	31	0	0	0	0	0	0	0	0	0	0	0	0	10690361	
696	1	D	3	N	2500	0	40	395	1034	50	21	23	0	0	0	0	0	0	0	0	0	0	0	0	10690719	
697	1	D	3	N	2500	0	40	34	43	1	1	0	0	0	0	0	0	0	0	0	0	0	0	0	10692295	
698	1	D	3	N	2500	0	40	20	18	0	0	1	0	0	0	0	0	0	0	0	0	0	0	0	10692981	
699	1	D	3	N	2500	0	40	88	236	21	4	3	0	0	0	0	0	0	0	0	0	0	0	0	10693091	
700	1	D	3	N	2500	0	40	59	113	9	2	2	0	0	0	0	0	0	0	0	0	0	0	0	10693091	
701	1	D	3	N	2500	0	40	27	26	2	0	1	0	0	0	0	0	0	0	0	0	0	0	0	10693091	
702	1	D	3	N	2500	0	40	408	1068	55	24	24	0	0	0	0	0	0	0	0	0	0	0	0	10693106	
703	1	D	4	N	2500	0	40	53	87	6	2	1	0	0	0	0	0	0	0	0	0	0	0	0	10701889	
704	1	D	4	N	2500	0	40	376	937	42	21	23	0	0	0	0	0	0	0	0	0	0	0	0	10703652	
705	1	D	4	N	2500	0	40	30	37	1	1	1	0	0	0	0	0	0	0	0	0	0	0	0	10703683	
706	1	D	4	N	2500	0	40	400	735	55	21	17	0	0	0	0	0	0	0	0	0	0	0	0	10704619	
707	1	D	4	N	2500	0	40	300	565	22	10	10	0	0	0	0	0	0	0	0	0	0	0	0	10704775	
708	1	D	4	N	2500	0	40	27	22	0	0	1	0	0	0	0	0	0	0	0	0	0	0	0	10705493	
709	1	D	4	N	2500	0	40	78	275	24	17	24	0	0	0	0	0	0	0	0	0	0	0	0	10705664	
710	1	D	4	N	2500	0	40	211	698	25	15	16	0	0	0	0	0	0	0	0	0	0	0	0	10705789	
711	1	D	4	N	2500	0	40	429	901	44	20	19	0	0	0	0	0	0	0	0	0	0	0	0	10707240	
712	1	D	4	N	2500	0	40	56	175	13	10	13	0	0	0	0	0	0	0	0	0	0	0	0	10707739	
713	1	D	4	N	2500	0	40	196	754	25	17	14	0	0	0	0	0	0	0	0	0	0	0	0	10707755	
714	1	D	5	N	2500	0	40	30	59	3	3	4	0	0	0	0	0	0	0	0	0	0	0	0	10715492	
715	1	D	5	N	2500	0	40	35	50	2	1	2	0	0	0	0	0	0	0	0	0	0	0	0	10716460	
716	1	D	5	N	2500	0	40	223	316	9	5	7	0	0	0	0	0	0	0	0	0	0	0	0	10718581	
717	1	D	5	N	2500	0	40	52	120	6	5	7	0	0	0	0	0	0	0	0	0	0	0	0	10718722	
718	1	D	5	N	2500	0	40	86	186	4	3	3	0	0	0	0	0	0	0	0	0	0	0	0	10718924	
719	1	D	5	N	2500	0	40	32	36	2	0	0	0	0	0	0	0	0	0	0	0	0	0	0	10719704	
720	1	D	5	N	2500	0	40	258	379	12	6	9	0	0	0	0	0	0	0	0	0	0	0	0	10720422	
721	1	D	5	N	2500	0	40	290	489	19	9	10	0	0	0	0	0	0	0	0	0	0	0	0	10720609	
722	1	D	5	N	2500	0	40	24	42	3	4	4	0	0	0	0	0	0	0	0	0	0	0	0	10720718	
723	1	D	5	N	2500	0	40	37	92	12	13	32	0	0	0	0	0	0	0	0	0	0	0	0	10720984	
724	1	D	5	N	2500	0	40	29	40	2	1	2	0	0	0	0	0	0	0	0	0	0	0	0	10721420	
725	1	D	5	N	2500	0	40	33	42	2	0	0	0	0	0	0	0	0	0	0	0	0	0	0	10722107	
726	1	D	5	N	2500	0	40	233	284	11	6	7	0	0	0	0	0	0	0	0	0	0	0	0	10722310	
727	1	D	5	N	2500	0	40	31	47	2	3	2	0	0	0	0	0	0	0	0	0	0	0	0	10722403	
728	1	D	6	N	2500	0	40	95	143	17	1	1	0	0	0	0	0	0	0	0	0	0	0	0	10730453	
729	1	D	6	N	2500	0	40	27	51	1	1	2	0	0	0	0	0	0	0	0	0	0	0	0	10730671	
730	1	D	7	N	2500	0	40	325	1579	97	37	30	0	0	0	0	0	0	0	0	0	0	0	0	10745616	
731	1	D	7	N	2500	0	40	732	1955	164	42	35	0	0	0	0	0	0	0	0	0	0	0	0	10745928	
732	1	D	7	N	2500	0	40	29	51	3	3	3	0	0	0	0	0	0	0	0	0	0	0	0	10746739	
733	1	D	7	N	2500	0	40	490	1455	72	29	22	0	0	0	0	0	0	0	0	0	0	0	0	10746895	
734	1	D	7	N	2500	0	40	424	1272	71	28	22	0	0	0	0	0	0	0	0	0	0	0	0	10747067	
735	1	D	7	N	2500	0	40	319	1359	83	33	28	0	0	0	0	0	0	0	0	0	0	0	0	10747535	
736	1	D	7	N	2500	0	40	544	1998	127	50	34	0	0	0	0	0	0	0	0	0	0	0	0	10748564	
737	1	D	7	N	2500	0	40	431	1195	74	24	21	0	0	0	0	0	0	0	0	0	0	0	0	10748954	
738	1	D	7	N	2500	0	40	360	1460	71	32	27	0	0	0	0	0	0	0	0	0	0	0	0	10749890	
739	1	D	7	N	2500	0	40	39	37	1	2	3	0	0	0	0	0	0	0	0	0	0	0	0	10750592	
740	1	D	7	N	2500	0	40	28	36	1	1	1	0	0	0	0	0	0	0	0	0	0	0	0	10750967	
741	1	D	7	N	2500	0	40	338	1624	93	39	31	0	0	0	0	0	0	0	0	0	0	0	0	10751014	
742	1	D	8	N	2500	0	40	40	72	4	2	4	0	0	0	0	0	0	0	0	0	0	0	0	10759360	
743	1	D	8	N	2500	0	40	515	1253	57	31	30	0	0	0	0	0	0	0	0	0	0	0	0	10760576	
744	1	D	8	N	2500	0	40	431	1091	59	22	20	0	0	0	0	0	0	0	0	0	0	0	0	10760608	
745	1	D	8	N	2500	0	40	22	45	2	0	1	0	0	0	0	0	0	0	0	0	0	0	0	10760810	
746	1	D	8	N	2500	0	40	405	974	39	19	17	0	0	0	0	0	0	0	0	0	0	0	0	10761590	
747	1	D	8	N	2500	0	40	303	916	41	23	22	0	0	0	0	0	0	0	0	0	0	0	0	10762043	
748	1	D	8	N	2500	0	40	411	941	48	20	20	0	0	0	0	0	0	0	0	0	0	0	0	10762838	
749	1	D	8	N	2500	0	40	68	208	22	19	23	0	0	0	0	0	0	0	0	0	0	0	0	10762901	
750	1	D	8	N	2500	0	40	20	27	1	0	1	0	0	0	0	0	0	0	0	0	0	0	0	10763010	
751	1	D	8	N	2500	0	40	414	1104	60	22	24	0	0	0	0	0	0	0	0	0	0	0	0	10763057	
752	1	D	8	N	2500	0	40	57	123	8	7	9	0	0	0	0	0	0	0	0	0	0	0	0	10763088	
753	1	D	8	N	2500	0	40	424	1119	58	22	24	0	0	0	0	0	0	0	0	0	0	0	0	10763759	
754	1	D	8	N	2500	0	40	424	1015	64	21	18	0	0	0	0	0	0	0	0	0	0	0	0	10764305	
755	1	D	8	N	2500	0	40	410	1057	48	23	20	0	0	0	0	0	0	0	0	0	0	0	0	10764929	
756	1	D	8	N	2500	0	40	427	1237	59	26	25	0	0	0	0	0	0	0	0	0	0	0	0	10765771	
757	1	D	8	N	2500	0	40	35	71	4	5	6	0	0	0	0	0	0	0	0	0	0	0	0	10766598	
758	1	D	8	N	2500	0	40	23	33	2	0	0	0	0	0	0	0	0	0	0	0	0	0	0	10766676	
759	1	D	9	N	2500	0	40	60	98	9	4	2	0	0	0	0	0	0	0	0	0	0	0	0	10774913	
760	1	D	9	N	2500	0	40	591	1380	78	29	27	0	0	0	0	0	0	0	0	0	0	0	0	10775677	
761	1	D	9	N	2500	0	40	332	669	21	12	15	0	0	0	0	0	0	0	0	0	0	0	0	10776254	
762	1	D	9	N	2500	0	40	195	1309	209	243	277	0	0	0	0	0	0	0	0	0	0	0	0	10776332	
763	1	D	9	N	2500	0	40	29	51	2	2	3	0	0	0	0	0	0	0	0	0	0	0	0	10776660	
764	1	D	9	N	2500	0	40	349	731	29	13	14	0	0	0	0	0	0	0	0	0	0	0	0	10777066	
765	1	D	9	N	2500	0	40	384	990	44	22	22	0	0	0	0	0	0	0	0	0	0	0	0	10777268	
766	1	D	9	N	2500	0	40	29	48	2	2	2	0	0	0	0	0	0	0	0	0	0	0	0	10777908	
767	1	D	9	N	2500	0	40	76	289	32	31	41	0	0	0	0	0	0	0	0	0	0	0	0	10778017	
768	1	D	9	N	2500	0	40	364	922	59	22	21	0	0	0	0	0	0	0	0	0	0	0	0	10778329	
769	1	D	9	N	2500	0	40	26	38	6	0	1	0	0	0	0	0	0	0	0	0	0	0	0	10778922	
770	1	D	9	N	2500	0	40	395	934	36	20	18	0	0	0	0	0	0	0	0	0	0	0	0	10779733	
771	1	D	9	N	2500	0	40	442	1006	47	19	21	0	0	0	0	0	0	0	0	0	0	0	0	10779749	
772	1	D	9	N	2500	0	40	289	637	26	12	11	0	0	0	0	0	0	0	0	0	0	0	0	10780030	
773	1	D	9	N	2500	0	40	404	866	37	16	15	0	0	0	0	0	0	0	0	0	0	0	0	10780888	
774	1	D	9	N	2500	0	40	46	114	7	6	6	0	0	0	0	0	0	0	0	0	0	0	0	10781262	
775	1	D	10	N	2500	0	40	337	876	59	22	24	0	0	0	0	0	0	0	0	0	0	0	0	10790185	
776	1	D	10	N	2500	0	40	49	121	8	7	10	0	0	0	0	0	0	0	0	0	0	0	0	10790981	
777	1	D	10	N	2500	0	40	403	970	37	20	18	0	0	0	0	0	0	0	0	0	0	0	0	10791059	
778	1	D	10	N	2500	0	40	58	111	4	4	7	0	0	0	0	0	0	0	0	0	0	0	0	10791605	
779	1	D	10	N	2500	0	40	415	867	44	17	22	0	0	0	0	0	0	0	0	0	0	0	0	10791605	
780	1	D	10	N	2500	0	40	261	1090	55	26	20	0	0	0	0	0	0	0	0	0	0	0	0	10791667	
781	1	D	10	N	2500	0	40	301	606	30	13	12	0	0	0	0	0	0	0	0	0	0	0	0	10791839	
782	1	D	10	N	2500	0	40	379	746	36	15	18	0	0	0	0	0	0	0	0	0	0	0	0	10792182	
783	1	D	10	N	2500	0	40	74	219	15	16	17	0	0	0	0	0	0	0	0	0	0	0	0	10792447	
784	1	D	10	N	2500	0	40	376	742	29	15	15	0	0	0	0	0	0	0	0	0	0	0	0	10792884	
785	1	D	10	N	2500	0	40	458	754	33	18	15	0	0	0	0	0	0	0	0	0	0	0	0	10793196	
786	1	D	10	N	2500	0	40	21	19	1	1	0	0	0	0	0	0	0	0	0	0	0	0	0	10793305	
787	1	D	10	N	2500	0	40	217	718	38	19	17	0	0	0	0	0	0	0	0	0	0	0	0	10793758	
788	1	D	10	N	2500	0	40	29	29	1	0	1	0	0	0	0	0	0	0	0	0	0	0	0	10794101	
789	1	D	10	N	2500	0	40	26	46	2	2	2	0	0	0	0	0	0	0	0	0	0	0	0	10794210	
790	1	D	10	N	2500	0	40	52	79	9	0	0	0	0	0	0	0	0	0	0	0	0	0	0	10794397	
791	1	D	10	N	2500	0	40	42	74	3	3	5	0	0	0	0	0	0	0	0	0	0	0	0	10795910	
792	1	D	10	N	2500	0	40	64	117	5	4	7	0	0	0	0	0	0	0	0	0	0	0	0	10795910	
793	1	D	10	N	2500	0	40	34	45	1	1	1	0	0	0	0	0	0	0	0	0	0	0	0	10795910	
794	1	D	11	N	2500	0	40	195	265	5	4	5	0	0	0	0	0	0	0	0	0	0	0	0	10803913	
795	1	D	11	N	2500	0	40	20	34	2	0	0	0	0	0	0	0	0	0	0	0	0	0	0	10804194	
796	1	D	11	N	2500	0	40	208	391	17	10	12	0	0	0	0	0	0	0	0	0	0	0	0	10804444	
797	1	D	11	N	2500	0	40	28	32	2	1	0	0	0	0	0	0	0	0	0	0	0	0	0	10805052	
798	1	D	11	N	2500	0	40	71	196	15	13	15	0	0	0	0	0	0	0	0	0	0	0	0	10805083	
799	1	D	11	N	2500	0	40	218	361	11	6	7	0	0	0	0	0	0	0	0	0	0	0	0	10806612	
800	1	D	11	N	2500	0	40	305	533	23	11	11	0	0	0	0	0	0	0	0	0	0	0	0	10807127	
801	1	D	11	N	2500	0	40	320	650	26	12	12	0	0	0	0	0	0	0	0	0	0	0	0	10807267	
802	1	D	11	N	2500	0	40	50	136	9	9	11	0	0	0	0	0	0	0	0	0	0	0	0	10807938	
803	1	D	11	N	2500	0	40	37	78	5	4	6	0	0	0	0	0	0	0	0	0	0	0	0	10808047	
804	1	D	11	N	2500	0	40	319	508	19	11	14	0	0	0	0	0	0	0	0	0	0	0	0	10808609	
805	1	D	11	N	2500	0	40	222	533	19	11	11	0	0	0	0	0	0	0	0	0	0	0	0	10808952	
806	1	D	11	N	2500	0	40	20	22	4	4	3	0	0	0	0	0	0	0	0	0	0	0	0	10809373	
807	1	D	11	N	2500	0	40	27	33	3	1	0	0	0	0	0	0	0	0	0	0	0	0	0	10810294	
808	1	D	11	N	2500	0	40	296	547	20	10	14	0	0	0	0	0	0	0	0	0	0	0	0	10810559	
809	1	D	12	N	2500	0	40	70	268	22	0	0	0	0	0	0	0	0	0	0	0	0	0	0	10818141	
810	1	D	12	N	2500	0	40	21	22	1	0	0	0	0	0	0	0	0	0	0	0	0	0	0	10818203	
811	1	D	12	N	2500	0	40	28	70	7	0	0	0	0	0	0	0	0	0	0	0	0	0	0	10818219	
812	1	D	12	N	2500	0	40	28	68	6	0	0	0	0	0	0	0	0	0	0	0	0	0	0	10818234	
813	1	D	12	N	2500	0	40	81	414	9	1	0	0	0	0	0	0	0	0	0	0	0	0	0	10818250	
814	1	D	12	N	2500	0	40	23	46	4	0	0	0	0	0	0	0	0	0	0	0	0	0	0	10818531	
815	1	D	12	N	2500	0	40	76	494	47	0	0	0	0	0	0	0	0	0	0	0	0	0	0	10818858	
816	1	D	12	N	2500	0	40	20	17	0	0	0	0	0	0	0	0	0	0	0	0	0	0	0	10819389	
817	1	D	12	N	2500	0	40	109	781	88	1	2	0	0	0	0	0	0	0	0	0	0	0	0	10819903	
818	1	E	1	N	2500	0	40	67	194	22	0	0	0	0	0	0	0	0	0	0	0	0	0	0	10834302	
819	1	E	1	N	2500	0	40	31	42	1	1	2	0	0	0	0	0	0	0	0	0	0	0	0	10834489	
820	1	E	1	N	2500	0	40	446	1315	66	26	22	0	0	0	0	0	0	0	0	0	0	0	0	10834661	
821	1	E	1	N	2500	0	40	503	1672	93	37	32	0	0	0	0	0	0	0	0	0	0	0	0	10834942	
822	1	E	1	N	2500	0	40	633	1640	137	36	30	0	0	0	0	0	0	0	0	0	0	0	0	10834957	
823	1	E	1	N	2500	0	40	23	37	1	1	2	0	0	0	0	0	0	0	0	0	0	0	0	10835878	
824	1	E	1	N	2500	0	40	388	1537	80	46	42	0	0	0	0	0	0	0	0	0	0	0	0	10836751	
825	1	E	1	N	2500	0	40	58	60	4	5	9	0	0	0	0	0	0	0	0	0	0	0	0	10837173	
826	1	E	1	N	2500	0	40	517	1718	85	45	40	0	0	0	0	0	0	0	0	0	0	0	0	10837173	
827	1	E	1	N	2500	0	40	417	1632	82	46	35	0	0	0	0	0	0	0	0	0	0	0	0	10837188	
828	1	E	1	N	2500	0	40	26	40	1	1	1	0	0	0	0	0	0	0	0	0	0	0	0	10837204	
829	1	E	1	N	2500	0	40	421	1661	81	39	36	0	0	0	0	0	0	0	0	0	0	0	0	10838280	
830	1	E	1	N	2500	0	40	77	367	53	50	58	0	0	0	0	0	0	0	0	0	0	0	0	10838655	
831	1	E	1	N	2500	0	40	341	1401	78	39	26	0	0	0	0	0	0	0	0	0	0	0	0	10838779	
832	1	E	1	N	2500	0	40	551	1757	81	41	33	0	0	0	0	0	0	0	0	0	0	0	0	10839294	
833	1	E	1	N	2500	0	40	27	49	2	2	3	0	0	0	0	0	0	0	0	0	0	0	0	10839341	
834	1	E	1	N	2500	0	40	69	223	24	3	2	0	0	0	0	0	0	0	0	0	0	0	0	10839466	
835	1	E	1	N	2500	0	40	28	64	3	3	3	0	0	0	0	0	0	0	0	0	0	0	0	10840121	
836	1	E	1	N	2500	0	40	24	30	1	1	1	0	0	0	0	0	0	0	0	0	0	0	0	10840199	
837	1	E	1	N	2500	0	40	373	1538	69	40	32	0	0	0	0	0	0	0	0	0	0	0	0	10840480	
838	1	E	1	N	2500	0	40	23	25	0	0	1	0	0	0	0	0	0	0	0	0	0	0	0	10840495	
839	1	E	1	N	2500	0	40	22	27	1	1	0	0	0	0	0	0	0	0	0	0	0	0	0	10840776	
840	1	E	1	N	2500	0	40	43	94	5	4	4	0	0	0	0	0	0	0	0	0	0	0	0	10840854	
841	1	E	1	N	2500	0	40	550	1608	72	38	35	0	0	0	0	0	0	0	0	0	0	0	0	10841010	
842	1	E	1	N	2500	0	40	87	379	37	38	42	0	0	0	0	0	0	0	0	0	0	0	0	10841073	
843	1	E	1	N	2500	0	40	23	25	0	0	0	0	0	0	0	0	0	0	0	0	0	0	0	10841073	
844	1	E	1	N	2500	0	40	20	17	0	0	0	0	0	0	0	0	0	0	0	0	0	0	0	10841166	
845	1	E	1	N	2500	0	40	22	35	2	0	1	0	0	0	0	0	0	0	0	0	0	0	0	10841369	
846	1	E	1	N	2500	0	40	20	26	0	0	1	0	0	0	0	0	0	0	0	0	0	0	0	10841541	
847	1	E	1	N	2500	0	40	179	353	10	7	9	0	0	0	0	0	0	0	0	0	0	0	0	10841915	
848	1	E	2	N	2500	0	40	73	158	16	0	0	0	0	0	0	0	0	0	0	0	0	0	0	10849029	
849	1	E	2	N	2500	0	40	215	941	50	20	19	0	0	0	0	0	0	0	0	0	0	0	0	10849029	
850	1	E	2	N	2500	0	40	63	181	16	0	1	0	0	0	0	0	0	0	0	0	0	0	0	10849091	
851	1	E	2	N	2500	0	40	296	2214	370	5	6	0	0	0	0	0	0	0	0	0	0	0	0	10849278	
852	1	E	2	N	2500	0	40	51	86	9	0	0	0	0	0	0	0	0	0	0	0	0	0	0	10849481	
853	1	E	2	N	2500	0	40	254	1116	62	24	21	0	0	0	0	0	0	0	0	0	0	0	0	10849777	
854	1	E	2	N	2500	0	40	379	1034	49	20	20	0	0	0	0	0	0	0	0	0	0	0	0	10849855	
855	1	E	2	N	2500	0	40	408	1165	59	25	22	0	0	0	0	0	0	0	0	0	0	0	0	10850105	
856	1	E	2	N	2500	0	40	26	24	2	0	0	0	0	0	0	0	0	0	0	0	0	0	0	10850339	
857	1	E	2	N	2500	0	40	226	1015	51	25	19	0	0	0	0	0	0	0	0	0	0	0	0	10850791	
858	1	E	2	N	2500	0	40	343	811	34	15	14	0	0	0	0	0	0	0	0	0	0	0	0	10851525	
859	1	E	2	N	2500	0	40	360	936	55	22	22	0	0	0	0	0	0	0	0	0	0	0	0	10852663	
860	1	E	2	N	2500	0	40	388	1001	45	22	22	0	0	0	0	0	0	0	0	0	0	0	0	10852788	
861	1	E	2	N	2500	0	40	504	1505	94	37	33	0	0	0	0	0	0	0	0	0	0	0	0	10853755	
862	1	E	2	N	2500	0	40	22	21	1	0	1	0	0	0	0	0	0	0	0	0	0	0	0	10854083	
863	1	E	2	N	2500	0	40	409	1168	58	25	22	0	0	0	0	0	0	0	0	0	0	0	0	10854395	
864	1	E	2	N	2500	0	40	411	1208	65	27	23	0	0	0	0	0	0	0	0	0	0	0	0	10854411	
865	1	E	2	N	2500	0	40	650	1552	75	42	40	0	0	0	0	0	0	0	0	0	0	0	0	10854535	
866	1	E	2	N	2500	0	40	32	59	5	4	4	0	0	0	0	0	0	0	0	0	0	0	0	10855955	
867	1	E	3	N	2500	0	40	21	18	1	0	0	0	0	0	0	0	0	0	0	0	0	0	0	10863739	
868	1	E	3	N	2500	0	40	349	1278	74	33	33	0	0	0	0	0	0	0	0	0	0	0	0	10864473	
869	1	E	3	N	2500	0	40	259	922	52	23	18	0	0	0	0	0	0	0	0	0	0	0	0	10864629	
870	1	E	3	N	2500	0	40	391	1065	57	27	24	0	0	0	0	0	0	0	0	0	0	0	0	10865393	
871	1	E	3	N	2500	0	40	308	663	21	13	15	0	0	0	0	0	0	0	0	0	0	0	0	10865861	
872	1	E	3	N	2500	0	40	371	873	43	20	19	0	0	0	0	0	0	0	0	0	0	0	0	10866126	
873	1	E	3	N	2500	0	40	29	54	3	3	3	0	0	0	0	0	0	0	0	0	0	0	0	10866937	
874	1	E	3	N	2500	0	40	22	18	2	0	0	0	0	0	0	0	0	0	0	0	0	0	0	10867686	
875	1	E	3	N	2500	0	40	21	19	1	1	1	0	0	0	0	0	0	0	0	0	0	0	0	10868295	
876	1	E	3	N	2500	0	40	23	34	1	1	0	0	0	0	0	0	0	0	0	0	0	0	0	10868482	
877	1	E	3	N	2500	0	40	328	1053	57	28	27	0	0	0	0	0	0	0	0	0	0	0	0	10868731	
878	1	E	3	N	2500	0	40	24	26	0	0	1	0	0	0	0	0	0	0	0	0	0	0	0	10868856	
879	1	E	3	N	2500	0	40	349	767	28	16	17	0	0	0	0	0	0	0	0	0	0	0	0	10868903	
880	1	E	3	N	2500	0	40	22	22	0	0	1	0	0	0	0	0	0	0	0	0	0	0	0	10868919	
881	1	E	3	N	2500	0	40	372	875	35	17	17	0	0	0	0	0	0	0	0	0	0	0	0	10869043	
882	1	E	3	N	2500	0	40	344	754	34	15	15	0	0	0	0	0	0	0	0	0	0	0	0	10869075	
883	1	E	3	N	2500	0	40	382	907	45	20	21	0	0	0	0	0	0	0	0	0	0	0	0	10869246	
884	1	E	3	N	2500	0	40	365	802	39	16	13	0	0	0	0	0	0	0	0	0	0	0	0	10869418	
885	1	E	3	N	2500	0	40	379	983	43	18	19	0	0	0	0	0	0	0	0	0	0	0	0	10869433	
886	1	E	3	N	2500	0	40	388	1059	56	24	23	0	0	0	0	0	0	0	0	0	0	0	0	10869465	
887	1	E	3	N	2500	0	40	441	923	43	22	18	0	0	0	0	0	0	0	0	0	0	0	0	10869496	
888	1	E	3	N	2500	0	40	367	878	44	19	16	0	0	0	0	0	0	0	0	0	0	0	0	10869683	
889	1	E	3	N	2500	0	40	27	28	2	1	3	0	0	0	0	0	0	0	0	0	0	0	0	10869917	
890	1	E	3	N	2500	0	40	32	60	2	1	1	0	0	0	0	0	0	0	0	0	0	0	0	10870479	
891	1	E	3	N	2500	0	40	376	870	46	20	16	0	0	0	0	0	0	0	0	0	0	0	0	10870541	
892	1	E	4	N	2500	0	40	66	79	10	0	1	0	0	0	0	0	0	0	0	0	0	0	0	10878965	
893	1	E	4	N	2500	0	40	25	41	4	0	0	0	0	0	0	0	0	0	0	0	0	0	0	10879215	
894	1	E	4	N	2500	0	40	45	86	8	1	0	0	0	0	0	0	0	0	0	0	0	0	0	10879495	
895	1	E	4	N	2500	0	40	25	22	0	0	0	0	0	0	0	0	0	0	0	0	0	0	0	10879761	
896	1	E	4	N	2500	0	40	23	24	2	0	0	0	0	0	0	0	0	0	0	0	0	0	0	10880697	
897	1	E	4	N	2500	0	40	368	886	34	17	18	0	0	0	0	0	0	0	0	0	0	0	0	10881165	
898	1	E	4	N	2500	0	40	334	606	22	13	14	0	0	0	0	0	0	0	0	0	0	0	0	10881258	
899	1	E	4	N	2500	0	40	23	21	0	0	0	0	0	0	0	0	0	0	0	0	0	0	0	10881539	
900	1	E	4	N	2500	0	40	85	130	16	5	5	0	0	0	0	0	0	0	0	0	0	0	0	10881820	
901	1	E	4	N	2500	0	40	24	26	1	0	0	0	0	0	0	0	0	0	0	0	0	0	0	10881960	
902	1	E	4	N	2500	0	40	31	65	4	3	2	0	0	0	0	0	0	0	0	0	0	0	0	10882085	
903	1	E	4	N	2500	0	40	310	681	27	13	15	0	0	0	0	0	0	0	0	0	0	0	0	10882428	
904	1	E	4	N	2500	0	40	332	817	34	17	19	0	0	0	0	0	0	0	0	0	0	0	0	10882615	
905	1	E	4	N	2500	0	40	30	58	1	1	1	0	0	0	0	0	0	0	0	0	0	0	0	10882647	
906	1	E	4	N	2500	0	40	299	562	23	9	11	0	0	0	0	0	0	0	0	0	0	0	0	10882740	
907	1	E	4	N	2500	0	40	23	28	1	1	2	0	0	0	0	0	0	0	0	0	0	0	0	10883302	
908	1	E	4	N	2500	0	40	354	734	27	15	14	0	0	0	0	0	0	0	0	0	0	0	0	10883302	
909	1	E	4	N	2500	0	40	289	726	27	17	18	0	0	0	0	0	0	0	0	0	0	0	0	10883364	
910	1	E	4	N	2500	0	40	34	56	2	1	1	0	0	0	0	0	0	0	0	0	0	0	0	10883567	
911	1	E	4	N	2500	0	40	313	645	23	12	13	0	0	0	0	0	0	0	0	0	0	0	0	10884004	
912	1	E	4	N	2500	0	40	352	730	32	14	16	0	0	0	0	0	0	0	0	0	0	0	0	10884285	
913	1	E	4	N	2500	0	40	20	38	4	5	6	0	0	0	0	0	0	0	0	0	0	0	0	10884285	
914	1	E	4	N	2500	0	40	41	108	4	5	6	0	0	0	0	0	0	0	0	0	0	0	0	10884441	
915	1	E	4	N	2500	0	40	39	81	3	2	1	0	0	0	0	0	0	0	0	0	0	0	0	10884768	
916	1	E	4	N	2500	0	40	334	689	26	15	13	0	0	0	0	0	0	0	0	0	0	0	0	10885096	
917	1	E	4	N	2500	0	40	50	116	6	7	9	0	0	0	0	0	0	0	0	0	0	0	0	10885205	
918	1	E	4	N	2500	0	40	215	798	270	330	484	0	0	0	0	0	0	0	0	0	0	0	0	10885299	
919	1	E	4	N	2500	0	40	218	832	41	21	20	0	0	0	0	0	0	0	0	0	0	0	0	10885377	
920	1	E	4	N	2500	0	40	356	820	39	18	22	0	0	0	0	0	0	0	0	0	0	0	0	10885455	
921	1	E	5	N	2500	0	40	184	458	17	9	7	0	0	0	0	0	0	0	0	0	0	0	0	10893130	
922	1	E	5	N	2500	0	40	23	32	1	0	0	0	0	0	0	0	0	0	0	0	0	0	0	10893317	
923	1	E	5	N	2500	0	40	62	89	16	1	1	0	0	0	0	0	0	0	0	0	0	0	0	10894425	
924	1	E	5	N	2500	0	40	88	203	21	3	2	0	0	0	0	0	0	0	0	0	0	0	0	10894425	
925	1	E	5	N	2500	0	40	34	49	2	1	2	0	0	0	0	0	0	0	0	0	0	0	0	10894503	
926	1	E	5	N	2500	0	40	55	88	13	1	0	0	0	0	0	0	0	0	0	0	0	0	0	10894721	
927	1	E	5	N	2500	0	40	222	329	10	6	8	0	0	0	0	0	0	0	0	0	0	0	0	10895080	
928	1	E	5	N	2500	0	40	23	30	1	1	2	0	0	0	0	0	0	0	0	0	0	0	0	10895548	
929	1	E	5	N	2500	0	40	28	56	5	0	0	0	0	0	0	0	0	0	0	0	0	0	0	10896016	
930	1	E	5	N	2500	0	40	247	388	10	7	8	0	0	0	0	0	0	0	0	0	0	0	0	10896281	
931	1	E	5	N	2500	0	40	40	57	4	0	1	0	0	0	0	0	0	0	0	0	0	0	0	10896515	
932	1	E	5	N	2500	0	40	263	450	15	9	12	0	0	0	0	0	0	0	0	0	0	0	0	10896577	
933	1	E	5	N	2500	0	40	32	47	3	1	1	0	0	0	0	0	0	0	0	0	0	0	0	10897404	
934	1	E	5	N	2500	0	40	284	487	16	12	15	0	0	0	0	0	0	0	0	0	0	0	0	10897420	
935	1	E	5	N	2500	0	40	305	626	26	13	11	0	0	0	0	0	0	0	0	0	0	0	0	10897591	
936	1	E	5	N	2500	0	40	43	67	5	0	1	0	0	0	0	0	0	0	0	0	0	0	0	10897716	
937	1	E	5	N	2500	0	40	60	135	9	9	12	0	0	0	0	0	0	0	0	0	0	0	0	10897779	
938	1	E	5	N	2500	0	40	195	263	7	5	7	0	0	0	0	0	0	0	0	0	0	0	0	10897966	
939	1	E	5	N	2500	0	40	240	368	11	8	7	0	0	0	0	0	0	0	0	0	0	0	0	10898028	
940	1	E	5	N	2500	0	40	264	422	18	8	11	0	0	0	0	0	0	0	0	0	0	0	0	10898527	
941	1	E	5	N	2500	0	40	269	414	13	7	10	0	0	0	0	0	0	0	0	0	0	0	0	10898590	
942	1	E	5	N	2500	0	40	142	374	16	8	8	0	0	0	0	0	0	0	0	0	0	0	0	10898871	
943	1	E	5	N	2500	0	40	123	145	4	2	3	0	0	0	0	0	0	0	0	0	0	0	0	10899042	
944	1	E	5	N	2500	0	40	30	60	9	9	11	0	0	0	0	0	0	0	0	0	0	0	0	10899073	
945	1	E	5	N	2500	0	40	76	300	24	22	23	0	0	0	0	0	0	0	0	0	0	0	0	10899229	
946	1	E	5	N	2500	0	40	36	40	1	1	1	0	0	0	0	0	0	0	0	0	0	0	0	10899385	
947	1	E	5	N	2500	0	40	269	477	16	8	12	0	0	0	0	0	0	0	0	0	0	0	0	10899526	
948	1	E	5	N	2500	0	40	253	364	11	6	10	0	0	0	0	0	0	0	0	0	0	0	0	10899853	
949	1	E	5	N	2500	0	40	252	472	17	10	10	0	0	0	0	0	0	0	0	0	0	0	0	10900337	
950	1	E	5	N	2500	0	40	287	537	20	11	17	0	0	0	0	0	0	0	0	0	0	0	0	10900446	
951	1	E	5	N	2500	0	40	20	40	3	3	3	0	0	0	0	0	0	0	0	0	0	0	0	10900587	
952	1	E	6	N	2500	0	40	25	31	1	0	1	0	0	0	0	0	0	0	0	0	0	0	0	10908137	
953	1	E	6	N	2500	0	40	62	104	6	2	2	0	0	0	0	0	0	0	0	0	0	0	0	10908324	
954	1	E	6	N	2500	0	40	32	62	2	3	4	0	0	0	0	0	0	0	0	0	0	0	0	10909697	
955	1	E	7	N	2500	0	40	464	1581	80	36	32	0	0	0	0	0	0	0	0	0	0	0	0	10922583	
956	1	E	7	N	2500	0	40	37	40	3	0	0	0	0	0	0	0	0	0	0	0	0	0	0	10922629	
957	1	E	7	N	2500	0	40	321	1463	101	43	34	0	0	0	0	0	0	0	0	0	0	0	0	10922707	
958	1	E	7	N	2500	0	40	21	41	3	2	1	0	0	0	0	0	0	0	0	0	0	0	0	10923768	
959	1	E	7	N	2500	0	40	57	102	9	2	1	0	0	0	0	0	0	0	0	0	0	0	0	10924439	
960	1	E	7	N	2500	0	40	77	113	10	1	2	0	0	0	0	0	0	0	0	0	0	0	0	10924517	
961	1	E	7	N	2500	0	40	293	1597	83	38	33	0	0	0	0	0	0	0	0	0	0	0	0	10925125	
962	1	E	7	N	2500	0	40	515	1725	83	49	43	0	0	0	0	0	0	0	0	0	0	0	0	10925125	
963	1	E	7	N	2500	0	40	93	119	5	1	1	0	0	0	0	0	0	0	0	0	0	0	0	10925796	
964	1	E	7	N	2500	0	40	426	1412	70	35	34	0	0	0	0	0	0	0	0	0	0	0	0	10925796	
965	1	E	7	N	2500	0	40	422	1448	86	32	30	0	0	0	0	0	0	0	0	0	0	0	0	10926202	
966	1	E	7	N	2500	0	40	36	68	5	0	0	0	0	0	0	0	0	0	0	0	0	0	0	10926763	
967	1	E	7	N	2500	0	40	392	1485	90	50	43	0	0	0	0	0	0	0	0	0	0	0	0	10926873	
968	1	E	7	N	2500	0	40	47	134	7	7	10	0	0	0	0	0	0	0	0	0	0	0	0	10927278	
969	1	E	7	N	2500	0	40	87	93	3	1	2	0	0	0	0	0	0	0	0	0	0	0	0	10927746	
970	1	E	7	N	2500	0	40	56	158	12	12	16	0	0	0	0	0	0	0	0	0	0	0	0	10929275	
971	1	E	7	N	2500	0	40	368	1730	87	49	40	0	0	0	0	0	0	0	0	0	0	0	0	10929478	
972	1	E	7	N	2500	0	40	78	83	3	1	1	0	0	0	0	0	0	0	0	0	0	0	0	10929649	
973	1	E	7	N	2500	0	40	24	33	1	1	2	0	0	0	0	0	0	0	0	0	0	0	0	10929696	
974	1	E	8	N	2500	0	40	63	289	30	32	41	0	0	0	0	0	0	0	0	0	0	0	0	10938838	
975	1	E	8	N	2500	0	40	352	871	35	19	22	0	0	0	0	0	0	0	0	0	0	0	0	10939119	
976	1	E	8	N	2500	0	40	47	102	6	2	2	0	0	0	0	0	0	0	0	0	0	0	0	10939556	
977	1	E	8	N	2500	0	40	24	37	1	1	0	0	0	0	0	0	0	0	0	0	0	0	0	10940398	
978	1	E	8	N	2500	0	40	399	1151	62	28	28	0	0	0	0	0	0	0	0	0	0	0	0	10940710	
979	1	E	8	N	2500	0	40	22	21	1	1	1	0	0	0	0	0	0	0	0	0	0	0	0	10941022	
980	1	E	8	N	2500	0	40	91	398	46	37	44	0	0	0	0	0	0	0	0	0	0	0	0	10941958	
981	1	E	8	N	2500	0	40	409	1170	54	25	25	0	0	0	0	0	0	0	0	0	0	0	0	10942239	
982	1	E	8	N	2500	0	40	302	1260	87	35	31	0	0	0	0	0	0	0	0	0	0	0	0	10942800	
983	1	E	8	N	2500	0	40	404	1178	79	30	25	0	0	0	0	0	0	0	0	0	0	0	0	10942910	
984	1	E	8	N	2500	0	40	362	1303	101	43	37	0	0	0	0	0	0	0	0	0	0	0	0	10943612	
985	1	E	8	N	2500	0	40	311	1026	60	30	29	0	0	0	0	0	0	0	0	0	0	0	0	10943908	
986	1	E	8	N	2500	0	40	20	39	2	2	2	0	0	0	0	0	0	0	0	0	0	0	0	10944048	
987	1	E	8	N	2500	0	40	20	37	1	1	1	0	0	0	0	0	0	0	0	0	0	0	0	10944048	
988	1	E	8	N	2500	0	40	21	42	3	3	2	0	0	0	0	0	0	0	0	0	0	0	0	10944048	
989	1	E	9	N	2500	0	40	351	1127	59	29	29	0	0	0	0	0	0	0	0	0	0	0	0	10952644	
990	1	E	9	N	2500	0	40	44	105	6	6	7	0	0	0	0	0	0	0	0	0	0	0	0	10953050	
991	1	E	9	N	2500	0	40	28	26	2	0	0	0	0	0	0	0	0	0	0	0	0	0	0	10953065	
992	1	E	9	N	2500	0	40	36	79	6	1	1	0	0	0	0	0	0	0	0	0	0	0	0	10953065	
993	1	E	9	N	2500	0	40	24	41	1	1	0	0	0	0	0	0	0	0	0	0	0	0	0	10953549	
994	1	E	9	N	2500	0	40	21	30	1	1	1	0	0	0	0	0	0	0	0	0	0	0	0	10953564	
995	1	E	9	N	2500	0	40	22	41	2	1	1	0	0	0	0	0	0	0	0	0	0	0	0	10954017	
996	1	E	9	N	2500	0	40	25	28	1	1	2	0	0	0	0	0	0	0	0	0	0	0	0	10954064	
997	1	E	9	N	2500	0	40	462	1474	80	40	39	0	0	0	0	0	0	0	0	0	0	0	0	10954235	
998	1	E	9	N	2500	0	40	232	1018	57	27	20	0	0	0	0	0	0	0	0	0	0	0	0	10954812	
999	1	E	9	N	2500	0	40	357	880	40	20	19	0	0	0	0	0	0	0	0	0	0	0	0	10955078	
1000	1	E	9	N	2500	0	40	23	23	1	0	0	0	0	0	0	0	0	0	0	0	0	0	0	10955686	
1001	1	E	9	N	2500	0	40	21	21	0	0	0	0	0	0	0	0	0	0	0	0	0	0	0	10956123	
1002	1	E	9	N	2500	0	40	447	1169	102	39	34	0	0	0	0	0	0	0	0	0	0	0	0	10956216	
1003	1	E	9	N	2500	0	40	489	1488	90	39	38	0	0	0	0	0	0	0	0	0	0	0	0	10956326	
1004	1	E	9	N	2500	0	40	370	899	38	17	18	0	0	0	0	0	0	0	0	0	0	0	0	10956513	
1005	1	E	9	N	2500	0	40	32	33	3	0	0	0	0	0	0	0	0	0	0	0	0	0	0	10956684	
1006	1	E	9	N	2500	0	40	372	942	58	23	21	0	0	0	0	0	0	0	0	0	0	0	0	10956778	
1007	1	E	9	N	2500	0	40	434	1196	59	33	31	0	0	0	0	0	0	0	0	0	0	0	0	10956872	
1008	1	E	9	N	2500	0	40	215	1033	56	32	29	0	0	0	0	0	0	0	0	0	0	0	0	10957137	
1009	1	E	9	N	2500	0	40	383	1013	55	25	22	0	0	0	0	0	0	0	0	0	0	0	0	10957698	
1010	1	E	9	N	2500	0	40	30	51	12	15	15	0	0	0	0	0	0	0	0	0	0	0	0	10957714	
1011	1	E	9	N	2500	0	40	354	777	33	15	15	0	0	0	0	0	0	0	0	0	0	0	0	10957854	
1012	1	E	9	N	2500	0	40	213	822	36	20	20	0	0	0	0	0	0	0	0	0	0	0	0	10958026	
1013	1	E	9	N	2500	0	40	28	50	2	1	1	0	0	0	0	0	0	0	0	0	0	0	0	10958744	
1014	1	E	9	N	2500	0	40	33	46	3	0	1	0	0	0	0	0	0	0	0	0	0	0	0	10958822	
1015	1	E	9	N	2500	0	40	21	42	3	2	3	0	0	0	0	0	0	0	0	0	0	0	0	10959024	
1016	1	E	10	N	2500	0	40	20	37	1	0	1	0	0	0	0	0	0	0	0	0	0	0	0	10967558	
1017	1	E	10	N	2500	0	40	343	693	26	14	16	0	0	0	0	0	0	0	0	0	0	0	0	10967776	
1018	1	E	10	N	2500	0	40	51	82	6	1	0	0	0	0	0	0	0	0	0	0	0	0	0	10967916	
1019	1	E	10	N	2500	0	40	415	960	50	25	24	0	0	0	0	0	0	0	0	0	0	0	0	10968213	
1020	1	E	10	N	2500	0	40	48	143	17	16	18	0	0	0	0	0	0	0	0	0	0	0	0	10969008	
1021	1	E	10	N	2500	0	40	37	62	1	2	2	0	0	0	0	0	0	0	0	0	0	0	0	10969086	
1022	1	E	10	N	2500	0	40	30	48	4	3	2	0	0	0	0	0	0	0	0	0	0	0	0	10970054	
1023	1	E	10	N	2500	0	40	399	1176	57	31	30	0	0	0	0	0	0	0	0	0	0	0	0	10970225	
1024	1	E	10	N	2500	0	40	25	59	4	3	4	0	0	0	0	0	0	0	0	0	0	0	0	10970225	
1025	1	E	10	N	2500	0	40	184	584	26	15	15	0	0	0	0	0	0	0	0	0	0	0	0	10970834	
1026	1	E	10	N	2500	0	40	304	650	27	14	15	0	0	0	0	0	0	0	0	0	0	0	0	10970974	
1027	1	E	10	N	2500	0	40	31	57	2	1	1	0	0	0	0	0	0	0	0	0	0	0	0	10971052	
1028	1	E	10	N	2500	0	40	25	48	1	1	2	0	0	0	0	0	0	0	0	0	0	0	0	10971458	
1029	1	E	10	N	2500	0	40	312	946	44	27	25	0	0	0	0	0	0	0	0	0	0	0	0	10971692	
1030	1	E	10	N	2500	0	40	329	802	30	18	15	0	0	0	0	0	0	0	0	0	0	0	0	10971941	
1031	1	E	10	N	2500	0	40	23	36	1	1	0	0	0	0	0	0	0	0	0	0	0	0	0	10972362	
1032	1	E	10	N	2500	0	40	20	18	0	0	0	0	0	0	0	0	0	0	0	0	0	0	0	10972487	
1033	1	E	10	N	2500	0	40	22	46	1	2	2	0	0	0	0	0	0	0	0	0	0	0	0	10972768	
1034	1	E	10	N	2500	0	40	22	30	10	8	13	0	0	0	0	0	0	0	0	0	0	0	0	10972924	
1035	1	E	10	N	2500	0	40	31	53	3	3	3	0	0	0	0	0	0	0	0	0	0	0	0	10973704	
1036	1	E	10	N	2500	0	40	28	47	4	3	1	0	0	0	0	0	0	0	0	0	0	0	0	10973751	
1037	1	E	10	N	2500	0	40	29	54	2	1	1	0	0	0	0	0	0	0	0	0	0	0	0	10974063	
1038	1	E	10	N	2500	0	40	43	132	7	7	9	0	0	0	0	0	0	0	0	0	0	0	0	10974078	
1039	1	E	11	N	2500	0	40	27	43	1	1	2	0	0	0	0	0	0	0	0	0	0	0	0	10981722	
1040	1	E	11	N	2500	0	40	246	399	16	9	10	0	0	0	0	0	0	0	0	0	0	0	0	10982487	
1041	1	E	11	N	2500	0	40	24	45	3	3	4	0	0	0	0	0	0	0	0	0	0	0	0	10983111	
1042	1	E	11	N	2500	0	40	29	63	8	1	1	0	0	0	0	0	0	0	0	0	0	0	0	10983360	
1043	1	E	11	N	2500	0	40	26	35	1	1	1	0	0	0	0	0	0	0	0	0	0	0	0	10983750	
1044	1	E	11	N	2500	0	40	275	470	18	11	11	0	0	0	0	0	0	0	0	0	0	0	0	10984343	
1045	1	E	11	N	2500	0	40	255	404	20	8	10	0	0	0	0	0	0	0	0	0	0	0	0	10984390	
1046	1	E	11	N	2500	0	40	186	240	8	5	7	0	0	0	0	0	0	0	0	0	0	0	0	10985014	
1047	1	E	11	N	2500	0	40	23	29	2	0	0	0	0	0	0	0	0	0	0	0	0	0	0	10985076	
1048	1	E	11	N	2500	0	40	285	525	27	12	13	0	0	0	0	0	0	0	0	0	0	0	0	10985186	
1049	1	E	11	N	2500	0	40	207	304	9	6	8	0	0	0	0	0	0	0	0	0	0	0	0	10985763	
1050	1	E	11	N	2500	0	40	21	33	1	2	3	0	0	0	0	0	0	0	0	0	0	0	0	10985934	
1051	1	E	11	N	2500	0	40	271	408	15	6	8	0	0	0	0	0	0	0	0	0	0	0	0	10985981	
1052	1	E	11	N	2500	0	40	39	39	1	1	2	0	0	0	0	0	0	0	0	0	0	0	0	10986262	
1053	1	E	11	N	2500	0	40	49	114	9	7	10	0	0	0	0	0	0	0	0	0	0	0	0	10986933	
1054	1	E	11	N	2500	0	40	202	344	14	8	11	0	0	0	0	0	0	0	0	0	0	0	0	10987947	
1055	1	E	11	N	2500	0	40	123	389	15	9	9	0	0	0	0	0	0	0	0	0	0	0	0	10988290	
1056	1	E	11	N	2500	0	40	24	23	1	0	0	0	0	0	0	0	0	0	0	0	0	0	0	10988368	
1057	1	E	12	N	2500	0	40	301	641	24	12	13	0	0	0	0	0	0	0	0	0	0	0	0	11000848	
1058	1	F	1	N	2500	0	40	36	48	5	0	0	0	0	0	0	0	0	0	0	0	0	0	0	11012267	
1059	1	F	1	N	2500	0	40	59	167	22	2	1	0	0	0	0	0	0	0	0	0	0	0	0	11012361	
1060	1	F	1	N	2500	0	40	22	23	0	1	1	0	0	0	0	0	0	0	0	0	0	0	0	11012673	
1061	1	F	1	N	2500	0	40	30	55	2	2	2	0	0	0	0	0	0	0	0	0	0	0	0	11012704	
1062	1	F	1	N	2500	0	40	27	23	2	0	0	0	0	0	0	0	0	0	0	0	0	0	0	11013702	
1063	1	F	1	N	2500	0	40	27	54	3	0	0	0	0	0	0	0	0	0	0	0	0	0	0	11013952	
1064	1	F	1	N	2500	0	40	49	64	2	1	2	0	0	0	0	0	0	0	0	0	0	0	0	11014217	
1065	1	F	1	N	2500	0	40	491	1611	78	39	32	0	0	0	0	0	0	0	0	0	0	0	0	11014420	
1066	1	F	1	N	2500	0	40	369	1696	94	50	43	0	0	0	0	0	0	0	0	0	0	0	0	11014748	
1067	1	F	1	N	2500	0	40	32	36	4	1	1	0	0	0	0	0	0	0	0	0	0	0	0	11014888	
1068	1	F	1	N	2500	0	40	267	1297	67	32	25	0	0	0	0	0	0	0	0	0	0	0	0	11015106	
1069	1	F	1	N	2500	0	40	611	1907	98	53	44	0	0	0	0	0	0	0	0	0	0	0	0	11016573	
1070	1	F	1	N	2500	0	40	418	1060	51	18	18	0	0	0	0	0	0	0	0	0	0	0	0	11016682	
1071	1	F	1	N	2500	0	40	373	1537	72	39	35	0	0	0	0	0	0	0	0	0	0	0	0	11016682	
1072	1	F	1	N	2500	0	40	593	2033	116	51	41	0	0	0	0	0	0	0	0	0	0	0	0	11016916	
1073	1	F	1	N	2500	0	40	72	138	11	11	14	0	0	0	0	0	0	0	0	0	0	0	0	11017259	
1074	1	F	1	N	2500	0	40	166	225	17	18	20	0	0	0	0	0	0	0	0	0	0	0	0	11017259	
1075	1	F	1	N	2500	0	40	291	1743	131	66	58	0	0	0	0	0	0	0	0	0	0	0	0	11018242	
1076	1	F	1	N	2500	0	40	43	98	6	7	9	0	0	0	0	0	0	0	0	0	0	0	0	11018741	
1077	1	F	1	N	2500	0	40	31	33	1	1	1	0	0	0	0	0	0	0	0	0	0	0	0	11019053	
1078	1	F	2	N	2500	0	40	23	34	1	1	1	0	0	0	0	0	0	0	0	0	0	0	0	11027462	
1079	1	F	2	N	2500	0	40	22	36	1	1	2	0	0	0	0	0	0	0	0	0	0	0	0	11028507	
1080	1	F	2	N	2500	0	40	167	257	11	7	7	0	0	0	0	0	0	0	0	0	0	0	0	11028538	
1081	1	F	2	N	2500	0	40	33	52	3	3	2	0	0	0	0	0	0	0	0	0	0	0	0	11029068	
1082	1	F	2	N	2500	0	40	422	1201	68	27	23	0	0	0	0	0	0	0	0	0	0	0	0	11029131	
1083	1	F	2	N	2500	0	40	508	1558	77	40	34	0	0	0	0	0	0	0	0	0	0	0	0	11030738	
1084	1	F	2	N	2500	0	40	650	1672	97	40	31	0	0	0	0	0	0	0	0	0	0	0	0	11030753	
1085	1	F	2	N	2500	0	40	22	26	1	1	5	0	0	0	0	0	0	0	0	0	0	0	0	11031237	
1086	1	F	2	N	2500	0	40	21	25	0	1	1	0	0	0	0	0	0	0	0	0	0	0	0	11031424	
1087	1	F	2	N	2500	0	40	34	34	0	1	0	0	0	0	0	0	0	0	0	0	0	0	0	11031580	
1088	1	F	2	N	2500	0	40	459	1162	70	27	25	0	0	0	0	0	0	0	0	0	0	0	0	11032251	
1089	1	F	3	N	2500	0	40	20	22	0	0	0	0	0	0	0	0	0	0	0	0	0	0	0	11043576	
1090	1	F	3	N	2500	0	40	36	69	5	4	5	0	0	0	0	0	0	0	0	0	0	0	0	11044606	
1091	1	F	3	N	2500	0	40	406	911	41	19	20	0	0	0	0	0	0	0	0	0	0	0	0	11045823	
1092	1	F	3	N	2500	0	40	402	971	53	20	20	0	0	0	0	0	0	0	0	0	0	0	0	11046151	
1093	1	F	3	N	2500	0	40	26	23	0	0	0	0	0	0	0	0	0	0	0	0	0	0	0	11046650	
1094	1	F	3	N	2500	0	40	140	698	117	109	126	0	0	0	0	0	0	0	0	0	0	0	0	11046697	
1095	1	F	3	N	2500	0	40	44	135	9	8	10	0	0	0	0	0	0	0	0	0	0	0	0	11046743	
1096	1	F	3	N	2500	0	40	33	47	2	2	3	0	0	0	0	0	0	0	0	0	0	0	0	11046853	
1097	1	F	3	N	2500	0	40	451	1266	74	29	29	0	0	0	0	0	0	0	0	0	0	0	0	11047289	
1098	1	F	3	N	2500	0	40	33	67	3	3	4	0	0	0	0	0	0	0	0	0	0	0	0	11047445	
1099	1	F	3	N	2500	0	40	431	1202	76	29	28	0	0	0	0	0	0	0	0	0	0	0	0	11047711	
1100	1	F	3	N	2500	0	40	49	119	8	6	8	0	0	0	0	0	0	0	0	0	0	0	0	11047726	
1101	1	F	3	N	2500	0	40	34	74	14	15	15	0	0	0	0	0	0	0	0	0	0	0	0	11047742	
1102	1	F	3	N	2500	0	40	48	99	5	5	6	0	0	0	0	0	0	0	0	0	0	0	0	11048335	
1103	1	F	3	N	2500	0	40	256	1100	63	26	24	0	0	0	0	0	0	0	0	0	0	0	0	11048725	
1104	1	F	4	N	2500	0	40	21	23	4	0	0	0	0	0	0	0	0	0	0	0	0	0	0	11057398	
1105	1	F	4	N	2500	0	40	52	75	8	2	1	0	0	0	0	0	0	0	0	0	0	0	0	11057960	
1106	1	F	4	N	2500	0	40	38	43	5	0	1	0	0	0	0	0	0	0	0	0	0	0	0	11058802	
1107	1	F	4	N	2500	0	40	83	360	35	34	39	0	0	0	0	0	0	0	0	0	0	0	0	11061985	
1108	1	F	4	N	2500	0	40	26	46	2	2	3	0	0	0	0	0	0	0	0	0	0	0	0	11062281	
1109	1	F	4	N	2500	0	40	22	35	1	1	2	0	0	0	0	0	0	0	0	0	0	0	0	11062515	
1110	1	F	4	N	2500	0	40	193	709	23	15	17	0	0	0	0	0	0	0	0	0	0	0	0	11063061	
1111	1	F	4	N	2500	0	40	61	187	15	13	17	0	0	0	0	0	0	0	0	0	0	0	0	11063623	
1112	1	F	5	N	2500	0	40	30	40	7	0	0	0	0	0	0	0	0	0	0	0	0	0	0	11071157	
1113	1	F	5	N	2500	0	40	33	36	3	0	0	0	0	0	0	0	0	0	0	0	0	0	0	11071360	
1114	1	F	5	N	2500	0	40	21	23	2	0	0	0	0	0	0	0	0	0	0	0	0	0	0	11071610	
1115	1	F	5	N	2500	0	40	21	30	2	0	1	0	0	0	0	0	0	0	0	0	0	0	0	11072858	
1116	1	F	5	N	2500	0	40	21	27	1	1	0	0	0	0	0	0	0	0	0	0	0	0	0	11073497	
1117	1	F	5	N	2500	0	40	334	626	33	13	15	0	0	0	0	0	0	0	0	0	0	0	0	11073950	
1118	1	F	5	N	2500	0	40	34	71	13	1	1	0	0	0	0	0	0	0	0	0	0	0	0	11074043	
1119	1	F	5	N	2500	0	40	42	115	8	8	8	0	0	0	0	0	0	0	0	0	0	0	0	11074761	
1120	1	F	5	N	2500	0	40	40	92	4	4	6	0	0	0	0	0	0	0	0	0	0	0	0	11074964	
1121	1	F	5	N	2500	0	40	67	167	14	13	16	0	0	0	0	0	0	0	0	0	0	0	0	11076149	
1122	1	F	5	N	2500	0	40	40	67	5	2	1	0	0	0	0	0	0	0	0	0	0	0	0	11077257	
1123	1	F	5	N	2500	0	40	29	46	2	1	3	0	0	0	0	0	0	0	0	0	0	0	0	11078287	
1124	1	F	7	N	2500	0	40	24	31	2	0	1	0	0	0	0	0	0	0	0	0	0	0	0	11100688	
1125	1	F	7	N	2500	0	40	27	41	2	0	0	0	0	0	0	0	0	0	0	0	0	0	0	11101187	
1126	1	F	7	N	2500	0	40	46	157	22	1	3	0	0	0	0	0	0	0	0	0	0	0	0	11102747	
1127	1	F	7	N	2500	0	40	60	176	11	11	14	0	0	0	0	0	0	0	0	0	0	0	0	11102872	
1128	1	F	7	N	2500	0	40	110	126	11	2	2	0	0	0	0	0	0	0	0	0	0	0	0	11103215	
1129	1	F	7	N	2500	0	40	72	172	16	2	3	0	0	0	0	0	0	0	0	0	0	0	0	11103215	
1130	1	F	7	N	2500	0	40	33	82	6	5	6	0	0	0	0	0	0	0	0	0	0	0	0	11103637	
1131	1	F	7	N	2500	0	40	28	51	3	3	4	0	0	0	0	0	0	0	0	0	0	0	0	11103855	
1132	1	F	7	N	2500	0	40	523	1264	97	28	25	0	0	0	0	0	0	0	0	0	0	0	0	11104120	
1133	1	F	7	N	2500	0	40	42	65	2	3	3	0	0	0	0	0	0	0	0	0	0	0	0	11104276	
1134	1	F	7	N	2500	0	40	39	83	3	3	5	0	0	0	0	0	0	0	0	0	0	0	0	11104588	
1135	1	F	7	N	2500	0	40	24	35	1	1	2	0	0	0	0	0	0	0	0	0	0	0	0	11104619	
1136	1	F	7	N	2500	0	40	23	38	1	1	1	0	0	0	0	0	0	0	0	0	0	0	0	11106289	
1137	1	F	7	N	2500	0	40	35	79	4	4	5	0	0	0	0	0	0	0	0	0	0	0	0	11106616	
1138	1	F	7	N	2500	0	40	104	669	93	88	102	0	0	0	0	0	0	0	0	0	0	0	0	11106679	
1139	1	F	7	N	2500	0	40	270	905	40	18	18	0	0	0	0	0	0	0	0	0	0	0	0	11107131	
1140	1	F	7	N	2500	0	40	20	32	1	1	1	0	0	0	0	0	0	0	0	0	0	0	0	11107193	
1141	1	F	8	N	2500	0	40	41	54	2	2	2	0	0	0	0	0	0	0	0	0	0	0	0	11115446	
1142	1	F	8	N	2500	0	40	21	22	0	0	0	0	0	0	0	0	0	0	0	0	0	0	0	11115602	
1143	1	F	8	N	2500	0	40	27	46	5	5	4	0	0	0	0	0	0	0	0	0	0	0	0	11116616	
1144	1	F	8	N	2500	0	40	26	44	3	2	3	0	0	0	0	0	0	0	0	0	0	0	0	11116897	
1145	1	F	8	N	2500	0	40	28	42	1	1	1	0	0	0	0	0	0	0	0	0	0	0	0	11116928	
1146	1	F	8	N	2500	0	40	37	35	2	0	0	0	0	0	0	0	0	0	0	0	0	0	0	11117521	
1147	1	F	8	N	2500	0	40	34	78	4	4	7	0	0	0	0	0	0	0	0	0	0	0	0	11118207	
1148	1	F	8	N	2500	0	40	43	107	6	6	7	0	0	0	0	0	0	0	0	0	0	0	0	11118457	
1149	1	F	8	N	2500	0	40	322	1114	54	26	23	0	0	0	0	0	0	0	0	0	0	0	0	11119892	
1150	1	F	8	N	2500	0	40	47	77	3	3	4	0	0	0	0	0	0	0	0	0	0	0	0	11119954	
1151	1	F	8	N	2500	0	40	20	42	4	3	4	0	0	0	0	0	0	0	0	0	0	0	0	11120048	
1152	1	F	8	N	2500	0	40	20	24	0	1	1	0	0	0	0	0	0	0	0	0	0	0	0	11120282	
1153	1	F	8	N	2500	0	40	43	118	9	9	9	0	0	0	0	0	0	0	0	0	0	0	0	11121296	
1154	1	F	8	N	2500	0	40	35	54	3	3	3	0	0	0	0	0	0	0	0	0	0	0	0	11122138	
1155	1	F	9	N	2500	0	40	60	92	2	1	2	0	0	0	0	0	0	0	0	0	0	0	0	11130328	
1156	1	F	9	N	2500	0	40	38	82	7	5	5	0	0	0	0	0	0	0	0	0	0	0	0	11130500	
1157	1	F	9	N	2500	0	40	29	59	3	3	4	0	0	0	0	0	0	0	0	0	0	0	0	11131654	
1158	1	F	9	N	2500	0	40	39	72	5	1	2	0	0	0	0	0	0	0	0	0	0	0	0	11131795	
1159	1	F	9	N	2500	0	40	33	49	4	0	0	0	0	0	0	0	0	0	0	0	0	0	0	11131826	
1160	1	F	9	N	2500	0	40	37	74	5	0	0	0	0	0	0	0	0	0	0	0	0	0	0	11131966	
1161	1	F	9	N	2500	0	40	43	52	6	0	1	0	0	0	0	0	0	0	0	0	0	0	0	11133089	
1162	1	F	9	N	2500	0	40	312	653	33	12	11	0	0	0	0	0	0	0	0	0	0	0	0	11133292	
1163	1	F	9	N	2500	0	40	478	1077	44	24	23	0	0	0	0	0	0	0	0	0	0	0	0	11134868	
1164	1	F	9	N	2500	0	40	64	166	12	12	15	0	0	0	0	0	0	0	0	0	0	0	0	11135242	
1165	1	F	9	N	2500	0	40	46	141	13	11	14	0	0	0	0	0	0	0	0	0	0	0	0	11135258	
1166	1	F	9	N	2500	0	40	24	38	1	2	1	0	0	0	0	0	0	0	0	0	0	0	0	11136615	
1167	1	F	9	N	2500	0	40	43	118	6	7	9	0	0	0	0	0	0	0	0	0	0	0	0	11136818	
1168	1	F	9	N	2500	0	40	42	117	10	7	9	0	0	0	0	0	0	0	0	0	0	0	0	11136865	
1169	1	F	9	N	2500	0	40	30	47	4	4	4	0	0	0	0	0	0	0	0	0	0	0	0	11136943	
1170	1	F	9	N	2500	0	40	73	222	19	17	20	0	0	0	0	0	0	0	0	0	0	0	0	11137255	
1171	1	F	9	N	2500	0	40	41	41	4	0	0	0	0	0	0	0	0	0	0	0	0	0	0	11137286	
1172	1	F	10	N	2500	0	40	61	70	5	0	0	0	0	0	0	0	0	0	0	0	0	0	0	11144665	
1173	1	F	10	N	2500	0	40	106	233	12	12	13	0	0	0	0	0	0	0	0	0	0	0	0	11144836	
1174	1	F	10	N	2500	0	40	47	109	5	5	6	0	0	0	0	0	0	0	0	0	0	0	0	11145507	
1175	1	F	10	N	2500	0	40	85	260	12	9	13	0	0	0	0	0	0	0	0	0	0	0	0	11145819	
1176	1	F	10	N	2500	0	40	22	23	0	0	0	0	0	0	0	0	0	0	0	0	0	0	0	11145819	
1177	1	F	10	N	2500	0	40	37	44	1	1	2	0	0	0	0	0	0	0	0	0	0	0	0	11146287	
1178	1	F	10	N	2500	0	40	35	56	2	2	3	0	0	0	0	0	0	0	0	0	0	0	0	11146349	
1179	1	F	10	N	2500	0	40	29	51	2	2	2	0	0	0	0	0	0	0	0	0	0	0	0	11146490	
1180	1	F	10	N	2500	0	40	448	1102	46	27	25	0	0	0	0	0	0	0	0	0	0	0	0	11146505	
1181	1	F	10	N	2500	0	40	36	58	4	1	1	0	0	0	0	0	0	0	0	0	0	0	0	11146833	
1182	1	F	10	N	2500	0	40	139	413	17	14	18	0	0	0	0	0	0	0	0	0	0	0	0	11147332	
1183	1	F	10	N	2500	0	40	32	46	2	1	1	0	0	0	0	0	0	0	0	0	0	0	0	11147551	
1184	1	F	10	N	2500	0	40	30	25	0	0	1	0	0	0	0	0	0	0	0	0	0	0	0	11147566	
1185	1	F	10	N	2500	0	40	39	90	9	0	1	0	0	0	0	0	0	0	0	0	0	0	0	11147847	
1186	1	F	10	N	2500	0	40	302	563	24	11	14	0	0	0	0	0	0	0	0	0	0	0	0	11148112	
1187	1	F	10	N	2500	0	40	20	23	1	1	0	0	0	0	0	0	0	0	0	0	0	0	0	11148814	
1188	1	F	10	N	2500	0	40	28	31	0	0	1	0	0	0	0	0	0	0	0	0	0	0	0	11149064	
1189	1	F	10	N	2500	0	40	23	28	0	0	0	0	0	0	0	0	0	0	0	0	0	0	0	11149251	
1190	1	F	10	N	2500	0	40	24	20	0	0	0	0	0	0	0	0	0	0	0	0	0	0	0	11149750	
1191	1	F	10	N	2500	0	40	22	35	1	1	0	0	0	0	0	0	0	0	0	0	0	0	0	11150015	
1192	1	F	10	N	2500	0	40	27	39	3	0	0	0	0	0	0	0	0	0	0	0	0	0	0	11150031	
1193	1	F	10	N	2500	0	40	28	39	2	1	1	0	0	0	0	0	0	0	0	0	0	0	0	11150078	
1194	1	F	10	N	2500	0	40	25	27	0	0	1	0	0	0	0	0	0	0	0	0	0	0	0	11150717	
1195	1	F	10	N	2500	0	40	21	24	0	0	1	0	0	0	0	0	0	0	0	0	0	0	0	11150967	
1196	1	F	10	N	2500	0	40	46	139	9	10	12	0	0	0	0	0	0	0	0	0	0	0	0	11151029	
1197	1	F	10	N	2500	0	40	75	126	5	4	5	0	0	0	0	0	0	0	0	0	0	0	0	11151170	
1198	1	F	10	N	2500	0	40	20	19	0	0	0	0	0	0	0	0	0	0	0	0	0	0	0	11151232	
1199	1	F	10	N	2500	0	40	34	47	1	1	2	0	0	0	0	0	0	0	0	0	0	0	0	11151466	
1200	1	F	10	N	2500	0	40	20	36	3	0	0	0	0	0	0	0	0	0	0	0	0	0	0	11151529	
1201	1	F	11	N	2500	0	40	34	47	3	1	0	0	0	0	0	0	0	0	0	0	0	0	0	11159235	
1202	1	F	11	N	2500	0	40	20	18	1	0	0	0	0	0	0	0	0	0	0	0	0	0	0	11159329	
1203	1	F	11	N	2500	0	40	29	34	1	1	2	0	0	0	0	0	0	0	0	0	0	0	0	11159828	
1204	1	F	11	N	2500	0	40	293	386	14	10	9	0	0	0	0	0	0	0	0	0	0	0	0	11160592	
1205	1	F	11	N	2500	0	40	36	85	6	6	8	0	0	0	0	0	0	0	0	0	0	0	0	11161201	
1206	1	F	11	N	2500	0	40	21	32	7	7	5	0	0	0	0	0	0	0	0	0	0	0	0	11161341	
1207	1	F	11	N	2500	0	40	20	24	1	0	0	0	0	0	0	0	0	0	0	0	0	0	0	11161965	
1208	1	F	11	N	2500	0	40	26	42	2	2	2	0	0	0	0	0	0	0	0	0	0	0	0	11162371	
1209	1	F	11	N	2500	0	40	285	488	18	10	10	0	0	0	0	0	0	0	0	0	0	0	0	11162823	
1210	1	F	11	N	2500	0	40	98	614	84	99	112	0	0	0	0	0	0	0	0	0	0	0	0	11162886	
1211	1	F	11	N	2500	0	40	217	400	18	10	11	0	0	0	0	0	0	0	0	0	0	0	0	11164945	
1212	1	F	11	N	2500	0	40	147	261	8	6	6	0	0	0	0	0	0	0	0	0	0	0	0	11165038	
1213	1	F	11	N	2500	0	40	221	319	13	6	9	0	0	0	0	0	0	0	0	0	0	0	0	11165319	
1214	1	F	11	N	2500	0	40	22	31	1	1	1	0	0	0	0	0	0	0	0	0	0	0	0	11165460	
1215	1	F	11	N	2500	0	40	232	302	15	6	6	0	0	0	0	0	0	0	0	0	0	0	0	11165538	
1216	1	F	11	N	2500	0	40	31	36	1	1	1	0	0	0	0	0	0	0	0	0	0	0	0	11166474	
