Id	Plate	Row	Column	Clog	Scan rate	Status sort	Status sel	TOF	EXT	Green	Yellow	Red	PH Ext	PW Ext	PC Ext	PH Green	PW Green	PCGreen	PH Yellow	PW Yellow	PCYellow	PH Red	PW Red	PCRed	Time Stamp	
0	1	A	1	N	2500	0	40	504	1492	120	42	30	0	0	0	0	0	0	0	0	0	0	0	0	4340181	
1	1	A	1	N	2500	0	40	404	1319	80	33	24	0	0	0	0	0	0	0	0	0	0	0	0	4340196	
2	1	A	1	N	2500	0	40	110	209	52	60	67	0	0	0	0	0	0	0	0	0	0	0	0	4340212	
3	1	A	1	N	2500	0	40	222	561	30	12	9	0	0	0	0	0	0	0	0	0	0	0	0	4340321	
4	1	A	1	N	2500	0	40	460	1503	93	38	28	0	0	0	0	0	0	0	0	0	0	0	0	4340368	
5	1	A	1	N	2500	0	40	452	1341	73	32	24	0	0	0	0	0	0	0	0	0	0	0	0	4340883	
6	1	A	1	N	2500	0	40	191	878	47	20	14	0	0	0	0	0	0	0	0	0	0	0	0	4341257	
7	1	A	1	N	2500	0	40	202	1017	46	21	17	0	0	0	0	0	0	0	0	0	0	0	0	4341320	
8	1	A	1	N	2500	0	40	315	709	36	14	10	0	0	0	0	0	0	0	0	0	0	0	0	4341476	
9	1	A	1	N	2500	0	40	353	988	51	21	17	0	0	0	0	0	0	0	0	0	0	0	0	4341678	
10	1	A	1	N	2500	0	40	432	1383	69	33	23	0	0	0	0	0	0	0	0	0	0	0	0	4341788	
11	1	A	1	N	2500	0	40	22	33	6	6	4	0	0	0	0	0	0	0	0	0	0	0	0	4342614	
12	1	A	1	N	2500	0	40	29	33	0	1	1	0	0	0	0	0	0	0	0	0	0	0	0	4342911	
13	1	A	1	N	2500	0	40	380	1096	47	22	16	0	0	0	0	0	0	0	0	0	0	0	0	4343223	
14	1	A	1	N	2500	0	40	549	1661	71	34	24	0	0	0	0	0	0	0	0	0	0	0	0	4343285	
15	1	A	1	N	2500	0	40	450	1045	53	21	16	0	0	0	0	0	0	0	0	0	0	0	0	4343301	
16	1	A	1	N	2500	0	40	390	1117	57	24	17	0	0	0	0	0	0	0	0	0	0	0	0	4343363	
17	1	A	1	N	2500	0	40	377	1036	54	24	22	0	0	0	0	0	0	0	0	0	0	0	0	4343519	
18	1	A	1	N	2500	0	40	223	1052	52	25	17	0	0	0	0	0	0	0	0	0	0	0	0	4343535	
19	1	A	1	N	2500	0	40	408	1125	50	28	26	0	0	0	0	0	0	0	0	0	0	0	0	4343613	
20	1	A	1	N	2500	0	40	358	843	29	15	12	0	0	0	0	0	0	0	0	0	0	0	0	4343862	
21	1	A	1	N	2500	0	40	316	820	31	17	12	0	0	0	0	0	0	0	0	0	0	0	0	4344003	
22	1	A	1	N	2500	0	40	408	1181	93	28	19	0	0	0	0	0	0	0	0	0	0	0	0	4344299	
23	1	A	1	N	2500	0	40	431	1329	70	31	24	0	0	0	0	0	0	0	0	0	0	0	0	4344346	
24	1	A	1	N	2500	0	40	394	1134	52	24	18	0	0	0	0	0	0	0	0	0	0	0	0	4344455	
25	1	A	1	N	2500	0	40	408	1383	81	31	23	0	0	0	0	0	0	0	0	0	0	0	0	4344580	
26	1	A	1	N	2500	0	40	145	410	136	168	194	0	0	0	0	0	0	0	0	0	0	0	0	4344580	
27	1	A	1	N	2500	0	40	368	1182	58	24	20	0	0	0	0	0	0	0	0	0	0	0	0	4344596	
28	1	A	1	N	2500	0	40	113	447	14	8	5	0	0	0	0	0	0	0	0	0	0	0	0	4344861	
29	1	A	1	N	2500	0	40	506	1609	74	34	24	0	0	0	0	0	0	0	0	0	0	0	0	4345001	
30	1	A	1	N	2500	0	40	429	1305	77	32	27	0	0	0	0	0	0	0	0	0	0	0	0	4345157	
31	1	A	1	N	2500	0	40	368	1179	48	26	21	0	0	0	0	0	0	0	0	0	0	0	0	4345157	
32	1	A	1	N	2500	0	40	540	1663	80	34	24	0	0	0	0	0	0	0	0	0	0	0	0	4345282	
33	1	A	1	N	2500	0	40	28	53	2	2	2	0	0	0	0	0	0	0	0	0	0	0	0	4345313	
34	1	A	1	N	2500	0	40	440	1076	64	25	17	0	0	0	0	0	0	0	0	0	0	0	0	4345407	
35	1	A	1	N	2500	0	40	202	814	37	16	11	0	0	0	0	0	0	0	0	0	0	0	0	4345407	
36	1	A	1	N	2500	0	40	293	946	49	24	15	0	0	0	0	0	0	0	0	0	0	0	0	4345781	
37	1	A	1	N	2500	0	40	28	28	0	0	0	0	0	0	0	0	0	0	0	0	0	0	0	4345844	
38	1	A	1	N	2500	0	40	350	1071	59	23	16	0	0	0	0	0	0	0	0	0	0	0	0	4346468	
39	1	A	1	N	2500	0	40	473	1097	45	22	18	0	0	0	0	0	0	0	0	0	0	0	0	4346717	
40	1	A	1	N	2500	0	40	52	74	6	7	8	0	0	0	0	0	0	0	0	0	0	0	0	4346904	
41	1	A	1	N	2500	0	40	511	1616	97	36	27	0	0	0	0	0	0	0	0	0	0	0	0	4347029	
42	1	A	1	N	2500	0	40	290	1331	77	34	26	0	0	0	0	0	0	0	0	0	0	0	0	4347092	
43	1	A	1	N	2500	0	40	418	1396	76	31	24	0	0	0	0	0	0	0	0	0	0	0	0	4347138	
44	1	B	1	N	2500	0	40	34	42	4	2	0	0	0	0	0	0	0	0	0	0	0	0	0	4355438	
45	1	B	1	N	2500	0	40	23	29	0	1	1	0	0	0	0	0	0	0	0	0	0	0	0	4355640	
46	1	B	1	N	2500	0	40	42	71	9	5	2	0	0	0	0	0	0	0	0	0	0	0	0	4356280	
47	1	B	1	N	2500	0	40	61	237	20	20	27	0	0	0	0	0	0	0	0	0	0	0	0	4356530	
48	1	B	1	N	2500	0	40	21	35	2	0	0	0	0	0	0	0	0	0	0	0	0	0	0	4356670	
49	1	B	1	N	2500	0	40	352	1045	56	24	20	0	0	0	0	0	0	0	0	0	0	0	0	4356717	
50	1	B	1	N	2500	0	40	218	465	12	8	7	0	0	0	0	0	0	0	0	0	0	0	0	4357044	
51	1	B	1	N	2500	0	40	276	915	53	20	16	0	0	0	0	0	0	0	0	0	0	0	0	4357138	
52	1	B	1	N	2500	0	40	21	18	2	1	0	0	0	0	0	0	0	0	0	0	0	0	0	4357403	
53	1	B	1	N	2500	0	40	50	47	2	2	2	0	0	0	0	0	0	0	0	0	0	0	0	4357653	
54	1	B	1	N	2500	0	40	249	774	44	18	15	0	0	0	0	0	0	0	0	0	0	0	0	4358074	
55	1	B	1	N	2500	0	40	217	656	27	13	12	0	0	0	0	0	0	0	0	0	0	0	0	4358152	
56	1	B	1	N	2500	0	40	382	998	63	27	21	0	0	0	0	0	0	0	0	0	0	0	0	4358402	
57	1	B	1	N	2500	0	40	70	98	11	6	4	0	0	0	0	0	0	0	0	0	0	0	0	4358916	
58	1	B	1	N	2500	0	40	298	689	37	15	13	0	0	0	0	0	0	0	0	0	0	0	0	4359197	
59	1	B	1	N	2500	0	40	28	48	7	7	8	0	0	0	0	0	0	0	0	0	0	0	0	4359306	
60	1	B	1	N	2500	0	40	261	759	26	16	18	0	0	0	0	0	0	0	0	0	0	0	0	4359525	
61	1	B	1	N	2500	0	40	24	36	6	6	9	0	0	0	0	0	0	0	0	0	0	0	0	4359837	
62	1	B	1	N	2500	0	40	185	462	20	10	8	0	0	0	0	0	0	0	0	0	0	0	0	4360305	
63	1	B	1	N	2500	0	40	302	896	49	21	19	0	0	0	0	0	0	0	0	0	0	0	0	4360586	
64	1	B	1	N	2500	0	40	113	252	66	75	79	0	0	0	0	0	0	0	0	0	0	0	0	4360851	
65	1	B	1	N	2500	0	40	43	51	1	1	2	0	0	0	0	0	0	0	0	0	0	0	0	4360913	
66	1	B	1	N	2500	0	40	340	1264	59	29	29	0	0	0	0	0	0	0	0	0	0	0	0	4361256	
67	1	B	1	N	2500	0	40	20	17	1	1	0	0	0	0	0	0	0	0	0	0	0	0	0	4362270	
68	1	C	1	N	2500	0	40	231	754	38	20	0	0	0	0	0	0	0	0	0	0	0	0	0	4369587	
69	1	C	1	N	2500	0	40	303	780	38	20	15	0	0	0	0	0	0	0	0	0	0	0	0	4370975	
70	1	C	1	N	2500	0	40	349	970	37	20	17	0	0	0	0	0	0	0	0	0	0	0	0	4371038	
71	1	C	1	N	2500	0	40	33	37	2	0	0	0	0	0	0	0	0	0	0	0	0	0	0	4371396	
72	1	C	1	N	2500	0	40	223	740	44	21	16	0	0	0	0	0	0	0	0	0	0	0	0	4371396	
73	1	C	1	N	2500	0	40	302	885	57	23	20	0	0	0	0	0	0	0	0	0	0	0	0	4371521	
74	1	C	1	N	2500	0	40	308	1010	49	26	22	0	0	0	0	0	0	0	0	0	0	0	0	4371599	
75	1	C	1	N	2500	0	40	132	553	23	12	9	0	0	0	0	0	0	0	0	0	0	0	0	4371615	
76	1	C	1	N	2500	0	40	20	27	0	0	1	0	0	0	0	0	0	0	0	0	0	0	0	4371849	
77	1	C	1	N	2500	0	40	44	104	7	6	9	0	0	0	0	0	0	0	0	0	0	0	0	4372395	
78	1	C	1	N	2500	0	40	28	25	1	1	1	0	0	0	0	0	0	0	0	0	0	0	0	4372582	
79	1	C	1	N	2500	0	40	98	183	44	55	67	0	0	0	0	0	0	0	0	0	0	0	0	4374750	
80	1	C	1	N	2500	0	40	338	828	66	21	16	0	0	0	0	0	0	0	0	0	0	0	0	4374797	
81	1	C	1	N	2500	0	40	290	656	31	15	12	0	0	0	0	0	0	0	0	0	0	0	0	4375016	
82	1	C	1	N	2500	0	40	26	47	4	1	1	0	0	0	0	0	0	0	0	0	0	0	0	4375640	
83	1	C	1	N	2500	0	40	217	753	36	17	16	0	0	0	0	0	0	0	0	0	0	0	0	4375671	
84	1	C	1	N	2500	0	40	275	883	55	25	20	0	0	0	0	0	0	0	0	0	0	0	0	4375827	
85	1	C	1	N	2500	0	40	100	588	67	67	76	0	0	0	0	0	0	0	0	0	0	0	0	4375952	
86	1	C	1	N	2500	0	40	122	405	15	9	8	0	0	0	0	0	0	0	0	0	0	0	0	4376685	
87	1	D	1	N	2500	0	40	27	53	2	1	1	0	0	0	0	0	0	0	0	0	0	0	0	4384344	
88	1	D	1	N	2500	0	40	31	38	1	1	3	0	0	0	0	0	0	0	0	0	0	0	0	4384703	
89	1	D	1	N	2500	0	40	452	702	64	22	20	0	0	0	0	0	0	0	0	0	0	0	0	4385000	
90	1	D	1	N	2500	0	40	285	781	30	19	14	0	0	0	0	0	0	0	0	0	0	0	0	4385171	
91	1	D	1	N	2500	0	40	184	469	13	9	8	0	0	0	0	0	0	0	0	0	0	0	0	4385171	
92	1	D	1	N	2500	0	40	226	619	24	14	11	0	0	0	0	0	0	0	0	0	0	0	0	4385452	
93	1	D	1	N	2500	0	40	28	52	2	2	3	0	0	0	0	0	0	0	0	0	0	0	0	4385889	
94	1	D	1	N	2500	0	40	239	494	16	9	9	0	0	0	0	0	0	0	0	0	0	0	0	4386279	
95	1	D	1	N	2500	0	40	297	827	39	18	13	0	0	0	0	0	0	0	0	0	0	0	0	4386638	
96	1	D	1	N	2500	0	40	216	807	41	21	17	0	0	0	0	0	0	0	0	0	0	0	0	4387074	
97	1	D	1	N	2500	0	40	322	634	35	13	11	0	0	0	0	0	0	0	0	0	0	0	0	4387168	
98	1	D	1	N	2500	0	40	324	624	37	13	14	0	0	0	0	0	0	0	0	0	0	0	0	4387246	
99	1	D	1	N	2500	0	40	334	1103	63	27	24	0	0	0	0	0	0	0	0	0	0	0	0	4387761	
100	1	D	1	N	2500	0	40	22	22	1	1	1	0	0	0	0	0	0	0	0	0	0	0	0	4387995	
101	1	D	1	N	2500	0	40	322	993	55	23	19	0	0	0	0	0	0	0	0	0	0	0	0	4388010	
102	1	D	1	N	2500	0	40	213	480	18	9	10	0	0	0	0	0	0	0	0	0	0	0	0	4388166	
103	1	D	1	N	2500	0	40	293	932	51	24	21	0	0	0	0	0	0	0	0	0	0	0	0	4388244	
104	1	D	1	N	2500	0	40	330	970	44	21	16	0	0	0	0	0	0	0	0	0	0	0	0	4388291	
105	1	D	1	N	2500	0	40	254	858	44	23	19	0	0	0	0	0	0	0	0	0	0	0	0	4388447	
106	1	D	1	N	2500	0	40	203	672	35	19	16	0	0	0	0	0	0	0	0	0	0	0	0	4388681	
107	1	D	1	N	2500	0	40	209	474	15	8	7	0	0	0	0	0	0	0	0	0	0	0	0	4388775	
108	1	D	1	N	2500	0	40	304	686	22	12	8	0	0	0	0	0	0	0	0	0	0	0	0	4388962	
109	1	D	1	N	2500	0	40	352	857	43	24	23	0	0	0	0	0	0	0	0	0	0	0	0	4389305	
110	1	D	1	N	2500	0	40	222	780	284	332	354	0	0	0	0	0	0	0	0	0	0	0	0	4389430	
111	1	D	1	N	2500	0	40	97	334	103	124	143	0	0	0	0	0	0	0	0	0	0	0	0	4389929	
112	1	D	1	N	2500	0	40	207	680	38	18	16	0	0	0	0	0	0	0	0	0	0	0	0	4390054	
113	1	D	1	N	2500	0	40	25	39	4	4	4	0	0	0	0	0	0	0	0	0	0	0	0	4390319	
114	1	D	1	N	2500	0	40	25	40	6	6	5	0	0	0	0	0	0	0	0	0	0	0	0	4390319	
115	1	D	1	N	2500	0	40	28	44	6	6	7	0	0	0	0	0	0	0	0	0	0	0	0	4390319	
116	1	D	1	N	2500	0	40	180	469	18	9	8	0	0	0	0	0	0	0	0	0	0	0	0	4390522	
117	1	D	1	N	2500	0	40	175	484	19	9	6	0	0	0	0	0	0	0	0	0	0	0	0	4390631	
118	1	D	1	N	2500	0	40	225	531	24	11	8	0	0	0	0	0	0	0	0	0	0	0	0	4390740	
119	1	D	1	N	2500	0	40	446	1081	62	27	24	0	0	0	0	0	0	0	0	0	0	0	0	4391193	
120	1	D	1	N	2500	0	40	32	71	4	3	2	0	0	0	0	0	0	0	0	0	0	0	0	4391318	
121	1	D	1	N	2500	0	40	33	30	1	1	0	0	0	0	0	0	0	0	0	0	0	0	0	4391614	
122	1	D	1	N	2500	0	40	304	840	37	20	17	0	0	0	0	0	0	0	0	0	0	0	0	4391754	
123	1	E	1	N	2500	0	40	116	369	11	8	7	0	0	0	0	0	0	0	0	0	0	0	0	4399523	
124	1	E	1	N	2500	0	40	297	600	23	11	10	0	0	0	0	0	0	0	0	0	0	0	0	4400490	
125	1	E	1	N	2500	0	40	111	368	16	11	9	0	0	0	0	0	0	0	0	0	0	0	0	4400787	
126	1	E	1	N	2500	0	40	200	707	34	19	17	0	0	0	0	0	0	0	0	0	0	0	0	4401801	
127	1	E	1	N	2500	0	40	242	705	38	18	12	0	0	0	0	0	0	0	0	0	0	0	0	4401957	
128	1	E	1	N	2500	0	40	186	463	20	10	11	0	0	0	0	0	0	0	0	0	0	0	0	4402050	
129	1	E	1	N	2500	0	40	237	730	31	18	12	0	0	0	0	0	0	0	0	0	0	0	0	4402113	
130	1	E	1	N	2500	0	40	21	25	1	0	1	0	0	0	0	0	0	0	0	0	0	0	0	4403439	
131	1	E	1	N	2500	0	40	187	523	18	10	8	0	0	0	0	0	0	0	0	0	0	0	0	4404515	
132	1	E	1	N	2500	0	40	249	537	16	8	9	0	0	0	0	0	0	0	0	0	0	0	0	4404812	
133	1	E	1	N	2500	0	40	25	40	8	9	11	0	0	0	0	0	0	0	0	0	0	0	0	4404843	
134	1	E	1	N	2500	0	40	231	713	36	17	15	0	0	0	0	0	0	0	0	0	0	0	0	4404905	
135	1	E	1	N	2500	0	40	25	40	7	9	9	0	0	0	0	0	0	0	0	0	0	0	0	4404905	
136	1	E	1	N	2500	0	40	241	881	41	21	16	0	0	0	0	0	0	0	0	0	0	0	0	4404999	
137	1	E	1	N	2500	0	40	29	61	3	4	5	0	0	0	0	0	0	0	0	0	0	0	0	4405139	
138	1	F	1	N	2500	0	40	21	32	1	1	1	0	0	0	0	0	0	0	0	0	0	0	0	4414109	
139	1	F	1	N	2500	0	40	278	533	19	10	8	0	0	0	0	0	0	0	0	0	0	0	0	4414218	
140	1	F	1	N	2500	0	40	20	22	0	1	1	0	0	0	0	0	0	0	0	0	0	0	0	4414390	
141	1	F	1	N	2500	0	40	303	738	38	15	9	0	0	0	0	0	0	0	0	0	0	0	0	4414858	
142	1	F	1	N	2500	0	40	21	39	2	2	2	0	0	0	0	0	0	0	0	0	0	0	0	4414905	
143	1	F	1	N	2500	0	40	267	659	18	11	9	0	0	0	0	0	0	0	0	0	0	0	0	4414905	
144	1	F	1	N	2500	0	40	174	446	15	8	6	0	0	0	0	0	0	0	0	0	0	0	0	4415123	
145	1	F	1	N	2500	0	40	178	437	11	7	5	0	0	0	0	0	0	0	0	0	0	0	0	4415872	
146	1	F	1	N	2500	0	40	24	47	1	1	2	0	0	0	0	0	0	0	0	0	0	0	0	4415872	
147	1	F	1	N	2500	0	40	24	27	1	1	2	0	0	0	0	0	0	0	0	0	0	0	0	4416246	
148	1	F	1	N	2500	0	40	310	753	38	17	11	0	0	0	0	0	0	0	0	0	0	0	0	4416652	
149	1	F	1	N	2500	0	40	224	500	16	10	9	0	0	0	0	0	0	0	0	0	0	0	0	4416699	
150	1	F	1	N	2500	0	40	293	710	30	16	12	0	0	0	0	0	0	0	0	0	0	0	0	4416980	
151	1	F	1	N	2500	0	40	268	729	31	15	14	0	0	0	0	0	0	0	0	0	0	0	0	4417058	
152	1	F	1	N	2500	0	40	170	395	15	8	6	0	0	0	0	0	0	0	0	0	0	0	0	4417182	
153	1	F	1	N	2500	0	40	201	567	25	13	10	0	0	0	0	0	0	0	0	0	0	0	0	4417323	
154	1	F	1	N	2500	0	40	149	490	22	9	8	0	0	0	0	0	0	0	0	0	0	0	0	4417479	
155	1	F	1	N	2500	0	40	204	531	23	13	10	0	0	0	0	0	0	0	0	0	0	0	0	4417541	
156	1	F	1	N	2500	0	40	155	389	19	10	8	0	0	0	0	0	0	0	0	0	0	0	0	4417666	
157	1	F	1	N	2500	0	40	183	592	21	11	9	0	0	0	0	0	0	0	0	0	0	0	0	4417760	
158	1	F	1	N	2500	0	40	308	1343	491	630	759	0	0	0	0	0	0	0	0	0	0	0	0	4417931	
159	1	F	1	N	2500	0	40	210	516	15	9	8	0	0	0	0	0	0	0	0	0	0	0	0	4417994	
160	1	F	1	N	2500	0	40	259	644	22	12	12	0	0	0	0	0	0	0	0	0	0	0	0	4418259	
161	1	F	1	N	2500	0	40	74	346	13	7	6	0	0	0	0	0	0	0	0	0	0	0	0	4418805	
162	1	F	1	N	2500	0	40	30	34	1	0	0	0	0	0	0	0	0	0	0	0	0	0	0	4418805	
163	1	F	1	N	2500	0	40	199	548	21	12	8	0	0	0	0	0	0	0	0	0	0	0	0	4419086	
164	1	F	1	N	2500	0	40	26	40	6	8	7	0	0	0	0	0	0	0	0	0	0	0	0	4419101	
165	1	F	1	N	2500	0	40	129	427	18	10	9	0	0	0	0	0	0	0	0	0	0	0	0	4419117	
166	1	F	1	N	2500	0	40	200	507	20	10	9	0	0	0	0	0	0	0	0	0	0	0	0	4419476	
167	1	F	1	N	2500	0	40	25	22	0	0	0	0	0	0	0	0	0	0	0	0	0	0	0	4419678	
168	1	F	1	N	2500	0	40	29	49	12	15	17	0	0	0	0	0	0	0	0	0	0	0	0	4419819	
169	1	F	1	N	2500	0	40	282	570	27	11	8	0	0	0	0	0	0	0	0	0	0	0	0	4420380	
170	1	F	1	N	2500	0	40	178	439	12	9	5	0	0	0	0	0	0	0	0	0	0	0	0	4420958	
171	1	G	1	N	2500	0	40	29	36	6	1	1	0	0	0	0	0	0	0	0	0	0	0	0	4428399	
172	1	G	1	N	2500	0	40	114	275	10	5	4	0	0	0	0	0	0	0	0	0	0	0	0	4428492	
173	1	G	1	N	2500	0	40	247	653	29	14	9	0	0	0	0	0	0	0	0	0	0	0	0	4428508	
174	1	G	1	N	2500	0	40	22	22	3	1	1	0	0	0	0	0	0	0	0	0	0	0	0	4428524	
175	1	G	1	N	2500	0	40	20	36	5	6	6	0	0	0	0	0	0	0	0	0	0	0	0	4428648	
176	1	G	1	N	2500	0	40	217	898	376	472	572	0	0	0	0	0	0	0	0	0	0	0	0	4428820	
177	1	G	1	N	2500	0	40	244	619	21	11	9	0	0	0	0	0	0	0	0	0	0	0	0	4428820	
178	1	G	1	N	2500	0	40	219	437	14	7	5	0	0	0	0	0	0	0	0	0	0	0	0	4428992	
179	1	G	1	N	2500	0	40	195	473	13	7	8	0	0	0	0	0	0	0	0	0	0	0	0	4429101	
180	1	G	1	N	2500	0	40	24	34	3	1	0	0	0	0	0	0	0	0	0	0	0	0	0	4429116	
181	1	G	1	N	2500	0	40	187	373	13	8	6	0	0	0	0	0	0	0	0	0	0	0	0	4429148	
182	1	G	1	N	2500	0	40	206	565	24	13	11	0	0	0	0	0	0	0	0	0	0	0	0	4429163	
183	1	G	1	N	2500	0	40	31	45	6	1	3	0	0	0	0	0	0	0	0	0	0	0	0	4429257	
184	1	G	1	N	2500	0	40	30	47	5	2	2	0	0	0	0	0	0	0	0	0	0	0	0	4429304	
185	1	G	1	N	2500	0	40	28	56	7	2	3	0	0	0	0	0	0	0	0	0	0	0	0	4429350	
186	1	G	1	N	2500	0	40	38	60	3	3	5	0	0	0	0	0	0	0	0	0	0	0	0	4429397	
187	1	G	1	N	2500	0	40	40	34	1	1	3	0	0	0	0	0	0	0	0	0	0	0	0	4429397	
188	1	G	1	N	2500	0	40	238	473	18	8	8	0	0	0	0	0	0	0	0	0	0	0	0	4429397	
189	1	G	1	N	2500	0	40	217	448	10	6	8	0	0	0	0	0	0	0	0	0	0	0	0	4429413	
190	1	G	1	N	2500	0	40	240	485	20	8	7	0	0	0	0	0	0	0	0	0	0	0	0	4429428	
191	1	G	1	N	2500	0	40	30	38	3	2	1	0	0	0	0	0	0	0	0	0	0	0	0	4429553	
192	1	G	1	N	2500	0	40	26	22	1	0	1	0	0	0	0	0	0	0	0	0	0	0	0	4429647	
193	1	G	1	N	2500	0	40	278	530	15	8	8	0	0	0	0	0	0	0	0	0	0	0	0	4429725	
194	1	G	1	N	2500	0	40	25	28	2	0	0	0	0	0	0	0	0	0	0	0	0	0	0	4429959	
195	1	G	1	N	2500	0	40	251	619	19	10	11	0	0	0	0	0	0	0	0	0	0	0	0	4429990	
196	1	G	1	N	2500	0	40	23	44	6	1	1	0	0	0	0	0	0	0	0	0	0	0	0	4430021	
197	1	G	1	N	2500	0	40	221	489	15	8	7	0	0	0	0	0	0	0	0	0	0	0	0	4430037	
198	1	G	1	N	2500	0	40	47	57	1	1	1	0	0	0	0	0	0	0	0	0	0	0	0	4430084	
199	1	G	1	N	2500	0	40	36	37	2	1	2	0	0	0	0	0	0	0	0	0	0	0	0	4430208	
200	1	G	1	N	2500	0	40	236	649	22	11	8	0	0	0	0	0	0	0	0	0	0	0	0	4430318	
201	1	G	1	N	2500	0	40	23	28	0	0	0	0	0	0	0	0	0	0	0	0	0	0	0	4430520	
202	1	G	1	N	2500	0	40	32	62	5	2	1	0	0	0	0	0	0	0	0	0	0	0	0	4430630	
203	1	G	1	N	2500	0	40	241	592	22	12	11	0	0	0	0	0	0	0	0	0	0	0	0	4430801	
204	1	G	1	N	2500	0	40	33	48	5	0	1	0	0	0	0	0	0	0	0	0	0	0	0	4430832	
205	1	G	1	N	2500	0	40	23	25	3	0	0	0	0	0	0	0	0	0	0	0	0	0	0	4430848	
206	1	G	1	N	2500	0	40	155	476	189	243	310	0	0	0	0	0	0	0	0	0	0	0	0	4430864	
207	1	G	1	N	2500	0	40	154	642	234	298	382	0	0	0	0	0	0	0	0	0	0	0	0	4431160	
208	1	G	1	N	2500	0	40	21	29	7	9	9	0	0	0	0	0	0	0	0	0	0	0	0	4431160	
209	1	G	1	N	2500	0	40	25	29	4	1	1	0	0	0	0	0	0	0	0	0	0	0	0	4431207	
210	1	G	1	N	2500	0	40	26	61	9	2	3	0	0	0	0	0	0	0	0	0	0	0	0	4431503	
211	1	G	1	N	2500	0	40	253	591	18	9	8	0	0	0	0	0	0	0	0	0	0	0	0	4431612	
212	1	G	1	N	2500	0	40	293	404	24	7	6	0	0	0	0	0	0	0	0	0	0	0	0	4431675	
213	1	G	1	N	2500	0	40	194	463	15	7	7	0	0	0	0	0	0	0	0	0	0	0	0	4431690	
214	1	G	1	N	2500	0	40	161	487	186	232	285	0	0	0	0	0	0	0	0	0	0	0	0	4431753	
215	1	G	1	N	2500	0	40	35	74	3	2	3	0	0	0	0	0	0	0	0	0	0	0	0	4431846	
216	1	G	1	N	2500	0	40	24	26	3	1	1	0	0	0	0	0	0	0	0	0	0	0	0	4431893	
217	1	G	1	N	2500	0	40	24	34	5	1	1	0	0	0	0	0	0	0	0	0	0	0	0	4432080	
218	1	G	1	N	2500	0	40	233	679	28	13	11	0	0	0	0	0	0	0	0	0	0	0	0	4432112	
219	1	G	1	N	2500	0	40	193	421	11	7	8	0	0	0	0	0	0	0	0	0	0	0	0	4432190	
220	1	G	1	N	2500	0	40	199	424	14	7	5	0	0	0	0	0	0	0	0	0	0	0	0	4432502	
221	1	G	1	N	2500	0	40	21	29	1	1	1	0	0	0	0	0	0	0	0	0	0	0	0	4432626	
222	1	G	1	N	2500	0	40	25	27	3	1	1	0	0	0	0	0	0	0	0	0	0	0	0	4432704	
223	1	G	1	N	2500	0	40	225	561	23	9	9	0	0	0	0	0	0	0	0	0	0	0	0	4432704	
224	1	G	1	N	2500	0	40	46	113	19	5	5	0	0	0	0	0	0	0	0	0	0	0	0	4432736	
225	1	G	1	N	2500	0	40	313	659	21	10	9	0	0	0	0	0	0	0	0	0	0	0	0	4432782	
226	1	G	1	N	2500	0	40	200	524	17	9	8	0	0	0	0	0	0	0	0	0	0	0	0	4432814	
227	1	G	1	N	2500	0	40	21	24	3	0	1	0	0	0	0	0	0	0	0	0	0	0	0	4432814	
228	1	G	1	N	2500	0	40	214	501	16	8	7	0	0	0	0	0	0	0	0	0	0	0	0	4432876	
229	1	G	1	N	2500	0	40	245	632	21	12	10	0	0	0	0	0	0	0	0	0	0	0	0	4432876	
230	1	G	1	N	2500	0	40	29	25	1	0	1	0	0	0	0	0	0	0	0	0	0	0	0	4432907	
231	1	G	1	N	2500	0	40	183	404	13	5	5	0	0	0	0	0	0	0	0	0	0	0	0	4433188	
232	1	G	1	N	2500	0	40	210	492	21	9	8	0	0	0	0	0	0	0	0	0	0	0	0	4433406	
233	1	G	1	N	2500	0	40	241	560	17	9	9	0	0	0	0	0	0	0	0	0	0	0	0	4433453	
234	1	G	1	N	2500	0	40	36	33	1	1	1	0	0	0	0	0	0	0	0	0	0	0	0	4433469	
235	1	G	1	N	2500	0	40	354	569	22	11	10	0	0	0	0	0	0	0	0	0	0	0	0	4433516	
236	1	G	1	N	2500	0	40	46	57	7	3	1	0	0	0	0	0	0	0	0	0	0	0	0	4433656	
237	1	G	1	N	2500	0	40	264	531	16	7	5	0	0	0	0	0	0	0	0	0	0	0	0	4433890	
238	1	G	1	N	2500	0	40	23	34	5	4	5	0	0	0	0	0	0	0	0	0	0	0	0	4433952	
239	1	G	1	N	2500	0	40	267	480	17	9	10	0	0	0	0	0	0	0	0	0	0	0	0	4434015	
240	1	G	1	N	2500	0	40	204	411	14	6	5	0	0	0	0	0	0	0	0	0	0	0	0	4434062	
241	1	G	1	N	2500	0	40	22	31	5	1	1	0	0	0	0	0	0	0	0	0	0	0	0	4434077	
242	1	G	1	N	2500	0	40	165	337	13	5	4	0	0	0	0	0	0	0	0	0	0	0	0	4434124	
243	1	G	1	N	2500	0	40	59	98	13	8	3	0	0	0	0	0	0	0	0	0	0	0	0	4434327	
244	1	G	1	N	2500	0	40	85	92	10	5	2	0	0	0	0	0	0	0	0	0	0	0	0	4434327	
245	1	G	1	N	2500	0	40	86	147	17	10	3	0	0	0	0	0	0	0	0	0	0	0	0	4434327	
246	1	G	1	N	2500	0	40	154	353	133	161	173	0	0	0	0	0	0	0	0	0	0	0	0	4434420	
247	1	G	1	N	2500	0	40	144	475	157	188	193	0	0	0	0	0	0	0	0	0	0	0	0	4434545	
248	1	G	1	N	2500	0	40	232	557	21	11	6	0	0	0	0	0	0	0	0	0	0	0	0	4434623	
249	1	G	1	N	2500	0	40	239	576	16	8	7	0	0	0	0	0	0	0	0	0	0	0	0	4434623	
250	1	G	1	N	2500	0	40	21	23	1	0	1	0	0	0	0	0	0	0	0	0	0	0	0	4434764	
251	1	G	1	N	2500	0	40	195	549	21	10	9	0	0	0	0	0	0	0	0	0	0	0	0	4434795	
252	1	G	1	N	2500	0	40	22	45	5	1	1	0	0	0	0	0	0	0	0	0	0	0	0	4435029	
253	1	G	1	N	2500	0	40	126	259	10	4	4	0	0	0	0	0	0	0	0	0	0	0	0	4435341	
254	1	G	1	N	2500	0	40	158	458	17	8	8	0	0	0	0	0	0	0	0	0	0	0	0	4435590	
255	1	H	1	N	2500	0	40	27	42	4	5	6	0	0	0	0	0	0	0	0	0	0	0	0	4443562	
256	1	H	1	N	2500	0	40	265	653	16	8	10	0	0	0	0	0	0	0	0	0	0	0	0	4443983	
257	1	H	1	N	2500	0	40	35	65	12	3	4	0	0	0	0	0	0	0	0	0	0	0	0	4444779	
258	1	H	1	N	2500	0	40	22	37	6	6	5	0	0	0	0	0	0	0	0	0	0	0	0	4445341	
259	1	H	1	N	2500	0	40	27	38	6	1	3	0	0	0	0	0	0	0	0	0	0	0	0	4445668	
260	1	H	1	N	2500	0	40	25	37	4	1	1	0	0	0	0	0	0	0	0	0	0	0	0	4446947	
261	1	H	1	N	2500	0	40	183	411	15	7	7	0	0	0	0	0	0	0	0	0	0	0	0	4448960	
262	1	H	1	N	2500	0	40	250	507	14	8	8	0	0	0	0	0	0	0	0	0	0	0	0	4449724	
263	1	A	2	N	2500	0	40	235	1336	84	31	24	0	0	0	0	0	0	0	0	0	0	0	0	4458772	
264	1	A	2	N	2500	0	40	214	657	29	14	11	0	0	0	0	0	0	0	0	0	0	0	0	4459115	
265	1	A	2	N	2500	0	40	248	1067	55	25	19	0	0	0	0	0	0	0	0	0	0	0	0	4459303	
266	1	A	2	N	2500	0	40	371	1189	72	30	21	0	0	0	0	0	0	0	0	0	0	0	0	4459334	
267	1	A	2	N	2500	0	40	31	59	3	3	4	0	0	0	0	0	0	0	0	0	0	0	0	4459630	
268	1	A	2	N	2500	0	40	383	1103	48	23	18	0	0	0	0	0	0	0	0	0	0	0	0	4459708	
269	1	A	2	N	2500	0	40	326	966	55	27	22	0	0	0	0	0	0	0	0	0	0	0	0	4459802	
270	1	A	2	N	2500	0	40	309	1382	91	34	26	0	0	0	0	0	0	0	0	0	0	0	0	4461081	
271	1	A	2	N	2500	0	40	405	1037	44	20	19	0	0	0	0	0	0	0	0	0	0	0	0	4461097	
272	1	A	2	N	2500	0	40	443	1329	65	28	21	0	0	0	0	0	0	0	0	0	0	0	0	4461377	
273	1	A	2	N	2500	0	40	374	1126	55	24	21	0	0	0	0	0	0	0	0	0	0	0	0	4461877	
274	1	A	2	N	2500	0	40	105	409	153	191	213	0	0	0	0	0	0	0	0	0	0	0	0	4462454	
275	1	A	2	N	2500	0	40	77	311	30	26	27	0	0	0	0	0	0	0	0	0	0	0	0	4462735	
276	1	A	2	N	2500	0	40	308	1049	53	24	18	0	0	0	0	0	0	0	0	0	0	0	0	4463047	
277	1	A	2	N	2500	0	40	319	1070	67	29	21	0	0	0	0	0	0	0	0	0	0	0	0	4463499	
278	1	A	2	N	2500	0	40	417	1321	69	33	25	0	0	0	0	0	0	0	0	0	0	0	0	4464061	
279	1	A	2	N	2500	0	40	374	1145	66	31	22	0	0	0	0	0	0	0	0	0	0	0	0	4464170	
280	1	A	2	N	2500	0	40	194	638	252	326	426	0	0	0	0	0	0	0	0	0	0	0	0	4464357	
281	1	A	2	N	2500	0	40	201	789	65	29	23	0	0	0	0	0	0	0	0	0	0	0	0	4464419	
282	1	A	2	N	2500	0	40	364	1049	45	23	17	0	0	0	0	0	0	0	0	0	0	0	0	4464435	
283	1	A	2	N	2500	0	40	451	1194	76	22	17	0	0	0	0	0	0	0	0	0	0	0	0	4464809	
284	1	A	2	N	2500	0	40	261	1283	85	33	23	0	0	0	0	0	0	0	0	0	0	0	0	4464919	
285	1	A	2	N	2500	0	40	25	31	1	1	1	0	0	0	0	0	0	0	0	0	0	0	0	4465433	
286	1	A	2	N	2500	0	40	446	1235	75	31	25	0	0	0	0	0	0	0	0	0	0	0	0	4465527	
287	1	A	2	N	2500	0	40	253	1000	41	22	16	0	0	0	0	0	0	0	0	0	0	0	0	4465777	
288	1	A	2	N	2500	0	40	264	1161	67	29	21	0	0	0	0	0	0	0	0	0	0	0	0	4465823	
289	1	B	2	N	2500	0	40	402	1298	76	32	25	0	0	0	0	0	0	0	0	0	0	0	0	4473686	
290	1	B	2	N	2500	0	40	22	28	2	0	0	0	0	0	0	0	0	0	0	0	0	0	0	4474778	
291	1	B	2	N	2500	0	40	30	47	9	11	12	0	0	0	0	0	0	0	0	0	0	0	0	4475355	
292	1	B	2	N	2500	0	40	300	897	40	21	18	0	0	0	0	0	0	0	0	0	0	0	0	4475823	
293	1	B	2	N	2500	0	40	167	909	57	25	19	0	0	0	0	0	0	0	0	0	0	0	0	4476665	
294	1	B	2	N	2500	0	40	37	51	2	2	1	0	0	0	0	0	0	0	0	0	0	0	0	4476806	
295	1	B	2	N	2500	0	40	26	38	1	1	0	0	0	0	0	0	0	0	0	0	0	0	0	4477055	
296	1	B	2	N	2500	0	40	44	84	11	9	9	0	0	0	0	0	0	0	0	0	0	0	0	4477165	
297	1	B	2	N	2500	0	40	22	24	2	1	0	0	0	0	0	0	0	0	0	0	0	0	0	4477180	
298	1	B	2	N	2500	0	40	293	992	45	21	20	0	0	0	0	0	0	0	0	0	0	0	0	4477336	
299	1	B	2	N	2500	0	40	21	19	1	1	2	0	0	0	0	0	0	0	0	0	0	0	0	4477461	
300	1	B	2	N	2500	0	40	234	978	53	24	17	0	0	0	0	0	0	0	0	0	0	0	0	4477633	
301	1	B	2	N	2500	0	40	327	1047	50	22	18	0	0	0	0	0	0	0	0	0	0	0	0	4478553	
302	1	B	2	N	2500	0	40	23	28	1	1	0	0	0	0	0	0	0	0	0	0	0	0	0	4478740	
303	1	B	2	N	2500	0	40	438	1128	54	25	20	0	0	0	0	0	0	0	0	0	0	0	0	4478990	
304	1	B	2	N	2500	0	40	23	34	6	5	5	0	0	0	0	0	0	0	0	0	0	0	0	4479458	
305	1	B	2	N	2500	0	40	31	53	3	2	2	0	0	0	0	0	0	0	0	0	0	0	0	4479458	
306	1	C	2	N	2500	0	40	22	24	1	0	1	0	0	0	0	0	0	0	0	0	0	0	0	4488724	
307	1	C	2	N	2500	0	40	23	20	0	0	1	0	0	0	0	0	0	0	0	0	0	0	0	4488865	
308	1	C	2	N	2500	0	40	39	66	1	2	3	0	0	0	0	0	0	0	0	0	0	0	0	4489442	
309	1	C	2	N	2500	0	40	269	924	56	25	18	0	0	0	0	0	0	0	0	0	0	0	0	4489707	
310	1	C	2	N	2500	0	40	420	1443	73	31	24	0	0	0	0	0	0	0	0	0	0	0	0	4489832	
311	1	C	2	N	2500	0	40	397	1173	71	30	21	0	0	0	0	0	0	0	0	0	0	0	0	4489910	
312	1	C	2	N	2500	0	40	397	1230	63	30	24	0	0	0	0	0	0	0	0	0	0	0	0	4490003	
313	1	C	2	N	2500	0	40	365	1041	63	24	20	0	0	0	0	0	0	0	0	0	0	0	0	4491205	
314	1	C	2	N	2500	0	40	353	998	40	19	16	0	0	0	0	0	0	0	0	0	0	0	0	4491735	
315	1	C	2	N	2500	0	40	145	423	169	223	285	0	0	0	0	0	0	0	0	0	0	0	0	4492016	
316	1	C	2	N	2500	0	40	23	27	0	1	0	0	0	0	0	0	0	0	0	0	0	0	0	4492109	
317	1	C	2	N	2500	0	40	355	1081	52	24	18	0	0	0	0	0	0	0	0	0	0	0	0	4492172	
318	1	C	2	N	2500	0	40	320	825	39	20	14	0	0	0	0	0	0	0	0	0	0	0	0	4492281	
319	1	C	2	N	2500	0	40	48	106	14	5	2	0	0	0	0	0	0	0	0	0	0	0	0	4492484	
320	1	C	2	N	2500	0	40	28	36	3	0	0	0	0	0	0	0	0	0	0	0	0	0	0	4492484	
321	1	C	2	N	2500	0	40	350	1311	74	35	23	0	0	0	0	0	0	0	0	0	0	0	0	4492546	
322	1	C	2	N	2500	0	40	314	1250	76	31	24	0	0	0	0	0	0	0	0	0	0	0	0	4493482	
323	1	C	2	N	2500	0	40	296	711	36	16	12	0	0	0	0	0	0	0	0	0	0	0	0	4493607	
324	1	C	2	N	2500	0	40	33	47	2	2	2	0	0	0	0	0	0	0	0	0	0	0	0	4493997	
325	1	C	2	N	2500	0	40	24	41	8	10	9	0	0	0	0	0	0	0	0	0	0	0	0	4494153	
326	1	D	2	N	2500	0	40	136	366	10	6	7	0	0	0	0	0	0	0	0	0	0	0	0	4504792	
327	1	D	2	N	2500	0	40	417	1259	69	30	24	0	0	0	0	0	0	0	0	0	0	0	0	4504901	
328	1	D	2	N	2500	0	40	275	1214	53	27	19	0	0	0	0	0	0	0	0	0	0	0	0	4505260	
329	1	D	2	N	2500	0	40	212	640	237	300	381	0	0	0	0	0	0	0	0	0	0	0	0	4505759	
330	1	D	2	N	2500	0	40	55	271	21	22	23	0	0	0	0	0	0	0	0	0	0	0	0	4505837	
331	1	D	2	N	2500	0	40	378	1173	77	32	23	0	0	0	0	0	0	0	0	0	0	0	0	4506025	
332	1	D	2	N	2500	0	40	548	1537	95	37	31	0	0	0	0	0	0	0	0	0	0	0	0	4506243	
333	1	D	2	N	2500	0	40	27	27	1	1	2	0	0	0	0	0	0	0	0	0	0	0	0	4506321	
334	1	D	2	N	2500	0	40	426	996	47	21	19	0	0	0	0	0	0	0	0	0	0	0	0	4506415	
335	1	D	2	N	2500	0	40	308	1224	70	33	26	0	0	0	0	0	0	0	0	0	0	0	0	4506446	
336	1	D	2	N	2500	0	40	280	934	52	22	17	0	0	0	0	0	0	0	0	0	0	0	0	4506649	
337	1	D	2	N	2500	0	40	264	1270	81	29	22	0	0	0	0	0	0	0	0	0	0	0	0	4506773	
338	1	D	2	N	2500	0	40	273	1008	71	32	25	0	0	0	0	0	0	0	0	0	0	0	0	4507210	
339	1	D	2	N	2500	0	40	493	1283	69	28	21	0	0	0	0	0	0	0	0	0	0	0	0	4507881	
340	1	D	2	N	2500	0	40	397	1182	89	41	33	0	0	0	0	0	0	0	0	0	0	0	0	4507912	
341	1	D	2	N	2500	0	40	322	1124	55	26	20	0	0	0	0	0	0	0	0	0	0	0	0	4509613	
342	1	D	2	N	2500	0	40	21	21	0	0	0	0	0	0	0	0	0	0	0	0	0	0	0	4509893	
343	1	D	2	N	2500	0	40	33	57	3	4	3	0	0	0	0	0	0	0	0	0	0	0	0	4510190	
344	1	D	2	N	2500	0	40	480	1265	63	31	27	0	0	0	0	0	0	0	0	0	0	0	0	4510268	
345	1	E	2	N	2500	0	40	187	691	42	22	18	0	0	0	0	0	0	0	0	0	0	0	0	4518395	
346	1	E	2	N	2500	0	40	334	941	50	20	17	0	0	0	0	0	0	0	0	0	0	0	0	4518536	
347	1	E	2	N	2500	0	40	328	787	28	14	13	0	0	0	0	0	0	0	0	0	0	0	0	4519363	
348	1	E	2	N	2500	0	40	23	24	0	0	1	0	0	0	0	0	0	0	0	0	0	0	0	4519955	
349	1	E	2	N	2500	0	40	248	1195	65	26	17	0	0	0	0	0	0	0	0	0	0	0	0	4520018	
350	1	E	2	N	2500	0	40	345	958	36	21	18	0	0	0	0	0	0	0	0	0	0	0	0	4520548	
351	1	E	2	N	2500	0	40	419	1145	51	20	20	0	0	0	0	0	0	0	0	0	0	0	0	4520938	
352	1	E	2	N	2500	0	40	184	587	218	281	361	0	0	0	0	0	0	0	0	0	0	0	0	4520969	
353	1	E	2	N	2500	0	40	216	789	46	21	15	0	0	0	0	0	0	0	0	0	0	0	0	4521141	
354	1	E	2	N	2500	0	40	369	1154	48	27	22	0	0	0	0	0	0	0	0	0	0	0	0	4521235	
355	1	E	2	N	2500	0	40	28	41	2	2	3	0	0	0	0	0	0	0	0	0	0	0	0	4522077	
356	1	E	2	N	2500	0	40	23	34	1	1	1	0	0	0	0	0	0	0	0	0	0	0	0	4522405	
357	1	E	2	N	2500	0	40	234	903	62	26	18	0	0	0	0	0	0	0	0	0	0	0	0	4523200	
358	1	E	2	N	2500	0	40	160	667	30	13	9	0	0	0	0	0	0	0	0	0	0	0	0	4523216	
359	1	E	2	N	2500	0	40	304	926	50	20	15	0	0	0	0	0	0	0	0	0	0	0	0	4523403	
360	1	E	2	N	2500	0	40	370	931	39	20	15	0	0	0	0	0	0	0	0	0	0	0	0	4523637	
361	1	E	2	N	2500	0	40	53	49	5	3	1	0	0	0	0	0	0	0	0	0	0	0	0	4523746	
362	1	E	2	N	2500	0	40	88	85	2	2	2	0	0	0	0	0	0	0	0	0	0	0	0	4524121	
363	1	E	2	N	2500	0	40	253	987	50	23	21	0	0	0	0	0	0	0	0	0	0	0	0	4524464	
364	1	E	2	N	2500	0	40	31	43	1	2	3	0	0	0	0	0	0	0	0	0	0	0	0	4524495	
365	1	E	2	N	2500	0	40	27	32	1	0	0	0	0	0	0	0	0	0	0	0	0	0	0	4524542	
366	1	E	2	N	2500	0	40	150	248	7	5	4	0	0	0	0	0	0	0	0	0	0	0	0	4524932	
367	1	F	2	N	2500	0	40	287	975	50	25	21	0	0	0	0	0	0	0	0	0	0	0	0	4532498	
368	1	F	2	N	2500	0	40	22	26	0	1	0	0	0	0	0	0	0	0	0	0	0	0	0	4533418	
369	1	F	2	N	2500	0	40	320	887	36	19	16	0	0	0	0	0	0	0	0	0	0	0	0	4533855	
370	1	F	2	N	2500	0	40	344	1020	48	21	16	0	0	0	0	0	0	0	0	0	0	0	0	4534136	
371	1	F	2	N	2500	0	40	288	701	28	14	14	0	0	0	0	0	0	0	0	0	0	0	0	4534214	
372	1	F	2	N	2500	0	40	319	902	38	19	14	0	0	0	0	0	0	0	0	0	0	0	0	4535072	
373	1	F	2	N	2500	0	40	431	1221	52	27	21	0	0	0	0	0	0	0	0	0	0	0	0	4535103	
374	1	F	2	N	2500	0	40	369	859	46	17	15	0	0	0	0	0	0	0	0	0	0	0	0	4535165	
375	1	F	2	N	2500	0	40	256	773	41	21	16	0	0	0	0	0	0	0	0	0	0	0	0	4535321	
376	1	F	2	N	2500	0	40	234	679	25	14	13	0	0	0	0	0	0	0	0	0	0	0	0	4535821	
377	1	F	2	N	2500	0	40	273	891	43	18	18	0	0	0	0	0	0	0	0	0	0	0	0	4536117	
378	1	F	2	N	2500	0	40	232	1063	58	25	18	0	0	0	0	0	0	0	0	0	0	0	0	4536117	
379	1	F	2	N	2500	0	40	325	725	21	12	10	0	0	0	0	0	0	0	0	0	0	0	0	4536148	
380	1	F	2	N	2500	0	40	146	636	20	11	7	0	0	0	0	0	0	0	0	0	0	0	0	4537178	
381	1	F	2	N	2500	0	40	212	793	38	15	12	0	0	0	0	0	0	0	0	0	0	0	0	4537334	
382	1	F	2	N	2500	0	40	240	929	46	22	16	0	0	0	0	0	0	0	0	0	0	0	0	4538129	
383	1	F	2	N	2500	0	40	470	1615	76	36	30	0	0	0	0	0	0	0	0	0	0	0	0	4539143	
384	1	G	2	N	2500	0	40	21	36	5	1	1	0	0	0	0	0	0	0	0	0	0	0	0	4547411	
385	1	G	2	N	2500	0	40	27	43	9	2	2	0	0	0	0	0	0	0	0	0	0	0	0	4547489	
386	1	G	2	N	2500	0	40	104	411	21	11	9	0	0	0	0	0	0	0	0	0	0	0	0	4547630	
387	1	G	2	N	2500	0	40	69	58	4	1	0	0	0	0	0	0	0	0	0	0	0	0	0	4547630	
388	1	G	2	N	2500	0	40	197	899	46	20	14	0	0	0	0	0	0	0	0	0	0	0	0	4547895	
389	1	G	2	N	2500	0	40	33	42	5	1	0	0	0	0	0	0	0	0	0	0	0	0	0	4548129	
390	1	G	2	N	2500	0	40	21	22	0	0	0	0	0	0	0	0	0	0	0	0	0	0	0	4548129	
391	1	G	2	N	2500	0	40	23	37	6	1	1	0	0	0	0	0	0	0	0	0	0	0	0	4548207	
392	1	G	2	N	2500	0	40	420	972	36	17	15	0	0	0	0	0	0	0	0	0	0	0	0	4548316	
393	1	G	2	N	2500	0	40	136	275	83	103	136	0	0	0	0	0	0	0	0	0	0	0	0	4548379	
394	1	G	2	N	2500	0	40	40	70	5	4	2	0	0	0	0	0	0	0	0	0	0	0	0	4548379	
395	1	G	2	N	2500	0	40	24	40	6	1	2	0	0	0	0	0	0	0	0	0	0	0	0	4548784	
396	1	G	2	N	2500	0	40	306	937	41	22	17	0	0	0	0	0	0	0	0	0	0	0	0	4549237	
397	1	G	2	N	2500	0	40	224	1033	64	28	21	0	0	0	0	0	0	0	0	0	0	0	0	4549720	
398	1	G	2	N	2500	0	40	24	36	0	0	0	0	0	0	0	0	0	0	0	0	0	0	0	4549985	
399	1	G	2	N	2500	0	40	177	650	26	12	10	0	0	0	0	0	0	0	0	0	0	0	0	4550407	
400	1	G	2	N	2500	0	40	116	205	55	72	86	0	0	0	0	0	0	0	0	0	0	0	0	4550734	
401	1	G	2	N	2500	0	40	24	45	3	3	1	0	0	0	0	0	0	0	0	0	0	0	0	4550937	
402	1	G	2	N	2500	0	40	122	256	66	84	108	0	0	0	0	0	0	0	0	0	0	0	0	4551280	
403	1	G	2	N	2500	0	40	20	38	5	1	1	0	0	0	0	0	0	0	0	0	0	0	0	4551405	
404	1	G	2	N	2500	0	40	30	52	5	1	1	0	0	0	0	0	0	0	0	0	0	0	0	4551545	
405	1	G	2	N	2500	0	40	21	41	4	1	1	0	0	0	0	0	0	0	0	0	0	0	0	4551608	
406	1	G	2	N	2500	0	40	198	515	18	11	10	0	0	0	0	0	0	0	0	0	0	0	0	4551717	
407	1	G	2	N	2500	0	40	22	25	2	0	0	0	0	0	0	0	0	0	0	0	0	0	0	4551764	
408	1	G	2	N	2500	0	40	306	933	41	20	16	0	0	0	0	0	0	0	0	0	0	0	0	4551811	
409	1	G	2	N	2500	0	40	291	620	19	10	9	0	0	0	0	0	0	0	0	0	0	0	0	4552169	
410	1	G	2	N	2500	0	40	26	58	3	1	0	0	0	0	0	0	0	0	0	0	0	0	0	4552169	
411	1	G	2	N	2500	0	40	276	805	31	16	12	0	0	0	0	0	0	0	0	0	0	0	0	4552263	
412	1	G	2	N	2500	0	40	259	549	17	10	9	0	0	0	0	0	0	0	0	0	0	0	0	4552513	
413	1	G	2	N	2500	0	40	268	534	19	9	9	0	0	0	0	0	0	0	0	0	0	0	0	4552809	
414	1	G	2	N	2500	0	40	321	784	36	16	12	0	0	0	0	0	0	0	0	0	0	0	0	4552809	
415	1	G	2	N	2500	0	40	36	61	10	3	3	0	0	0	0	0	0	0	0	0	0	0	0	4552840	
416	1	G	2	N	2500	0	40	32	61	6	4	5	0	0	0	0	0	0	0	0	0	0	0	0	4553230	
417	1	G	2	N	2500	0	40	263	614	24	10	6	0	0	0	0	0	0	0	0	0	0	0	0	4553449	
418	1	G	2	N	2500	0	40	27	38	9	2	2	0	0	0	0	0	0	0	0	0	0	0	0	4554229	
419	1	H	2	N	2500	0	40	21	21	1	1	1	0	0	0	0	0	0	0	0	0	0	0	0	4562294	
420	1	H	2	N	2500	0	40	22	20	1	0	0	0	0	0	0	0	0	0	0	0	0	0	0	4567879	
421	1	H	2	N	2500	0	40	23	39	1	1	1	0	0	0	0	0	0	0	0	0	0	0	0	4569080	
422	1	A	3	N	2500	0	40	284	1359	71	30	25	0	0	0	0	0	0	0	0	0	0	0	0	4577691	
423	1	A	3	N	2500	0	40	24	26	1	1	2	0	0	0	0	0	0	0	0	0	0	0	0	4578206	
424	1	A	3	N	2500	0	40	370	890	34	17	12	0	0	0	0	0	0	0	0	0	0	0	0	4580125	
425	1	A	3	N	2500	0	40	108	677	78	69	77	0	0	0	0	0	0	0	0	0	0	0	0	4581966	
426	1	A	3	N	2500	0	40	482	1436	66	31	26	0	0	0	0	0	0	0	0	0	0	0	0	4582012	
427	1	A	3	N	2500	0	40	561	1293	66	28	26	0	0	0	0	0	0	0	0	0	0	0	0	4582480	
428	1	A	3	N	2500	0	40	292	1115	68	31	21	0	0	0	0	0	0	0	0	0	0	0	0	4583182	
429	1	A	3	N	2500	0	40	26	40	2	1	1	0	0	0	0	0	0	0	0	0	0	0	0	4583370	
430	1	A	3	N	2500	0	40	302	900	64	22	16	0	0	0	0	0	0	0	0	0	0	0	0	4583401	
431	1	A	3	N	2500	0	40	276	1002	65	27	16	0	0	0	0	0	0	0	0	0	0	0	0	4583604	
432	1	A	3	N	2500	0	40	41	37	2	3	4	0	0	0	0	0	0	0	0	0	0	0	0	4583822	
433	1	A	3	N	2500	0	40	353	1050	54	25	20	0	0	0	0	0	0	0	0	0	0	0	0	4584352	
434	1	A	3	N	2500	0	40	224	1019	75	28	24	0	0	0	0	0	0	0	0	0	0	0	0	4584399	
435	1	A	3	N	2500	0	40	209	1091	59	26	21	0	0	0	0	0	0	0	0	0	0	0	0	4584462	
436	1	B	3	N	2500	0	40	369	984	41	18	16	0	0	0	0	0	0	0	0	0	0	0	0	4591981	
437	1	B	3	N	2500	0	40	26	37	5	1	1	0	0	0	0	0	0	0	0	0	0	0	0	4592277	
438	1	B	3	N	2500	0	40	34	48	2	2	2	0	0	0	0	0	0	0	0	0	0	0	0	4593026	
439	1	B	3	N	2500	0	40	500	1502	74	29	23	0	0	0	0	0	0	0	0	0	0	0	0	4593042	
440	1	B	3	N	2500	0	40	263	883	45	21	18	0	0	0	0	0	0	0	0	0	0	0	0	4593494	
441	1	B	3	N	2500	0	40	267	1222	91	36	25	0	0	0	0	0	0	0	0	0	0	0	0	4593915	
442	1	B	3	N	2500	0	40	189	951	56	27	19	0	0	0	0	0	0	0	0	0	0	0	0	4595491	
443	1	B	3	N	2500	0	40	25	29	1	0	1	0	0	0	0	0	0	0	0	0	0	0	0	4595990	
444	1	B	3	N	2500	0	40	29	54	7	9	8	0	0	0	0	0	0	0	0	0	0	0	0	4596630	
445	1	B	3	N	2500	0	40	61	71	3	2	3	0	0	0	0	0	0	0	0	0	0	0	0	4596786	
446	1	B	3	N	2500	0	40	34	66	4	4	2	0	0	0	0	0	0	0	0	0	0	0	0	4597144	
447	1	B	3	N	2500	0	40	25	31	1	1	1	0	0	0	0	0	0	0	0	0	0	0	0	4597222	
448	1	B	3	N	2500	0	40	27	23	1	1	1	0	0	0	0	0	0	0	0	0	0	0	0	4597706	
449	1	B	3	N	2500	0	40	32	47	3	2	2	0	0	0	0	0	0	0	0	0	0	0	0	4597815	
450	1	B	3	N	2500	0	40	36	49	5	0	0	0	0	0	0	0	0	0	0	0	0	0	0	4598829	
451	1	C	3	N	2500	0	40	24	50	8	0	0	0	0	0	0	0	0	0	0	0	0	0	0	4607035	
452	1	C	3	N	2500	0	40	55	59	2	1	1	0	0	0	0	0	0	0	0	0	0	0	0	4607596	
453	1	C	3	N	2500	0	40	426	1219	64	27	22	0	0	0	0	0	0	0	0	0	0	0	0	4607706	
454	1	C	3	N	2500	0	40	32	26	1	1	2	0	0	0	0	0	0	0	0	0	0	0	0	4609032	
455	1	C	3	N	2500	0	40	447	1291	72	33	29	0	0	0	0	0	0	0	0	0	0	0	0	4609468	
456	1	C	3	N	2500	0	40	35	44	2	0	0	0	0	0	0	0	0	0	0	0	0	0	0	4610451	
457	1	C	3	N	2500	0	40	305	1028	68	26	23	0	0	0	0	0	0	0	0	0	0	0	0	4610482	
458	1	C	3	N	2500	0	40	27	25	1	1	1	0	0	0	0	0	0	0	0	0	0	0	0	4611387	
459	1	C	3	N	2500	0	40	258	633	25	12	9	0	0	0	0	0	0	0	0	0	0	0	0	4611762	
460	1	C	3	N	2500	0	40	74	224	9	6	7	0	0	0	0	0	0	0	0	0	0	0	0	4612479	
461	1	C	3	N	2500	0	40	306	1077	54	25	20	0	0	0	0	0	0	0	0	0	0	0	0	4613041	
462	1	D	3	N	2500	0	40	299	918	37	19	18	0	0	0	0	0	0	0	0	0	0	0	0	4621714	
463	1	D	3	N	2500	0	40	22	31	1	1	0	0	0	0	0	0	0	0	0	0	0	0	0	4622323	
464	1	D	3	N	2500	0	40	29	52	13	17	20	0	0	0	0	0	0	0	0	0	0	0	0	4624101	
465	1	D	3	N	2500	0	40	20	16	1	1	1	0	0	0	0	0	0	0	0	0	0	0	0	4624195	
466	1	D	3	N	2500	0	40	212	473	188	226	276	0	0	0	0	0	0	0	0	0	0	0	0	4625146	
467	1	D	3	N	2500	0	40	316	1219	55	28	24	0	0	0	0	0	0	0	0	0	0	0	0	4625817	
468	1	D	3	N	2500	0	40	22	30	1	0	1	0	0	0	0	0	0	0	0	0	0	0	0	4625911	
469	1	D	3	N	2500	0	40	233	805	36	18	15	0	0	0	0	0	0	0	0	0	0	0	0	4627159	
470	1	D	3	N	2500	0	40	24	28	1	1	0	0	0	0	0	0	0	0	0	0	0	0	0	4627533	
471	1	D	3	N	2500	0	40	506	1683	74	32	25	0	0	0	0	0	0	0	0	0	0	0	0	4627923	
472	1	E	3	N	2500	0	40	264	912	45	20	18	0	0	0	0	0	0	0	0	0	0	0	0	4637034	
473	1	E	3	N	2500	0	40	203	571	18	10	8	0	0	0	0	0	0	0	0	0	0	0	0	4637642	
474	1	E	3	N	2500	0	40	32	53	3	1	1	0	0	0	0	0	0	0	0	0	0	0	0	4639514	
475	1	E	3	N	2500	0	40	252	1135	59	28	22	0	0	0	0	0	0	0	0	0	0	0	0	4639701	
476	1	E	3	N	2500	0	40	405	1210	63	26	18	0	0	0	0	0	0	0	0	0	0	0	0	4640247	
477	1	E	3	N	2500	0	40	291	711	28	13	13	0	0	0	0	0	0	0	0	0	0	0	0	4640419	
478	1	E	3	N	2500	0	40	23	39	1	1	2	0	0	0	0	0	0	0	0	0	0	0	0	4640653	
479	1	E	3	N	2500	0	40	197	888	45	22	13	0	0	0	0	0	0	0	0	0	0	0	0	4640684	
480	1	E	3	N	2500	0	40	334	1099	60	24	22	0	0	0	0	0	0	0	0	0	0	0	0	4640887	
481	1	E	3	N	2500	0	40	197	881	46	22	17	0	0	0	0	0	0	0	0	0	0	0	0	4642837	
482	1	E	3	N	2500	0	40	282	1138	57	26	22	0	0	0	0	0	0	0	0	0	0	0	0	4642884	
483	1	F	3	N	2500	0	40	47	48	2	1	1	0	0	0	0	0	0	0	0	0	0	0	0	4650808	
484	1	F	3	N	2500	0	40	153	709	39	18	10	0	0	0	0	0	0	0	0	0	0	0	0	4651089	
485	1	F	3	N	2500	0	40	162	757	34	18	12	0	0	0	0	0	0	0	0	0	0	0	0	4651776	
486	1	F	3	N	2500	0	40	296	815	39	18	15	0	0	0	0	0	0	0	0	0	0	0	0	4653008	
487	1	F	3	N	2500	0	40	196	311	13	4	5	0	0	0	0	0	0	0	0	0	0	0	0	4653226	
488	1	F	3	N	2500	0	40	219	744	41	17	16	0	0	0	0	0	0	0	0	0	0	0	0	4653258	
489	1	F	3	N	2500	0	40	208	650	37	18	12	0	0	0	0	0	0	0	0	0	0	0	0	4653304	
490	1	F	3	N	2500	0	40	315	675	30	16	10	0	0	0	0	0	0	0	0	0	0	0	0	4653460	
491	1	F	3	N	2500	0	40	298	864	41	20	16	0	0	0	0	0	0	0	0	0	0	0	0	4653726	
492	1	F	3	N	2500	0	40	27	36	1	1	1	0	0	0	0	0	0	0	0	0	0	0	0	4653991	
493	1	F	3	N	2500	0	40	237	530	24	11	8	0	0	0	0	0	0	0	0	0	0	0	0	4654038	
494	1	F	3	N	2500	0	40	171	661	30	16	13	0	0	0	0	0	0	0	0	0	0	0	0	4654038	
495	1	F	3	N	2500	0	40	251	752	31	17	12	0	0	0	0	0	0	0	0	0	0	0	0	4654162	
496	1	F	3	N	2500	0	40	30	42	5	1	3	0	0	0	0	0	0	0	0	0	0	0	0	4654256	
497	1	F	3	N	2500	0	40	237	789	31	17	12	0	0	0	0	0	0	0	0	0	0	0	0	4654833	
498	1	F	3	N	2500	0	40	276	814	48	26	21	0	0	0	0	0	0	0	0	0	0	0	0	4655254	
499	1	F	3	N	2500	0	40	25	45	11	15	20	0	0	0	0	0	0	0	0	0	0	0	0	4656050	
500	1	F	3	N	2500	0	40	22	25	1	1	1	0	0	0	0	0	0	0	0	0	0	0	0	4657064	
501	1	F	3	N	2500	0	40	297	1069	50	26	22	0	0	0	0	0	0	0	0	0	0	0	0	4657376	
502	1	F	3	N	2500	0	40	104	176	16	9	20	0	0	0	0	0	0	0	0	0	0	0	0	4657797	
503	1	G	3	N	2500	0	40	30	62	8	2	2	0	0	0	0	0	0	0	0	0	0	0	0	4665394	
504	1	G	3	N	2500	0	40	43	53	7	1	1	0	0	0	0	0	0	0	0	0	0	0	0	4665472	
505	1	G	3	N	2500	0	40	27	37	1	0	1	0	0	0	0	0	0	0	0	0	0	0	0	4665535	
506	1	G	3	N	2500	0	40	205	590	21	12	7	0	0	0	0	0	0	0	0	0	0	0	0	4666034	
507	1	G	3	N	2500	0	40	171	591	27	13	11	0	0	0	0	0	0	0	0	0	0	0	0	4666050	
508	1	G	3	N	2500	0	40	274	776	37	20	14	0	0	0	0	0	0	0	0	0	0	0	0	4666112	
509	1	G	3	N	2500	0	40	33	55	6	1	2	0	0	0	0	0	0	0	0	0	0	0	0	4666315	
510	1	G	3	N	2500	0	40	25	22	2	0	0	0	0	0	0	0	0	0	0	0	0	0	0	4666330	
511	1	G	3	N	2500	0	40	291	784	38	18	16	0	0	0	0	0	0	0	0	0	0	0	0	4666486	
512	1	G	3	N	2500	0	40	29	27	1	1	1	0	0	0	0	0	0	0	0	0	0	0	0	4666861	
513	1	G	3	N	2500	0	40	26	51	1	1	0	0	0	0	0	0	0	0	0	0	0	0	0	4666939	
514	1	G	3	N	2500	0	40	43	96	6	5	5	0	0	0	0	0	0	0	0	0	0	0	0	4667547	
515	1	G	3	N	2500	0	40	47	49	8	2	3	0	0	0	0	0	0	0	0	0	0	0	0	4667672	
516	1	G	3	N	2500	0	40	267	724	30	18	16	0	0	0	0	0	0	0	0	0	0	0	0	4669185	
517	1	G	3	N	2500	0	40	119	457	33	16	12	0	0	0	0	0	0	0	0	0	0	0	0	4669185	
518	1	G	3	N	2500	0	40	304	752	28	15	11	0	0	0	0	0	0	0	0	0	0	0	0	4669669	
519	1	G	3	N	2500	0	40	40	63	2	2	2	0	0	0	0	0	0	0	0	0	0	0	0	4669841	
520	1	G	3	N	2500	0	40	33	54	2	1	2	0	0	0	0	0	0	0	0	0	0	0	0	4669841	
521	1	G	3	N	2500	0	40	21	20	2	0	0	0	0	0	0	0	0	0	0	0	0	0	0	4670199	
522	1	G	3	N	2500	0	40	30	44	4	0	1	0	0	0	0	0	0	0	0	0	0	0	0	4670309	
523	1	G	3	N	2500	0	40	150	570	21	11	9	0	0	0	0	0	0	0	0	0	0	0	0	4670340	
524	1	G	3	N	2500	0	40	23	30	1	1	2	0	0	0	0	0	0	0	0	0	0	0	0	4670433	
525	1	G	3	N	2500	0	40	27	58	3	2	3	0	0	0	0	0	0	0	0	0	0	0	0	4670777	
526	1	G	3	N	2500	0	40	193	491	18	9	7	0	0	0	0	0	0	0	0	0	0	0	0	4671089	
527	1	G	3	N	2500	0	40	35	63	1	0	0	0	0	0	0	0	0	0	0	0	0	0	0	4671572	
528	1	G	3	N	2500	0	40	20	29	2	1	3	0	0	0	0	0	0	0	0	0	0	0	0	4671666	
529	1	G	3	N	2500	0	40	269	625	31	13	10	0	0	0	0	0	0	0	0	0	0	0	0	4672321	
530	1	H	3	N	2500	0	40	135	593	23	13	10	0	0	0	0	0	0	0	0	0	0	0	0	4682180	
531	1	H	3	N	2500	0	40	28	31	3	1	1	0	0	0	0	0	0	0	0	0	0	0	0	4683787	
532	1	H	3	N	2500	0	40	21	30	5	0	0	0	0	0	0	0	0	0	0	0	0	0	0	4686954	
533	1	A	4	N	2500	0	40	203	859	38	21	16	0	0	0	0	0	0	0	0	0	0	0	0	4695612	
534	1	A	4	N	2500	0	40	257	1010	53	24	21	0	0	0	0	0	0	0	0	0	0	0	0	4696111	
535	1	A	4	N	2500	0	40	21	31	1	1	2	0	0	0	0	0	0	0	0	0	0	0	0	4696657	
536	1	A	4	N	2500	0	40	21	21	0	0	1	0	0	0	0	0	0	0	0	0	0	0	0	4697234	
537	1	A	4	N	2500	0	40	30	60	5	5	4	0	0	0	0	0	0	0	0	0	0	0	0	4697250	
538	1	A	4	N	2500	0	40	226	858	57	25	17	0	0	0	0	0	0	0	0	0	0	0	0	4697375	
539	1	A	4	N	2500	0	40	24	35	1	1	1	0	0	0	0	0	0	0	0	0	0	0	0	4697702	
540	1	A	4	N	2500	0	40	412	1422	81	35	26	0	0	0	0	0	0	0	0	0	0	0	0	4698451	
541	1	A	4	N	2500	0	40	20	27	0	0	1	0	0	0	0	0	0	0	0	0	0	0	0	4698498	
542	1	A	4	N	2500	0	40	21	27	0	1	0	0	0	0	0	0	0	0	0	0	0	0	0	4698638	
543	1	A	4	N	2500	0	40	22	32	2	1	1	0	0	0	0	0	0	0	0	0	0	0	0	4698981	
544	1	A	4	N	2500	0	40	477	1595	109	35	27	0	0	0	0	0	0	0	0	0	0	0	0	4699013	
545	1	A	4	N	2500	0	40	190	433	129	150	164	0	0	0	0	0	0	0	0	0	0	0	0	4699091	
546	1	A	4	N	2500	0	40	194	873	42	19	13	0	0	0	0	0	0	0	0	0	0	0	0	4699309	
547	1	A	4	N	2500	0	40	28	47	2	1	3	0	0	0	0	0	0	0	0	0	0	0	0	4699340	
548	1	A	4	N	2500	0	40	26	45	2	2	1	0	0	0	0	0	0	0	0	0	0	0	0	4699356	
549	1	A	4	N	2500	0	40	447	1400	71	31	24	0	0	0	0	0	0	0	0	0	0	0	0	4699793	
550	1	A	4	N	2500	0	40	294	1235	67	29	21	0	0	0	0	0	0	0	0	0	0	0	0	4699964	
551	1	A	4	N	2500	0	40	387	1259	56	28	23	0	0	0	0	0	0	0	0	0	0	0	0	4700635	
552	1	A	4	N	2500	0	40	241	1152	78	35	27	0	0	0	0	0	0	0	0	0	0	0	0	4700682	
553	1	A	4	N	2500	0	40	306	1063	59	30	23	0	0	0	0	0	0	0	0	0	0	0	0	4701259	
554	1	A	4	N	2500	0	40	303	1410	82	33	26	0	0	0	0	0	0	0	0	0	0	0	0	4701680	
555	1	A	4	N	2500	0	40	26	28	0	0	1	0	0	0	0	0	0	0	0	0	0	0	0	4701899	
556	1	A	4	N	2500	0	40	309	1259	71	29	25	0	0	0	0	0	0	0	0	0	0	0	0	4702086	
557	1	B	4	N	2500	0	40	304	1346	83	38	25	0	0	0	0	0	0	0	0	0	0	0	0	4711025	
558	1	B	4	N	2500	0	40	223	1037	62	27	19	0	0	0	0	0	0	0	0	0	0	0	0	4711071	
559	1	B	4	N	2500	0	40	492	1126	58	24	19	0	0	0	0	0	0	0	0	0	0	0	0	4711571	
560	1	B	4	N	2500	0	40	20	20	2	0	0	0	0	0	0	0	0	0	0	0	0	0	0	4711649	
561	1	B	4	N	2500	0	40	33	43	3	3	4	0	0	0	0	0	0	0	0	0	0	0	0	4711805	
562	1	B	4	N	2500	0	40	21	31	3	0	0	0	0	0	0	0	0	0	0	0	0	0	0	4712647	
563	1	B	4	N	2500	0	40	460	1522	75	35	33	0	0	0	0	0	0	0	0	0	0	0	0	4712819	
564	1	B	4	N	2500	0	40	222	1145	69	33	28	0	0	0	0	0	0	0	0	0	0	0	0	4713146	
565	1	B	4	N	2500	0	40	80	273	20	22	21	0	0	0	0	0	0	0	0	0	0	0	0	4713786	
566	1	B	4	N	2500	0	40	75	93	5	4	5	0	0	0	0	0	0	0	0	0	0	0	0	4714425	
567	1	B	4	N	2500	0	40	28	24	1	1	2	0	0	0	0	0	0	0	0	0	0	0	0	4714940	
568	1	B	4	N	2500	0	40	347	1025	48	24	17	0	0	0	0	0	0	0	0	0	0	0	0	4715377	
569	1	B	4	N	2500	0	40	269	941	397	494	577	0	0	0	0	0	0	0	0	0	0	0	0	4715377	
570	1	B	4	N	2500	0	40	382	1122	84	30	20	0	0	0	0	0	0	0	0	0	0	0	0	4715455	
571	1	B	4	N	2500	0	40	29	61	2	3	4	0	0	0	0	0	0	0	0	0	0	0	0	4715502	
572	1	B	4	N	2500	0	40	198	996	56	25	20	0	0	0	0	0	0	0	0	0	0	0	0	4715595	
573	1	B	4	N	2500	0	40	368	1137	56	27	21	0	0	0	0	0	0	0	0	0	0	0	0	4716001	
574	1	B	4	N	2500	0	40	391	1466	74	29	23	0	0	0	0	0	0	0	0	0	0	0	0	4716344	
575	1	B	4	N	2500	0	40	32	45	1	1	2	0	0	0	0	0	0	0	0	0	0	0	0	4716843	
576	1	B	4	N	2500	0	40	45	54	1	1	1	0	0	0	0	0	0	0	0	0	0	0	0	4717592	
577	1	B	4	N	2500	0	40	20	27	1	1	1	0	0	0	0	0	0	0	0	0	0	0	0	4717639	
578	1	C	4	N	2500	0	40	400	1183	63	27	22	0	0	0	0	0	0	0	0	0	0	0	0	4725002	
579	1	C	4	N	2500	0	40	437	1302	74	33	26	0	0	0	0	0	0	0	0	0	0	0	0	4725189	
580	1	C	4	N	2500	0	40	391	1225	67	31	22	0	0	0	0	0	0	0	0	0	0	0	0	4725829	
581	1	C	4	N	2500	0	40	290	908	56	24	17	0	0	0	0	0	0	0	0	0	0	0	0	4726063	
582	1	C	4	N	2500	0	40	322	1075	70	27	21	0	0	0	0	0	0	0	0	0	0	0	0	4726656	
583	1	C	4	N	2500	0	40	326	1181	90	35	31	0	0	0	0	0	0	0	0	0	0	0	0	4727061	
584	1	C	4	N	2500	0	40	40	39	2	2	3	0	0	0	0	0	0	0	0	0	0	0	0	4727327	
585	1	C	4	N	2500	0	40	366	1044	66	22	18	0	0	0	0	0	0	0	0	0	0	0	0	4728871	
586	1	C	4	N	2500	0	40	27	21	1	1	3	0	0	0	0	0	0	0	0	0	0	0	0	4730337	
587	1	C	4	N	2500	0	40	422	1311	69	37	28	0	0	0	0	0	0	0	0	0	0	0	0	4730930	
588	1	C	4	N	2500	0	40	384	1248	67	32	24	0	0	0	0	0	0	0	0	0	0	0	0	4731024	
589	1	C	4	N	2500	0	40	46	82	4	4	4	0	0	0	0	0	0	0	0	0	0	0	0	4731071	
590	1	C	4	N	2500	0	40	389	1286	96	32	24	0	0	0	0	0	0	0	0	0	0	0	0	4731336	
591	1	D	4	N	2500	0	40	35	63	4	5	7	0	0	0	0	0	0	0	0	0	0	0	0	4739760	
592	1	D	4	N	2500	0	40	403	1480	85	34	23	0	0	0	0	0	0	0	0	0	0	0	0	4739822	
593	1	D	4	N	2500	0	40	239	933	47	22	17	0	0	0	0	0	0	0	0	0	0	0	0	4740977	
594	1	D	4	N	2500	0	40	23	40	7	9	10	0	0	0	0	0	0	0	0	0	0	0	0	4741413	
595	1	D	4	N	2500	0	40	216	1024	53	25	18	0	0	0	0	0	0	0	0	0	0	0	0	4741413	
596	1	D	4	N	2500	0	40	27	25	0	0	0	0	0	0	0	0	0	0	0	0	0	0	0	4741491	
597	1	D	4	N	2500	0	40	23	34	1	1	1	0	0	0	0	0	0	0	0	0	0	0	0	4741491	
598	1	D	4	N	2500	0	40	42	120	8	8	9	0	0	0	0	0	0	0	0	0	0	0	0	4741679	
599	1	D	4	N	2500	0	40	49	119	7	7	9	0	0	0	0	0	0	0	0	0	0	0	0	4741679	
600	1	D	4	N	2500	0	40	309	1530	98	37	25	0	0	0	0	0	0	0	0	0	0	0	0	4742100	
601	1	D	4	N	2500	0	40	300	1187	60	28	20	0	0	0	0	0	0	0	0	0	0	0	0	4742287	
602	1	D	4	N	2500	0	40	21	27	1	0	1	0	0	0	0	0	0	0	0	0	0	0	0	4743145	
603	1	D	4	N	2500	0	40	70	345	41	47	51	0	0	0	0	0	0	0	0	0	0	0	0	4743816	
604	1	D	4	N	2500	0	40	26	33	2	2	1	0	0	0	0	0	0	0	0	0	0	0	0	4744097	
605	1	D	4	N	2500	0	40	25	36	1	1	1	0	0	0	0	0	0	0	0	0	0	0	0	4744206	
606	1	D	4	N	2500	0	40	20	28	1	1	1	0	0	0	0	0	0	0	0	0	0	0	0	4744221	
607	1	D	4	N	2500	0	40	404	1260	61	30	21	0	0	0	0	0	0	0	0	0	0	0	0	4744674	
608	1	E	4	N	2500	0	40	297	1115	63	29	20	0	0	0	0	0	0	0	0	0	0	0	0	4754408	
609	1	E	4	N	2500	0	40	401	977	33	18	17	0	0	0	0	0	0	0	0	0	0	0	0	4754689	
610	1	E	4	N	2500	0	40	21	28	1	1	1	0	0	0	0	0	0	0	0	0	0	0	0	4754970	
611	1	E	4	N	2500	0	40	218	869	52	26	19	0	0	0	0	0	0	0	0	0	0	0	0	4755235	
612	1	E	4	N	2500	0	40	138	872	47	25	16	0	0	0	0	0	0	0	0	0	0	0	0	4755438	
613	1	E	4	N	2500	0	40	37	51	1	1	1	0	0	0	0	0	0	0	0	0	0	0	0	4755500	
614	1	E	4	N	2500	0	40	20	31	1	1	1	0	0	0	0	0	0	0	0	0	0	0	0	4755578	
615	1	E	4	N	2500	0	40	29	60	4	4	6	0	0	0	0	0	0	0	0	0	0	0	0	4755734	
616	1	E	4	N	2500	0	40	58	85	14	16	16	0	0	0	0	0	0	0	0	0	0	0	0	4755812	
617	1	E	4	N	2500	0	40	341	1262	77	34	24	0	0	0	0	0	0	0	0	0	0	0	0	4757513	
618	1	E	4	N	2500	0	40	554	1180	60	24	20	0	0	0	0	0	0	0	0	0	0	0	0	4757903	
619	1	E	4	N	2500	0	40	81	102	6	6	7	0	0	0	0	0	0	0	0	0	0	0	0	4759026	
620	1	E	4	N	2500	0	40	354	1263	81	37	30	0	0	0	0	0	0	0	0	0	0	0	0	4759743	
621	1	E	4	N	2500	0	40	20	21	2	2	3	0	0	0	0	0	0	0	0	0	0	0	0	4760321	
622	1	E	4	N	2500	0	40	278	1060	48	24	18	0	0	0	0	0	0	0	0	0	0	0	0	4760742	
623	1	F	4	N	2500	0	40	45	61	8	10	10	0	0	0	0	0	0	0	0	0	0	0	0	4769057	
624	1	F	4	N	2500	0	40	32	39	1	1	2	0	0	0	0	0	0	0	0	0	0	0	0	4769072	
625	1	F	4	N	2500	0	40	31	41	1	1	2	0	0	0	0	0	0	0	0	0	0	0	0	4769088	
626	1	F	4	N	2500	0	40	28	66	3	3	3	0	0	0	0	0	0	0	0	0	0	0	0	4769244	
627	1	F	4	N	2500	0	40	30	52	2	3	3	0	0	0	0	0	0	0	0	0	0	0	0	4769837	
628	1	F	4	N	2500	0	40	162	677	28	16	12	0	0	0	0	0	0	0	0	0	0	0	0	4770679	
629	1	F	4	N	2500	0	40	22	18	1	1	0	0	0	0	0	0	0	0	0	0	0	0	0	4771209	
630	1	F	4	N	2500	0	40	49	69	22	24	24	0	0	0	0	0	0	0	0	0	0	0	0	4771506	
631	1	F	4	N	2500	0	40	266	1042	51	26	20	0	0	0	0	0	0	0	0	0	0	0	0	4773019	
632	1	F	4	N	2500	0	40	305	906	37	21	15	0	0	0	0	0	0	0	0	0	0	0	0	4773971	
633	1	F	4	N	2500	0	40	287	932	52	20	17	0	0	0	0	0	0	0	0	0	0	0	0	4774953	
634	1	F	4	N	2500	0	40	448	1036	354	445	520	0	0	0	0	0	0	0	0	0	0	0	0	4775141	
635	1	F	4	N	2500	0	40	278	859	36	20	14	0	0	0	0	0	0	0	0	0	0	0	0	4775265	
636	1	G	4	N	2500	0	40	287	806	41	18	18	0	0	0	0	0	0	0	0	0	0	0	0	4783830	
637	1	G	4	N	2500	0	40	306	1095	59	25	23	0	0	0	0	0	0	0	0	0	0	0	0	4784142	
638	1	G	4	N	2500	0	40	500	1452	71	31	27	0	0	0	0	0	0	0	0	0	0	0	0	4784548	
639	1	G	4	N	2500	0	40	152	368	126	149	169	0	0	0	0	0	0	0	0	0	0	0	0	4784579	
640	1	G	4	N	2500	0	40	326	882	42	20	12	0	0	0	0	0	0	0	0	0	0	0	0	4785187	
641	1	G	4	N	2500	0	40	27	46	1	1	1	0	0	0	0	0	0	0	0	0	0	0	0	4785390	
642	1	G	4	N	2500	0	40	37	44	2	2	3	0	0	0	0	0	0	0	0	0	0	0	0	4785406	
643	1	G	4	N	2500	0	40	25	26	1	1	1	0	0	0	0	0	0	0	0	0	0	0	0	4785842	
644	1	G	4	N	2500	0	40	537	1237	56	22	17	0	0	0	0	0	0	0	0	0	0	0	0	4785874	
645	1	G	4	N	2500	0	40	29	35	4	1	0	0	0	0	0	0	0	0	0	0	0	0	0	4786045	
646	1	G	4	N	2500	0	40	151	610	19	12	8	0	0	0	0	0	0	0	0	0	0	0	0	4786201	
647	1	G	4	N	2500	0	40	253	652	22	11	9	0	0	0	0	0	0	0	0	0	0	0	0	4786342	
648	1	G	4	N	2500	0	40	192	772	33	17	15	0	0	0	0	0	0	0	0	0	0	0	0	4786654	
649	1	G	4	N	2500	0	40	22	24	3	0	0	0	0	0	0	0	0	0	0	0	0	0	0	4786732	
650	1	G	4	N	2500	0	40	304	642	21	13	12	0	0	0	0	0	0	0	0	0	0	0	0	4786747	
651	1	G	4	N	2500	0	40	25	30	5	1	1	0	0	0	0	0	0	0	0	0	0	0	0	4786903	
652	1	G	4	N	2500	0	40	209	873	40	22	13	0	0	0	0	0	0	0	0	0	0	0	0	4787122	
653	1	G	4	N	2500	0	40	20	20	3	0	0	0	0	0	0	0	0	0	0	0	0	0	0	4787200	
654	1	G	4	N	2500	0	40	23	21	1	1	0	0	0	0	0	0	0	0	0	0	0	0	0	4787371	
655	1	G	4	N	2500	0	40	23	44	3	4	4	0	0	0	0	0	0	0	0	0	0	0	0	4787418	
656	1	G	4	N	2500	0	40	52	109	16	3	1	0	0	0	0	0	0	0	0	0	0	0	0	4787418	
657	1	G	4	N	2500	0	40	39	44	3	1	1	0	0	0	0	0	0	0	0	0	0	0	0	4787418	
658	1	G	4	N	2500	0	40	53	71	6	3	3	0	0	0	0	0	0	0	0	0	0	0	0	4787418	
659	1	G	4	N	2500	0	40	38	42	3	1	0	0	0	0	0	0	0	0	0	0	0	0	0	4787418	
660	1	G	4	N	2500	0	40	67	138	11	6	4	0	0	0	0	0	0	0	0	0	0	0	0	4787418	
661	1	G	4	N	2500	0	40	36	48	3	2	0	0	0	0	0	0	0	0	0	0	0	0	0	4787418	
662	1	G	4	N	2500	0	40	40	48	3	2	1	0	0	0	0	0	0	0	0	0	0	0	0	4787418	
663	1	G	4	N	2500	0	40	21	25	2	1	1	0	0	0	0	0	0	0	0	0	0	0	0	4787434	
664	1	G	4	N	2500	0	40	69	99	9	5	2	0	0	0	0	0	0	0	0	0	0	0	0	4787434	
665	1	G	4	N	2500	0	40	329	861	40	19	15	0	0	0	0	0	0	0	0	0	0	0	0	4787434	
666	1	G	4	N	2500	0	40	20	32	7	1	2	0	0	0	0	0	0	0	0	0	0	0	0	4787480	
667	1	G	4	N	2500	0	40	20	22	3	1	1	0	0	0	0	0	0	0	0	0	0	0	0	4787933	
668	1	G	4	N	2500	0	40	29	51	1	2	1	0	0	0	0	0	0	0	0	0	0	0	0	4787948	
669	1	G	4	N	2500	0	40	21	32	3	0	1	0	0	0	0	0	0	0	0	0	0	0	0	4787980	
670	1	G	4	N	2500	0	40	327	987	48	22	16	0	0	0	0	0	0	0	0	0	0	0	0	4788042	
671	1	G	4	N	2500	0	40	28	52	4	4	4	0	0	0	0	0	0	0	0	0	0	0	0	4788307	
672	1	G	4	N	2500	0	40	359	955	52	25	16	0	0	0	0	0	0	0	0	0	0	0	0	4788370	
673	1	G	4	N	2500	0	40	23	33	3	0	0	0	0	0	0	0	0	0	0	0	0	0	0	4788432	
674	1	G	4	N	2500	0	40	195	501	165	205	253	0	0	0	0	0	0	0	0	0	0	0	0	4788728	
675	1	G	4	N	2500	0	40	27	47	5	1	1	0	0	0	0	0	0	0	0	0	0	0	0	4788853	
676	1	G	4	N	2500	0	40	30	82	5	1	1	0	0	0	0	0	0	0	0	0	0	0	0	4789259	
677	1	G	4	N	2500	0	40	366	942	32	17	12	0	0	0	0	0	0	0	0	0	0	0	0	4789337	
678	1	G	4	N	2500	0	40	219	856	44	21	16	0	0	0	0	0	0	0	0	0	0	0	0	4789352	
679	1	G	4	N	2500	0	40	26	33	4	1	2	0	0	0	0	0	0	0	0	0	0	0	0	4789430	
680	1	G	4	N	2500	0	40	275	1073	53	25	18	0	0	0	0	0	0	0	0	0	0	0	0	4789789	
681	1	G	4	N	2500	0	40	276	739	25	15	11	0	0	0	0	0	0	0	0	0	0	0	0	4790772	
682	1	G	4	N	2500	0	40	423	1172	56	27	21	0	0	0	0	0	0	0	0	0	0	0	0	4791240	
683	1	G	4	N	2500	0	40	20	21	1	0	0	0	0	0	0	0	0	0	0	0	0	0	0	4791287	
684	1	G	4	N	2500	0	40	235	1205	72	29	17	0	0	0	0	0	0	0	0	0	0	0	0	4791302	
685	1	H	4	N	2500	0	40	410	1020	40	18	15	0	0	0	0	0	0	0	0	0	0	0	0	4798759	
686	1	H	4	N	2500	0	40	249	616	25	11	9	0	0	0	0	0	0	0	0	0	0	0	0	4805748	
687	1	A	5	N	2500	0	40	20	21	0	0	1	0	0	0	0	0	0	0	0	0	0	0	0	4815077	
688	1	A	5	N	2500	0	40	211	968	72	33	24	0	0	0	0	0	0	0	0	0	0	0	0	4815155	
689	1	A	5	N	2500	0	40	507	1346	66	28	23	0	0	0	0	0	0	0	0	0	0	0	0	4816980	
690	1	A	5	N	2500	0	40	22	31	1	1	1	0	0	0	0	0	0	0	0	0	0	0	0	4817027	
691	1	A	5	N	2500	0	40	255	998	58	27	20	0	0	0	0	0	0	0	0	0	0	0	0	4817822	
692	1	A	5	N	2500	0	40	191	1034	60	29	24	0	0	0	0	0	0	0	0	0	0	0	0	4818634	
693	1	A	5	N	2500	0	40	32	51	3	3	3	0	0	0	0	0	0	0	0	0	0	0	0	4818961	
694	1	A	5	N	2500	0	40	295	917	52	23	15	0	0	0	0	0	0	0	0	0	0	0	0	4819507	
695	1	A	5	N	2500	0	40	305	1026	62	27	20	0	0	0	0	0	0	0	0	0	0	0	0	4819570	
696	1	A	5	N	2500	0	40	20	24	1	1	2	0	0	0	0	0	0	0	0	0	0	0	0	4819960	
697	1	A	5	N	2500	0	40	720	1730	91	32	27	0	0	0	0	0	0	0	0	0	0	0	0	4820038	
698	1	A	5	N	2500	0	40	546	1708	94	34	28	0	0	0	0	0	0	0	0	0	0	0	0	4821098	
699	1	B	5	N	2500	0	40	20	17	1	0	0	0	0	0	0	0	0	0	0	0	0	0	0	4829023	
700	1	B	5	N	2500	0	40	49	54	3	3	3	0	0	0	0	0	0	0	0	0	0	0	0	4829226	
701	1	B	5	N	2500	0	40	278	882	55	26	19	0	0	0	0	0	0	0	0	0	0	0	0	4829710	
702	1	B	5	N	2500	0	40	22	26	0	0	1	0	0	0	0	0	0	0	0	0	0	0	0	4829710	
703	1	B	5	N	2500	0	40	42	42	1	1	3	0	0	0	0	0	0	0	0	0	0	0	0	4829834	
704	1	B	5	N	2500	0	40	20	28	3	0	0	0	0	0	0	0	0	0	0	0	0	0	0	4830162	
705	1	B	5	N	2500	0	40	295	1223	69	30	21	0	0	0	0	0	0	0	0	0	0	0	0	4830614	
706	1	B	5	N	2500	0	40	398	1118	47	27	20	0	0	0	0	0	0	0	0	0	0	0	0	4831004	
707	1	B	5	N	2500	0	40	288	925	48	23	17	0	0	0	0	0	0	0	0	0	0	0	0	4832424	
708	1	B	5	N	2500	0	40	499	915	47	19	14	0	0	0	0	0	0	0	0	0	0	0	0	4832876	
709	1	B	5	N	2500	0	40	41	45	3	1	1	0	0	0	0	0	0	0	0	0	0	0	0	4833641	
710	1	B	5	N	2500	0	40	50	57	3	2	1	0	0	0	0	0	0	0	0	0	0	0	0	4833641	
711	1	B	5	N	2500	0	40	237	902	51	25	19	0	0	0	0	0	0	0	0	0	0	0	0	4835170	
712	1	C	5	N	2500	0	40	23	41	3	0	0	0	0	0	0	0	0	0	0	0	0	0	0	4843453	
713	1	C	5	N	2500	0	40	27	54	7	1	0	0	0	0	0	0	0	0	0	0	0	0	0	4843640	
714	1	C	5	N	2500	0	40	49	198	12	14	17	0	0	0	0	0	0	0	0	0	0	0	0	4844654	
715	1	C	5	N	2500	0	40	32	46	2	2	2	0	0	0	0	0	0	0	0	0	0	0	0	4845060	
716	1	C	5	N	2500	0	40	232	1016	55	23	20	0	0	0	0	0	0	0	0	0	0	0	0	4846714	
717	1	C	5	N	2500	0	40	321	1287	87	38	32	0	0	0	0	0	0	0	0	0	0	0	0	4846792	
718	1	C	5	N	2500	0	40	21	28	3	1	1	0	0	0	0	0	0	0	0	0	0	0	0	4846885	
719	1	C	5	N	2500	0	40	20	20	1	0	0	0	0	0	0	0	0	0	0	0	0	0	0	4847509	
720	1	C	5	N	2500	0	40	27	24	1	1	0	0	0	0	0	0	0	0	0	0	0	0	0	4847509	
721	1	C	5	N	2500	0	40	508	1601	66	30	29	0	0	0	0	0	0	0	0	0	0	0	0	4847852	
722	1	C	5	N	2500	0	40	22	23	0	0	0	0	0	0	0	0	0	0	0	0	0	0	0	4848242	
723	1	D	5	N	2500	0	40	31	34	1	1	1	0	0	0	0	0	0	0	0	0	0	0	0	4865434	
724	1	D	5	N	2500	0	40	403	1368	65	29	25	0	0	0	0	0	0	0	0	0	0	0	0	4865777	
725	1	E	5	N	2500	0	40	36	32	2	1	1	0	0	0	0	0	0	0	0	0	0	0	0	4873156	
726	1	E	5	N	2500	0	40	63	80	4	4	6	0	0	0	0	0	0	0	0	0	0	0	0	4873234	
727	1	E	5	N	2500	0	40	23	25	1	1	1	0	0	0	0	0	0	0	0	0	0	0	0	4873421	
728	1	E	5	N	2500	0	40	61	66	3	3	4	0	0	0	0	0	0	0	0	0	0	0	0	4875667	
729	1	E	5	N	2500	0	40	39	67	5	4	5	0	0	0	0	0	0	0	0	0	0	0	0	4875776	
730	1	E	5	N	2500	0	40	316	854	35	18	15	0	0	0	0	0	0	0	0	0	0	0	0	4875917	
731	1	E	5	N	2500	0	40	341	1029	55	27	21	0	0	0	0	0	0	0	0	0	0	0	0	4877071	
732	1	E	5	N	2500	0	40	312	1135	72	31	22	0	0	0	0	0	0	0	0	0	0	0	0	4879786	
733	1	E	5	N	2500	0	40	27	33	0	0	0	0	0	0	0	0	0	0	0	0	0	0	0	4880488	
734	1	F	5	N	2500	0	40	28	28	1	1	2	0	0	0	0	0	0	0	0	0	0	0	0	4888896	
735	1	F	5	N	2500	0	40	28	41	2	2	1	0	0	0	0	0	0	0	0	0	0	0	0	4888896	
736	1	F	5	N	2500	0	40	255	830	51	25	18	0	0	0	0	0	0	0	0	0	0	0	0	4889052	
737	1	F	5	N	2500	0	40	286	977	50	24	17	0	0	0	0	0	0	0	0	0	0	0	0	4889317	
738	1	F	5	N	2500	0	40	29	32	2	0	0	0	0	0	0	0	0	0	0	0	0	0	0	4889489	
739	1	F	5	N	2500	0	40	23	20	1	1	1	0	0	0	0	0	0	0	0	0	0	0	0	4889692	
740	1	F	5	N	2500	0	40	22	17	1	0	0	0	0	0	0	0	0	0	0	0	0	0	0	4890082	
741	1	F	5	N	2500	0	40	39	93	6	4	5	0	0	0	0	0	0	0	0	0	0	0	0	4890534	
742	1	F	5	N	2500	0	40	37	71	9	2	3	0	0	0	0	0	0	0	0	0	0	0	0	4890721	
743	1	F	5	N	2500	0	40	30	52	3	4	4	0	0	0	0	0	0	0	0	0	0	0	0	4891142	
744	1	F	5	N	2500	0	40	22	24	1	0	0	0	0	0	0	0	0	0	0	0	0	0	0	4891517	
745	1	F	5	N	2500	0	40	430	924	39	20	16	0	0	0	0	0	0	0	0	0	0	0	0	4891610	
746	1	F	5	N	2500	0	40	403	1080	42	24	20	0	0	0	0	0	0	0	0	0	0	0	0	4892078	
747	1	F	5	N	2500	0	40	26	22	1	0	1	0	0	0	0	0	0	0	0	0	0	0	0	4893264	
748	1	F	5	N	2500	0	40	307	961	46	21	16	0	0	0	0	0	0	0	0	0	0	0	0	4893888	
749	1	F	5	N	2500	0	40	75	102	1	2	2	0	0	0	0	0	0	0	0	0	0	0	0	4893919	
750	1	F	5	N	2500	0	40	213	802	34	17	13	0	0	0	0	0	0	0	0	0	0	0	0	4894590	
751	1	G	5	N	2500	0	40	34	30	0	0	0	0	0	0	0	0	0	0	0	0	0	0	0	4902468	
752	1	G	5	N	2500	0	40	364	1006	62	22	17	0	0	0	0	0	0	0	0	0	0	0	0	4902562	
753	1	G	5	N	2500	0	40	27	47	2	1	1	0	0	0	0	0	0	0	0	0	0	0	0	4902983	
754	1	G	5	N	2500	0	40	328	912	42	25	18	0	0	0	0	0	0	0	0	0	0	0	0	4903373	
755	1	G	5	N	2500	0	40	31	56	5	2	2	0	0	0	0	0	0	0	0	0	0	0	0	4904169	
756	1	G	5	N	2500	0	40	32	70	4	2	2	0	0	0	0	0	0	0	0	0	0	0	0	4904169	
757	1	G	5	N	2500	0	40	27	42	2	1	2	0	0	0	0	0	0	0	0	0	0	0	0	4904169	
758	1	G	5	N	2500	0	40	80	96	5	1	1	0	0	0	0	0	0	0	0	0	0	0	0	4904543	
759	1	G	5	N	2500	0	40	26	44	5	1	1	0	0	0	0	0	0	0	0	0	0	0	0	4904871	
760	1	G	5	N	2500	0	40	191	961	52	23	15	0	0	0	0	0	0	0	0	0	0	0	0	4905245	
761	1	G	5	N	2500	0	40	29	36	1	1	1	0	0	0	0	0	0	0	0	0	0	0	0	4905744	
762	1	G	5	N	2500	0	40	22	21	2	0	0	0	0	0	0	0	0	0	0	0	0	0	0	4905822	
763	1	G	5	N	2500	0	40	20	29	2	0	1	0	0	0	0	0	0	0	0	0	0	0	0	4905900	
764	1	G	5	N	2500	0	40	447	1162	58	24	18	0	0	0	0	0	0	0	0	0	0	0	0	4905916	
765	1	G	5	N	2500	0	40	290	869	33	20	17	0	0	0	0	0	0	0	0	0	0	0	0	4906493	
766	1	G	5	N	2500	0	40	29	33	2	1	3	0	0	0	0	0	0	0	0	0	0	0	0	4906899	
767	1	G	5	N	2500	0	40	41	54	2	2	3	0	0	0	0	0	0	0	0	0	0	0	0	4907023	
768	1	G	5	N	2500	0	40	270	774	35	22	15	0	0	0	0	0	0	0	0	0	0	0	0	4907242	
769	1	G	5	N	2500	0	40	166	605	28	12	8	0	0	0	0	0	0	0	0	0	0	0	0	4907257	
770	1	G	5	N	2500	0	40	24	33	2	1	0	0	0	0	0	0	0	0	0	0	0	0	0	4907289	
771	1	G	5	N	2500	0	40	28	26	2	0	1	0	0	0	0	0	0	0	0	0	0	0	0	4907507	
772	1	G	5	N	2500	0	40	189	816	35	18	14	0	0	0	0	0	0	0	0	0	0	0	0	4907663	
773	1	G	5	N	2500	0	40	228	905	44	22	19	0	0	0	0	0	0	0	0	0	0	0	0	4908069	
774	1	G	5	N	2500	0	40	251	856	37	18	14	0	0	0	0	0	0	0	0	0	0	0	0	4908069	
775	1	G	5	N	2500	0	40	44	57	3	2	2	0	0	0	0	0	0	0	0	0	0	0	0	4908958	
776	1	G	5	N	2500	0	40	274	771	35	19	13	0	0	0	0	0	0	0	0	0	0	0	0	4909145	
777	1	G	5	N	2500	0	40	22	37	2	1	2	0	0	0	0	0	0	0	0	0	0	0	0	4909660	
778	1	H	5	N	2500	0	40	140	620	26	13	10	0	0	0	0	0	0	0	0	0	0	0	0	4917007	
779	1	H	5	N	2500	0	40	380	968	34	17	15	0	0	0	0	0	0	0	0	0	0	0	0	4917522	
780	1	H	5	N	2500	0	40	221	920	49	21	17	0	0	0	0	0	0	0	0	0	0	0	0	4922670	
781	1	H	5	N	2500	0	40	252	835	29	15	10	0	0	0	0	0	0	0	0	0	0	0	0	4924558	
782	1	A	6	N	2500	0	40	29	35	1	1	1	0	0	0	0	0	0	0	0	0	0	0	0	4935431	
783	1	A	6	N	2500	0	40	280	1039	55	28	22	0	0	0	0	0	0	0	0	0	0	0	0	4935462	
784	1	A	6	N	2500	0	40	467	1188	42	26	21	0	0	0	0	0	0	0	0	0	0	0	0	4936367	
785	1	A	6	N	2500	0	40	360	1240	74	34	23	0	0	0	0	0	0	0	0	0	0	0	0	4937646	
786	1	A	6	N	2500	0	40	377	977	51	25	19	0	0	0	0	0	0	0	0	0	0	0	0	4939378	
787	1	A	6	N	2500	0	40	500	1589	80	38	25	0	0	0	0	0	0	0	0	0	0	0	0	4940095	
788	1	B	6	N	2500	0	40	269	1123	55	27	20	0	0	0	0	0	0	0	0	0	0	0	0	4948114	
789	1	B	6	N	2500	0	40	20	23	0	0	1	0	0	0	0	0	0	0	0	0	0	0	0	4948301	
790	1	B	6	N	2500	0	40	27	41	1	2	2	0	0	0	0	0	0	0	0	0	0	0	0	4948426	
791	1	B	6	N	2500	0	40	23	37	1	1	2	0	0	0	0	0	0	0	0	0	0	0	0	4948847	
792	1	B	6	N	2500	0	40	232	1083	76	33	27	0	0	0	0	0	0	0	0	0	0	0	0	4950516	
793	1	B	6	N	2500	0	40	58	206	18	17	21	0	0	0	0	0	0	0	0	0	0	0	0	4951749	
794	1	B	6	N	2500	0	40	46	139	10	12	15	0	0	0	0	0	0	0	0	0	0	0	0	4951749	
795	1	B	6	N	2500	0	40	22	25	0	0	1	0	0	0	0	0	0	0	0	0	0	0	0	4951905	
796	1	B	6	N	2500	0	40	27	42	1	0	0	0	0	0	0	0	0	0	0	0	0	0	0	4952248	
797	1	B	6	N	2500	0	40	353	960	42	21	19	0	0	0	0	0	0	0	0	0	0	0	0	4952544	
798	1	B	6	N	2500	0	40	40	117	9	10	10	0	0	0	0	0	0	0	0	0	0	0	0	4954198	
799	1	C	6	N	2500	0	40	52	78	1	0	0	0	0	0	0	0	0	0	0	0	0	0	0	4962341	
800	1	C	6	N	2500	0	40	31	29	1	0	0	0	0	0	0	0	0	0	0	0	0	0	0	4964853	
801	1	C	6	N	2500	0	40	28	38	1	1	2	0	0	0	0	0	0	0	0	0	0	0	0	4965445	
802	1	C	6	N	2500	0	40	22	20	0	0	0	0	0	0	0	0	0	0	0	0	0	0	0	4966397	
803	1	C	6	N	2500	0	40	25	44	2	2	3	0	0	0	0	0	0	0	0	0	0	0	0	4967692	
804	1	C	6	N	2500	0	40	380	1348	70	31	22	0	0	0	0	0	0	0	0	0	0	0	0	4969517	
805	1	D	6	N	2500	0	40	23	24	0	0	1	0	0	0	0	0	0	0	0	0	0	0	0	4977052	
806	1	D	6	N	2500	0	40	228	1284	75	34	25	0	0	0	0	0	0	0	0	0	0	0	0	4980765	
807	1	D	6	N	2500	0	40	25	26	0	0	1	0	0	0	0	0	0	0	0	0	0	0	0	4981560	
808	1	D	6	N	2500	0	40	20	16	0	1	1	0	0	0	0	0	0	0	0	0	0	0	0	4982028	
809	1	D	6	N	2500	0	40	43	39	1	2	3	0	0	0	0	0	0	0	0	0	0	0	0	4982028	
810	1	D	6	N	2500	0	40	236	928	38	21	14	0	0	0	0	0	0	0	0	0	0	0	0	4982777	
811	1	D	6	N	2500	0	40	347	1133	52	25	20	0	0	0	0	0	0	0	0	0	0	0	0	4983588	
812	1	D	6	N	2500	0	40	22	34	1	1	2	0	0	0	0	0	0	0	0	0	0	0	0	4983947	
813	1	E	6	N	2500	0	40	27	30	2	2	2	0	0	0	0	0	0	0	0	0	0	0	0	4991310	
814	1	E	6	N	2500	0	40	44	53	4	3	5	0	0	0	0	0	0	0	0	0	0	0	0	4991482	
815	1	E	6	N	2500	0	40	22	31	1	1	1	0	0	0	0	0	0	0	0	0	0	0	0	4991919	
816	1	E	6	N	2500	0	40	370	1245	70	32	25	0	0	0	0	0	0	0	0	0	0	0	0	4992231	
817	1	E	6	N	2500	0	40	348	1252	74	32	25	0	0	0	0	0	0	0	0	0	0	0	0	4993822	
818	1	E	6	N	2500	0	40	301	690	26	14	8	0	0	0	0	0	0	0	0	0	0	0	0	4994773	
819	1	E	6	N	2500	0	40	27	31	0	0	1	0	0	0	0	0	0	0	0	0	0	0	0	4994945	
820	1	E	6	N	2500	0	40	32	44	2	2	2	0	0	0	0	0	0	0	0	0	0	0	0	4995007	
821	1	E	6	N	2500	0	40	62	169	10	11	13	0	0	0	0	0	0	0	0	0	0	0	0	4995007	
822	1	E	6	N	2500	0	40	147	179	16	8	9	0	0	0	0	0	0	0	0	0	0	0	0	4996895	
823	1	E	6	N	2500	0	40	29	28	1	0	0	0	0	0	0	0	0	0	0	0	0	0	0	4996895	
824	1	E	6	N	2500	0	40	27	32	1	0	1	0	0	0	0	0	0	0	0	0	0	0	0	4998408	
825	1	E	6	N	2500	0	40	411	1261	61	27	20	0	0	0	0	0	0	0	0	0	0	0	0	4998970	
826	1	F	6	N	2500	0	40	191	684	48	23	17	0	0	0	0	0	0	0	0	0	0	0	0	5009032	
827	1	F	6	N	2500	0	40	332	1075	43	23	17	0	0	0	0	0	0	0	0	0	0	0	0	5009968	
828	1	F	6	N	2500	0	40	27	28	1	1	0	0	0	0	0	0	0	0	0	0	0	0	0	5012901	
829	1	G	6	N	2500	0	40	28	28	1	1	2	0	0	0	0	0	0	0	0	0	0	0	0	5021762	
830	1	G	6	N	2500	0	40	237	702	31	17	17	0	0	0	0	0	0	0	0	0	0	0	0	5021793	
831	1	G	6	N	2500	0	40	168	646	25	12	10	0	0	0	0	0	0	0	0	0	0	0	0	5021980	
832	1	G	6	N	2500	0	40	31	61	6	1	3	0	0	0	0	0	0	0	0	0	0	0	0	5023072	
833	1	G	6	N	2500	0	40	211	721	31	17	13	0	0	0	0	0	0	0	0	0	0	0	0	5024242	
834	1	G	6	N	2500	0	40	21	19	2	0	0	0	0	0	0	0	0	0	0	0	0	0	0	5024538	
835	1	G	6	N	2500	0	40	22	34	2	0	1	0	0	0	0	0	0	0	0	0	0	0	0	5024866	
836	1	G	6	N	2500	0	40	167	707	31	14	11	0	0	0	0	0	0	0	0	0	0	0	0	5024944	
837	1	G	6	N	2500	0	40	28	27	2	0	0	0	0	0	0	0	0	0	0	0	0	0	0	5024975	
838	1	G	6	N	2500	0	40	20	30	3	1	1	0	0	0	0	0	0	0	0	0	0	0	0	5025084	
839	1	G	6	N	2500	0	40	67	76	4	4	5	0	0	0	0	0	0	0	0	0	0	0	0	5025443	
840	1	G	6	N	2500	0	40	28	24	0	0	0	0	0	0	0	0	0	0	0	0	0	0	0	5026052	
841	1	G	6	N	2500	0	40	28	41	6	1	3	0	0	0	0	0	0	0	0	0	0	0	0	5026130	
842	1	G	6	N	2500	0	40	23	29	3	0	0	0	0	0	0	0	0	0	0	0	0	0	0	5026473	
843	1	G	6	N	2500	0	40	27	54	1	0	0	0	0	0	0	0	0	0	0	0	0	0	0	5026988	
844	1	G	6	N	2500	0	40	22	23	1	0	0	0	0	0	0	0	0	0	0	0	0	0	0	5027502	
845	1	G	6	N	2500	0	40	199	772	29	14	13	0	0	0	0	0	0	0	0	0	0	0	0	5028251	
846	1	G	6	N	2500	0	40	340	834	33	16	14	0	0	0	0	0	0	0	0	0	0	0	0	5028282	
847	1	H	6	N	2500	0	40	29	34	5	0	0	0	0	0	0	0	0	0	0	0	0	0	0	5038656	
848	1	A	7	N	2500	0	40	61	231	16	18	19	0	0	0	0	0	0	0	0	0	0	0	0	5051448	
849	1	A	7	N	2500	0	40	300	711	26	14	10	0	0	0	0	0	0	0	0	0	0	0	0	5051838	
850	1	A	7	N	2500	0	40	25	33	1	1	2	0	0	0	0	0	0	0	0	0	0	0	0	5052197	
851	1	A	7	N	2500	0	40	398	1139	52	26	21	0	0	0	0	0	0	0	0	0	0	0	0	5053336	
852	1	A	7	N	2500	0	40	257	1272	79	35	28	0	0	0	0	0	0	0	0	0	0	0	0	5053445	
853	1	A	7	N	2500	0	40	288	1203	77	36	24	0	0	0	0	0	0	0	0	0	0	0	0	5053570	
854	1	A	7	N	2500	0	40	481	1416	79	35	27	0	0	0	0	0	0	0	0	0	0	0	0	5053788	
855	1	A	7	N	2500	0	40	409	1123	59	25	22	0	0	0	0	0	0	0	0	0	0	0	0	5053944	
856	1	A	7	N	2500	0	40	347	1019	49	26	25	0	0	0	0	0	0	0	0	0	0	0	0	5055364	
857	1	A	7	N	2500	0	40	60	110	3	3	4	0	0	0	0	0	0	0	0	0	0	0	0	5056004	
858	1	A	7	N	2500	0	40	282	1287	78	33	22	0	0	0	0	0	0	0	0	0	0	0	0	5056082	
859	1	A	7	N	2500	0	40	179	1055	76	32	23	0	0	0	0	0	0	0	0	0	0	0	0	5056300	
860	1	B	7	N	2500	0	40	442	1289	83	33	23	0	0	0	0	0	0	0	0	0	0	0	0	5066596	
861	1	B	7	N	2500	0	40	32	36	2	1	1	0	0	0	0	0	0	0	0	0	0	0	0	5066690	
862	1	B	7	N	2500	0	40	43	42	2	0	0	0	0	0	0	0	0	0	0	0	0	0	0	5066690	
863	1	B	7	N	2500	0	40	22	29	4	0	0	0	0	0	0	0	0	0	0	0	0	0	0	5066690	
864	1	B	7	N	2500	0	40	453	1267	64	31	20	0	0	0	0	0	0	0	0	0	0	0	0	5066768	
865	1	B	7	N	2500	0	40	312	730	26	15	15	0	0	0	0	0	0	0	0	0	0	0	0	5067189	
866	1	B	7	N	2500	0	40	33	33	2	0	0	0	0	0	0	0	0	0	0	0	0	0	0	5067282	
867	1	B	7	N	2500	0	40	273	882	44	24	17	0	0	0	0	0	0	0	0	0	0	0	0	5067735	
868	1	B	7	N	2500	0	40	134	681	28	14	11	0	0	0	0	0	0	0	0	0	0	0	0	5068109	
869	1	B	7	N	2500	0	40	145	444	165	199	214	0	0	0	0	0	0	0	0	0	0	0	0	5068780	
870	1	B	7	N	2500	0	40	256	886	45	24	18	0	0	0	0	0	0	0	0	0	0	0	0	5068936	
871	1	B	7	N	2500	0	40	415	1374	108	37	27	0	0	0	0	0	0	0	0	0	0	0	0	5069139	
872	1	B	7	N	2500	0	40	253	683	31	17	15	0	0	0	0	0	0	0	0	0	0	0	0	5069201	
873	1	B	7	N	2500	0	40	324	884	43	24	20	0	0	0	0	0	0	0	0	0	0	0	0	5070324	
874	1	B	7	N	2500	0	40	581	1603	84	36	28	0	0	0	0	0	0	0	0	0	0	0	0	5070621	
875	1	B	7	N	2500	0	40	463	1208	47	24	19	0	0	0	0	0	0	0	0	0	0	0	0	5070621	
876	1	B	7	N	2500	0	40	394	1247	74	32	24	0	0	0	0	0	0	0	0	0	0	0	0	5070855	
877	1	B	7	N	2500	0	40	413	1219	64	30	22	0	0	0	0	0	0	0	0	0	0	0	0	5071276	
878	1	B	7	N	2500	0	40	30	60	8	1	0	0	0	0	0	0	0	0	0	0	0	0	0	5071307	
879	1	B	7	N	2500	0	40	25	29	2	1	0	0	0	0	0	0	0	0	0	0	0	0	0	5071323	
880	1	B	7	N	2500	0	40	304	1164	82	36	26	0	0	0	0	0	0	0	0	0	0	0	0	5071510	
881	1	B	7	N	2500	0	40	47	53	2	1	0	0	0	0	0	0	0	0	0	0	0	0	0	5071588	
882	1	B	7	N	2500	0	40	21	34	3	0	0	0	0	0	0	0	0	0	0	0	0	0	0	5071604	
883	1	B	7	N	2500	0	40	21	22	0	0	0	0	0	0	0	0	0	0	0	0	0	0	0	5071697	
884	1	B	7	N	2500	0	40	325	1359	78	37	25	0	0	0	0	0	0	0	0	0	0	0	0	5071697	
885	1	B	7	N	2500	0	40	223	1069	61	29	18	0	0	0	0	0	0	0	0	0	0	0	0	5071775	
886	1	B	7	N	2500	0	40	343	994	47	25	18	0	0	0	0	0	0	0	0	0	0	0	0	5072118	
887	1	B	7	N	2500	0	40	459	1364	56	31	26	0	0	0	0	0	0	0	0	0	0	0	0	5072321	
888	1	B	7	N	2500	0	40	393	1133	49	24	19	0	0	0	0	0	0	0	0	0	0	0	0	5072805	
889	1	B	7	N	2500	0	40	20	31	3	6	15	0	0	0	0	0	0	0	0	0	0	0	0	5072836	
890	1	C	7	N	2500	0	40	25	30	1	1	1	0	0	0	0	0	0	0	0	0	0	0	0	5080433	
891	1	C	7	N	2500	0	40	251	1074	50	26	21	0	0	0	0	0	0	0	0	0	0	0	0	5080995	
892	1	C	7	N	2500	0	40	243	1126	55	29	21	0	0	0	0	0	0	0	0	0	0	0	0	5081463	
893	1	C	7	N	2500	0	40	27	54	11	14	17	0	0	0	0	0	0	0	0	0	0	0	0	5081759	
894	1	C	7	N	2500	0	40	245	778	36	16	15	0	0	0	0	0	0	0	0	0	0	0	0	5081915	
895	1	C	7	N	2500	0	40	52	61	3	1	1	0	0	0	0	0	0	0	0	0	0	0	0	5082056	
896	1	C	7	N	2500	0	40	248	988	48	23	19	0	0	0	0	0	0	0	0	0	0	0	0	5082851	
897	1	C	7	N	2500	0	40	287	923	45	22	20	0	0	0	0	0	0	0	0	0	0	0	0	5082882	
898	1	C	7	N	2500	0	40	382	1094	50	24	20	0	0	0	0	0	0	0	0	0	0	0	0	5083850	
899	1	C	7	N	2500	0	40	40	49	1	1	2	0	0	0	0	0	0	0	0	0	0	0	0	5084286	
900	1	C	7	N	2500	0	40	219	942	42	19	15	0	0	0	0	0	0	0	0	0	0	0	0	5084520	
901	1	C	7	N	2500	0	40	29	53	1	1	1	0	0	0	0	0	0	0	0	0	0	0	0	5084739	
902	1	C	7	N	2500	0	40	179	1004	56	29	19	0	0	0	0	0	0	0	0	0	0	0	0	5085768	
903	1	C	7	N	2500	0	40	380	855	50	25	19	0	0	0	0	0	0	0	0	0	0	0	0	5085846	
904	1	C	7	N	2500	0	40	327	1275	95	32	23	0	0	0	0	0	0	0	0	0	0	0	0	5085846	
905	1	C	7	N	2500	0	40	288	1300	80	35	23	0	0	0	0	0	0	0	0	0	0	0	0	5085940	
906	1	C	7	N	2500	0	40	61	94	5	7	11	0	0	0	0	0	0	0	0	0	0	0	0	5086439	
907	1	D	7	N	2500	0	40	290	1108	66	33	25	0	0	0	0	0	0	0	0	0	0	0	0	5095862	
908	1	D	7	N	2500	0	40	23	40	6	6	5	0	0	0	0	0	0	0	0	0	0	0	0	5095955	
909	1	D	7	N	2500	0	40	25	28	1	1	2	0	0	0	0	0	0	0	0	0	0	0	0	5097344	
910	1	D	7	N	2500	0	40	345	1317	90	42	30	0	0	0	0	0	0	0	0	0	0	0	0	5098155	
911	1	D	7	N	2500	0	40	170	508	27	13	10	0	0	0	0	0	0	0	0	0	0	0	0	5098217	
912	1	D	7	N	2500	0	40	269	740	28	19	14	0	0	0	0	0	0	0	0	0	0	0	0	5098529	
913	1	D	7	N	2500	0	40	385	1188	58	30	20	0	0	0	0	0	0	0	0	0	0	0	0	5098950	
914	1	D	7	N	2500	0	40	353	917	45	20	14	0	0	0	0	0	0	0	0	0	0	0	0	5099356	
915	1	D	7	N	2500	0	40	310	1131	62	31	24	0	0	0	0	0	0	0	0	0	0	0	0	5099356	
916	1	D	7	N	2500	0	40	467	1347	73	30	22	0	0	0	0	0	0	0	0	0	0	0	0	5099933	
917	1	D	7	N	2500	0	40	242	1050	87	38	29	0	0	0	0	0	0	0	0	0	0	0	0	5100183	
918	1	D	7	N	2500	0	40	239	866	40	19	17	0	0	0	0	0	0	0	0	0	0	0	0	5100308	
919	1	D	7	N	2500	0	40	419	1172	68	30	25	0	0	0	0	0	0	0	0	0	0	0	0	5101197	
920	1	D	7	N	2500	0	40	24	23	0	0	0	0	0	0	0	0	0	0	0	0	0	0	0	5102554	
921	1	D	7	N	2500	0	40	352	1374	67	30	22	0	0	0	0	0	0	0	0	0	0	0	0	5102741	
922	1	E	7	N	2500	0	40	409	1200	64	29	21	0	0	0	0	0	0	0	0	0	0	0	0	5110572	
923	1	E	7	N	2500	0	40	261	697	31	15	12	0	0	0	0	0	0	0	0	0	0	0	0	5111649	
924	1	E	7	N	2500	0	40	202	878	42	26	17	0	0	0	0	0	0	0	0	0	0	0	0	5112366	
925	1	E	7	N	2500	0	40	301	1098	58	25	19	0	0	0	0	0	0	0	0	0	0	0	0	5113895	
926	1	E	7	N	2500	0	40	185	975	46	22	17	0	0	0	0	0	0	0	0	0	0	0	0	5114972	
927	1	E	7	N	2500	0	40	437	1420	74	33	25	0	0	0	0	0	0	0	0	0	0	0	0	5116563	
928	1	F	7	N	2500	0	40	22	22	0	0	0	0	0	0	0	0	0	0	0	0	0	0	0	5124472	
929	1	F	7	N	2500	0	40	215	829	45	20	15	0	0	0	0	0	0	0	0	0	0	0	0	5124566	
930	1	F	7	N	2500	0	40	24	24	1	1	0	0	0	0	0	0	0	0	0	0	0	0	0	5124768	
931	1	F	7	N	2500	0	40	31	59	4	5	4	0	0	0	0	0	0	0	0	0	0	0	0	5125299	
932	1	F	7	N	2500	0	40	242	767	32	16	13	0	0	0	0	0	0	0	0	0	0	0	0	5125627	
933	1	F	7	N	2500	0	40	143	521	27	12	11	0	0	0	0	0	0	0	0	0	0	0	0	5125658	
934	1	F	7	N	2500	0	40	287	699	27	15	13	0	0	0	0	0	0	0	0	0	0	0	0	5125689	
935	1	F	7	N	2500	0	40	491	1433	72	33	25	0	0	0	0	0	0	0	0	0	0	0	0	5125892	
936	1	F	7	N	2500	0	40	341	1020	51	24	20	0	0	0	0	0	0	0	0	0	0	0	0	5126282	
937	1	F	7	N	2500	0	40	40	84	4	1	1	0	0	0	0	0	0	0	0	0	0	0	0	5127514	
938	1	F	7	N	2500	0	40	382	959	41	22	17	0	0	0	0	0	0	0	0	0	0	0	0	5129339	
939	1	F	7	N	2500	0	40	22	32	5	0	0	0	0	0	0	0	0	0	0	0	0	0	0	5130229	
940	1	F	7	N	2500	0	40	381	871	37	16	11	0	0	0	0	0	0	0	0	0	0	0	0	5131102	
941	1	F	7	N	2500	0	40	211	1015	55	26	20	0	0	0	0	0	0	0	0	0	0	0	0	5131586	
942	1	F	7	N	2500	0	40	156	234	6	3	5	0	0	0	0	0	0	0	0	0	0	0	0	5131601	
943	1	F	7	N	2500	0	40	254	1418	87	36	27	0	0	0	0	0	0	0	0	0	0	0	0	5132069	
944	1	G	7	N	2500	0	40	21	19	1	0	0	0	0	0	0	0	0	0	0	0	0	0	0	5139791	
945	1	G	7	N	2500	0	40	25	32	2	1	0	0	0	0	0	0	0	0	0	0	0	0	0	5140041	
946	1	G	7	N	2500	0	40	20	26	3	0	0	0	0	0	0	0	0	0	0	0	0	0	0	5140930	
947	1	G	7	N	2500	0	40	349	1082	61	26	25	0	0	0	0	0	0	0	0	0	0	0	0	5141133	
948	1	G	7	N	2500	0	40	453	1065	38	23	19	0	0	0	0	0	0	0	0	0	0	0	0	5141398	
949	1	G	7	N	2500	0	40	364	906	41	20	16	0	0	0	0	0	0	0	0	0	0	0	0	5141648	
950	1	G	7	N	2500	0	40	173	655	30	16	11	0	0	0	0	0	0	0	0	0	0	0	0	5141679	
951	1	G	7	N	2500	0	40	26	26	0	1	1	0	0	0	0	0	0	0	0	0	0	0	0	5141741	
952	1	G	7	N	2500	0	40	159	310	9	4	3	0	0	0	0	0	0	0	0	0	0	0	0	5142038	
953	1	G	7	N	2500	0	40	41	47	2	2	2	0	0	0	0	0	0	0	0	0	0	0	0	5142178	
954	1	G	7	N	2500	0	40	227	873	48	23	13	0	0	0	0	0	0	0	0	0	0	0	0	5142225	
955	1	G	7	N	2500	0	40	436	1013	48	26	22	0	0	0	0	0	0	0	0	0	0	0	0	5142646	
956	1	G	7	N	2500	0	40	156	922	49	24	18	0	0	0	0	0	0	0	0	0	0	0	0	5142865	
957	1	G	7	N	2500	0	40	33	27	1	1	2	0	0	0	0	0	0	0	0	0	0	0	0	5143832	
958	1	G	7	N	2500	0	40	29	23	1	1	2	0	0	0	0	0	0	0	0	0	0	0	0	5143832	
959	1	G	7	N	2500	0	40	217	597	24	12	9	0	0	0	0	0	0	0	0	0	0	0	0	5143957	
960	1	G	7	N	2500	0	40	349	1192	481	612	723	0	0	0	0	0	0	0	0	0	0	0	0	5143972	
961	1	G	7	N	2500	0	40	368	866	30	16	14	0	0	0	0	0	0	0	0	0	0	0	0	5144269	
962	1	G	7	N	2500	0	40	20	18	0	0	0	0	0	0	0	0	0	0	0	0	0	0	0	5144362	
963	1	G	7	N	2500	0	40	302	878	48	22	19	0	0	0	0	0	0	0	0	0	0	0	0	5144393	
964	1	G	7	N	2500	0	40	31	28	2	1	3	0	0	0	0	0	0	0	0	0	0	0	0	5144581	
965	1	G	7	N	2500	0	40	32	66	10	2	4	0	0	0	0	0	0	0	0	0	0	0	0	5144815	
966	1	G	7	N	2500	0	40	245	754	39	20	16	0	0	0	0	0	0	0	0	0	0	0	0	5145423	
967	1	G	7	N	2500	0	40	26	58	4	1	1	0	0	0	0	0	0	0	0	0	0	0	0	5145454	
968	1	G	7	N	2500	0	40	287	865	48	21	16	0	0	0	0	0	0	0	0	0	0	0	0	5145548	
969	1	G	7	N	2500	0	40	20	26	2	0	1	0	0	0	0	0	0	0	0	0	0	0	0	5146312	
970	1	H	7	N	2500	0	40	35	92	14	3	5	0	0	0	0	0	0	0	0	0	0	0	0	5153878	
971	1	H	7	N	2500	0	40	24	47	3	0	0	0	0	0	0	0	0	0	0	0	0	0	0	5153909	
972	1	H	7	N	2500	0	40	26	34	2	0	0	0	0	0	0	0	0	0	0	0	0	0	0	5154861	
973	1	H	7	N	2500	0	40	29	24	4	0	1	0	0	0	0	0	0	0	0	0	0	0	0	5155126	
974	1	H	7	N	2500	0	40	26	29	4	0	1	0	0	0	0	0	0	0	0	0	0	0	0	5155657	
975	1	H	7	N	2500	0	40	371	795	33	16	10	0	0	0	0	0	0	0	0	0	0	0	0	5156343	
976	1	H	7	N	2500	0	40	23	26	2	1	0	0	0	0	0	0	0	0	0	0	0	0	0	5160695	
977	1	A	8	N	2500	0	40	21	20	1	0	1	0	0	0	0	0	0	0	0	0	0	0	0	5169541	
978	1	A	8	N	2500	0	40	35	82	7	3	1	0	0	0	0	0	0	0	0	0	0	0	0	5169790	
979	1	A	8	N	2500	0	40	35	44	2	1	1	0	0	0	0	0	0	0	0	0	0	0	0	5169790	
980	1	A	8	N	2500	0	40	391	931	45	20	17	0	0	0	0	0	0	0	0	0	0	0	0	5170679	
981	1	A	8	N	2500	0	40	21	24	0	0	1	0	0	0	0	0	0	0	0	0	0	0	0	5171350	
982	1	A	8	N	2500	0	40	20	23	1	0	0	0	0	0	0	0	0	0	0	0	0	0	0	5173347	
983	1	A	8	N	2500	0	40	437	821	40	17	14	0	0	0	0	0	0	0	0	0	0	0	0	5173737	
984	1	A	8	N	2500	0	40	24	30	0	1	1	0	0	0	0	0	0	0	0	0	0	0	0	5173831	
985	1	A	8	N	2500	0	40	356	999	51	24	19	0	0	0	0	0	0	0	0	0	0	0	0	5174158	
986	1	A	8	N	2500	0	40	29	47	10	13	14	0	0	0	0	0	0	0	0	0	0	0	0	5174533	
987	1	A	8	N	2500	0	40	33	76	5	0	1	0	0	0	0	0	0	0	0	0	0	0	0	5175500	
988	1	A	8	N	2500	0	40	394	1025	47	24	17	0	0	0	0	0	0	0	0	0	0	0	0	5176779	
989	1	A	8	N	2500	0	40	487	1374	61	31	22	0	0	0	0	0	0	0	0	0	0	0	0	5177013	
990	1	B	8	N	2500	0	40	52	163	12	12	14	0	0	0	0	0	0	0	0	0	0	0	0	5184345	
991	1	B	8	N	2500	0	40	21	22	0	0	0	0	0	0	0	0	0	0	0	0	0	0	0	5184688	
992	1	B	8	N	2500	0	40	21	25	1	1	2	0	0	0	0	0	0	0	0	0	0	0	0	5185109	
993	1	B	8	N	2500	0	40	36	51	0	0	1	0	0	0	0	0	0	0	0	0	0	0	0	5185952	
994	1	B	8	N	2500	0	40	20	19	1	0	0	0	0	0	0	0	0	0	0	0	0	0	0	5186061	
995	1	B	8	N	2500	0	40	26	34	1	0	0	0	0	0	0	0	0	0	0	0	0	0	0	5186997	
996	1	B	8	N	2500	0	40	30	50	2	1	1	0	0	0	0	0	0	0	0	0	0	0	0	5187793	
997	1	B	8	N	2500	0	40	334	876	37	20	13	0	0	0	0	0	0	0	0	0	0	0	0	5187964	
998	1	C	8	N	2500	0	40	107	287	105	121	124	0	0	0	0	0	0	0	0	0	0	0	0	5199134	
999	1	C	8	N	2500	0	40	36	46	2	1	2	0	0	0	0	0	0	0	0	0	0	0	0	5201396	
1000	1	C	8	N	2500	0	40	306	867	428	533	624	0	0	0	0	0	0	0	0	0	0	0	0	5203424	
1001	1	C	8	N	2500	0	40	222	554	21	14	12	0	0	0	0	0	0	0	0	0	0	0	0	5204344	
1002	1	D	8	N	2500	0	40	20	16	1	0	1	0	0	0	0	0	0	0	0	0	0	0	0	5215186	
1003	1	D	8	N	2500	0	40	354	841	32	18	14	0	0	0	0	0	0	0	0	0	0	0	0	5215639	
1004	1	D	8	N	2500	0	40	305	755	25	13	10	0	0	0	0	0	0	0	0	0	0	0	0	5216403	
1005	1	D	8	N	2500	0	40	21	20	1	0	0	0	0	0	0	0	0	0	0	0	0	0	0	5216731	
1006	1	D	8	N	2500	0	40	192	650	24	14	10	0	0	0	0	0	0	0	0	0	0	0	0	5217277	
1007	1	D	8	N	2500	0	40	33	69	4	4	4	0	0	0	0	0	0	0	0	0	0	0	0	5218088	
1008	1	D	8	N	2500	0	40	228	747	27	17	13	0	0	0	0	0	0	0	0	0	0	0	0	5219741	
1009	1	D	8	N	2500	0	40	23	18	0	0	0	0	0	0	0	0	0	0	0	0	0	0	0	5219741	
1010	1	E	8	N	2500	0	40	264	543	18	9	9	0	0	0	0	0	0	0	0	0	0	0	0	5229803	
1011	1	E	8	N	2500	0	40	21	28	4	5	10	0	0	0	0	0	0	0	0	0	0	0	0	5230318	
1012	1	E	8	N	2500	0	40	44	68	3	3	4	0	0	0	0	0	0	0	0	0	0	0	0	5231363	
1013	1	E	8	N	2500	0	40	240	875	48	26	23	0	0	0	0	0	0	0	0	0	0	0	0	5232627	
1014	1	E	8	N	2500	0	40	280	940	38	21	18	0	0	0	0	0	0	0	0	0	0	0	0	5232799	
1015	1	E	8	N	2500	0	40	177	444	21	10	8	0	0	0	0	0	0	0	0	0	0	0	0	5233735	
1016	1	F	8	N	2500	0	40	275	618	25	10	7	0	0	0	0	0	0	0	0	0	0	0	0	5245170	
1017	1	F	8	N	2500	0	40	167	593	20	13	9	0	0	0	0	0	0	0	0	0	0	0	0	5245934	
1018	1	F	8	N	2500	0	40	259	661	27	12	10	0	0	0	0	0	0	0	0	0	0	0	0	5248773	
1019	1	G	8	N	2500	0	40	26	44	5	6	4	0	0	0	0	0	0	0	0	0	0	0	0	5258102	
1020	1	G	8	N	2500	0	40	23	43	2	0	1	0	0	0	0	0	0	0	0	0	0	0	0	5258118	
1021	1	G	8	N	2500	0	40	202	599	26	11	7	0	0	0	0	0	0	0	0	0	0	0	0	5258336	
1022	1	G	8	N	2500	0	40	160	610	22	10	7	0	0	0	0	0	0	0	0	0	0	0	0	5259116	
1023	1	G	8	N	2500	0	40	214	735	30	16	13	0	0	0	0	0	0	0	0	0	0	0	0	5259553	
1024	1	G	8	N	2500	0	40	325	751	27	14	10	0	0	0	0	0	0	0	0	0	0	0	0	5259646	
1025	1	G	8	N	2500	0	40	22	32	6	1	1	0	0	0	0	0	0	0	0	0	0	0	0	5260005	
1026	1	G	8	N	2500	0	40	20	32	4	1	1	0	0	0	0	0	0	0	0	0	0	0	0	5260848	
1027	1	G	8	N	2500	0	40	23	38	1	0	0	0	0	0	0	0	0	0	0	0	0	0	0	5261581	
1028	1	G	8	N	2500	0	40	20	29	3	0	0	0	0	0	0	0	0	0	0	0	0	0	0	5261893	
1029	1	G	8	N	2500	0	40	79	91	1	1	2	0	0	0	0	0	0	0	0	0	0	0	0	5263156	
1030	1	G	8	N	2500	0	40	24	25	0	0	0	0	0	0	0	0	0	0	0	0	0	0	0	5263468	
1031	1	G	8	N	2500	0	40	25	31	6	1	1	0	0	0	0	0	0	0	0	0	0	0	0	5264311	
1032	1	G	8	N	2500	0	40	35	40	7	1	2	0	0	0	0	0	0	0	0	0	0	0	0	5265247	
1033	1	H	8	N	2500	0	40	27	34	2	1	0	0	0	0	0	0	0	0	0	0	0	0	0	5279006	
1034	1	A	9	N	2500	0	40	416	1481	87	39	29	0	0	0	0	0	0	0	0	0	0	0	0	5289536	
1035	1	A	9	N	2500	0	40	168	851	39	22	18	0	0	0	0	0	0	0	0	0	0	0	0	5290098	
1036	1	A	9	N	2500	0	40	317	1171	84	31	25	0	0	0	0	0	0	0	0	0	0	0	0	5290113	
1037	1	A	9	N	2500	0	40	249	1123	67	32	28	0	0	0	0	0	0	0	0	0	0	0	0	5290675	
1038	1	A	9	N	2500	0	40	168	361	110	138	186	0	0	0	0	0	0	0	0	0	0	0	0	5291221	
1039	1	A	9	N	2500	0	40	335	769	32	14	13	0	0	0	0	0	0	0	0	0	0	0	0	5291283	
1040	1	A	9	N	2500	0	40	451	1399	66	32	24	0	0	0	0	0	0	0	0	0	0	0	0	5291642	
1041	1	A	9	N	2500	0	40	308	757	304	393	505	0	0	0	0	0	0	0	0	0	0	0	0	5291704	
1042	1	A	9	N	2500	0	40	498	1634	84	39	32	0	0	0	0	0	0	0	0	0	0	0	0	5291814	
1043	1	A	9	N	2500	0	40	310	1227	67	36	23	0	0	0	0	0	0	0	0	0	0	0	0	5292016	
1044	1	A	9	N	2500	0	40	410	892	66	24	18	0	0	0	0	0	0	0	0	0	0	0	0	5292016	
1045	1	A	9	N	2500	0	40	420	1128	61	28	23	0	0	0	0	0	0	0	0	0	0	0	0	5292266	
1046	1	A	9	N	2500	0	40	347	1101	48	25	19	0	0	0	0	0	0	0	0	0	0	0	0	5292360	
1047	1	A	9	N	2500	0	40	29	50	1	0	0	0	0	0	0	0	0	0	0	0	0	0	0	5292594	
1048	1	A	9	N	2500	0	40	30	49	2	2	2	0	0	0	0	0	0	0	0	0	0	0	0	5293062	
1049	1	A	9	N	2500	0	40	149	607	299	384	458	0	0	0	0	0	0	0	0	0	0	0	0	5293171	
1050	1	A	9	N	2500	0	40	378	1248	78	32	23	0	0	0	0	0	0	0	0	0	0	0	0	5293623	
1051	1	A	9	N	2500	0	40	21	23	0	1	1	0	0	0	0	0	0	0	0	0	0	0	0	5293686	
1052	1	A	9	N	2500	0	40	321	1665	108	42	34	0	0	0	0	0	0	0	0	0	0	0	0	5294029	
1053	1	A	9	N	2500	0	40	359	1191	66	32	25	0	0	0	0	0	0	0	0	0	0	0	0	5294278	
1054	1	A	9	N	2500	0	40	440	1292	77	33	30	0	0	0	0	0	0	0	0	0	0	0	0	5294575	
1055	1	A	9	N	2500	0	40	49	60	3	1	1	0	0	0	0	0	0	0	0	0	0	0	0	5294856	
1056	1	A	9	N	2500	0	40	387	886	64	30	22	0	0	0	0	0	0	0	0	0	0	0	0	5294856	
1057	1	A	9	N	2500	0	40	202	690	290	367	472	0	0	0	0	0	0	0	0	0	0	0	0	5295402	
1058	1	B	9	N	2500	0	40	202	596	28	14	14	0	0	0	0	0	0	0	0	0	0	0	0	5302983	
1059	1	B	9	N	2500	0	40	327	1096	68	31	22	0	0	0	0	0	0	0	0	0	0	0	0	5303170	
1060	1	B	9	N	2500	0	40	159	177	6	2	3	0	0	0	0	0	0	0	0	0	0	0	0	5304652	
1061	1	B	9	N	2500	0	40	24	21	1	1	2	0	0	0	0	0	0	0	0	0	0	0	0	5304668	
1062	1	B	9	N	2500	0	40	21	20	0	0	0	0	0	0	0	0	0	0	0	0	0	0	0	5304777	
1063	1	B	9	N	2500	0	40	36	113	13	10	11	0	0	0	0	0	0	0	0	0	0	0	0	5305276	
1064	1	B	9	N	2500	0	40	253	386	16	8	8	0	0	0	0	0	0	0	0	0	0	0	0	5305432	
1065	1	B	9	N	2500	0	40	31	55	9	10	11	0	0	0	0	0	0	0	0	0	0	0	0	5305464	
1066	1	B	9	N	2500	0	40	22	22	1	0	0	0	0	0	0	0	0	0	0	0	0	0	0	5305588	
1067	1	B	9	N	2500	0	40	319	881	44	22	21	0	0	0	0	0	0	0	0	0	0	0	0	5306524	
1068	1	B	9	N	2500	0	40	457	1483	89	33	26	0	0	0	0	0	0	0	0	0	0	0	0	5306930	
1069	1	B	9	N	2500	0	40	522	1548	68	31	27	0	0	0	0	0	0	0	0	0	0	0	0	5307819	
1070	1	B	9	N	2500	0	40	425	1240	86	28	26	0	0	0	0	0	0	0	0	0	0	0	0	5307975	
1071	1	B	9	N	2500	0	40	187	317	73	85	93	0	0	0	0	0	0	0	0	0	0	0	0	5308006	
1072	1	B	9	N	2500	0	40	30	51	1	0	0	0	0	0	0	0	0	0	0	0	0	0	0	5308131	
1073	1	B	9	N	2500	0	40	298	655	25	15	13	0	0	0	0	0	0	0	0	0	0	0	0	5308240	
1074	1	B	9	N	2500	0	40	388	1028	44	24	17	0	0	0	0	0	0	0	0	0	0	0	0	5308412	
1075	1	B	9	N	2500	0	40	395	1187	81	31	26	0	0	0	0	0	0	0	0	0	0	0	0	5308615	
1076	1	B	9	N	2500	0	40	33	38	3	3	5	0	0	0	0	0	0	0	0	0	0	0	0	5309722	
1077	1	C	9	N	2500	0	40	400	956	41	20	19	0	0	0	0	0	0	0	0	0	0	0	0	5318022	
1078	1	C	9	N	2500	0	40	27	35	1	1	1	0	0	0	0	0	0	0	0	0	0	0	0	5320377	
1079	1	C	9	N	2500	0	40	20	21	0	0	0	0	0	0	0	0	0	0	0	0	0	0	0	5320502	
1080	1	C	9	N	2500	0	40	32	30	5	1	1	0	0	0	0	0	0	0	0	0	0	0	0	5322436	
1081	1	D	9	N	2500	0	40	312	1061	53	31	24	0	0	0	0	0	0	0	0	0	0	0	0	5333388	
1082	1	D	9	N	2500	0	40	231	1024	52	26	19	0	0	0	0	0	0	0	0	0	0	0	0	5333466	
1083	1	D	9	N	2500	0	40	32	50	1	2	2	0	0	0	0	0	0	0	0	0	0	0	0	5335478	
1084	1	D	9	N	2500	0	40	198	857	57	23	17	0	0	0	0	0	0	0	0	0	0	0	0	5335603	
1085	1	D	9	N	2500	0	40	288	679	36	17	13	0	0	0	0	0	0	0	0	0	0	0	0	5335946	
1086	1	D	9	N	2500	0	40	393	885	44	20	15	0	0	0	0	0	0	0	0	0	0	0	0	5336383	
1087	1	D	9	N	2500	0	40	170	542	27	12	9	0	0	0	0	0	0	0	0	0	0	0	0	5338021	
1088	1	D	9	N	2500	0	40	41	43	1	1	1	0	0	0	0	0	0	0	0	0	0	0	0	5339456	
1089	1	E	9	N	2500	0	40	21	18	0	0	0	0	0	0	0	0	0	0	0	0	0	0	0	5349112	
1090	1	E	9	N	2500	0	40	338	521	22	13	10	0	0	0	0	0	0	0	0	0	0	0	0	5349315	
1091	1	E	9	N	2500	0	40	219	475	23	10	10	0	0	0	0	0	0	0	0	0	0	0	0	5350126	
1092	1	E	9	N	2500	0	40	169	221	18	6	7	0	0	0	0	0	0	0	0	0	0	0	0	5350610	
1093	1	E	9	N	2500	0	40	165	548	34	16	15	0	0	0	0	0	0	0	0	0	0	0	0	5350610	
1094	1	E	9	N	2500	0	40	441	954	47	22	21	0	0	0	0	0	0	0	0	0	0	0	0	5350672	
1095	1	E	9	N	2500	0	40	401	785	51	19	15	0	0	0	0	0	0	0	0	0	0	0	0	5350766	
1096	1	E	9	N	2500	0	40	258	823	41	20	13	0	0	0	0	0	0	0	0	0	0	0	0	5352014	
1097	1	E	9	N	2500	0	40	175	894	52	25	20	0	0	0	0	0	0	0	0	0	0	0	0	5352295	
1098	1	E	9	N	2500	0	40	386	1025	78	30	23	0	0	0	0	0	0	0	0	0	0	0	0	5352482	
1099	1	E	9	N	2500	0	40	245	872	41	24	16	0	0	0	0	0	0	0	0	0	0	0	0	5352544	
1100	1	E	9	N	2500	0	40	322	786	39	18	14	0	0	0	0	0	0	0	0	0	0	0	0	5353340	
1101	1	E	9	N	2500	0	40	63	62	2	1	1	0	0	0	0	0	0	0	0	0	0	0	0	5353527	
1102	1	E	9	N	2500	0	40	84	324	17	7	7	0	0	0	0	0	0	0	0	0	0	0	0	5353527	
1103	1	F	9	N	2500	0	40	347	736	40	17	14	0	0	0	0	0	0	0	0	0	0	0	0	5362373	
1104	1	F	9	N	2500	0	40	131	639	38	19	13	0	0	0	0	0	0	0	0	0	0	0	0	5362763	
1105	1	F	9	N	2500	0	40	167	229	6	4	5	0	0	0	0	0	0	0	0	0	0	0	0	5362841	
1106	1	F	9	N	2500	0	40	326	801	38	17	15	0	0	0	0	0	0	0	0	0	0	0	0	5363621	
1107	1	F	9	N	2500	0	40	260	712	31	16	12	0	0	0	0	0	0	0	0	0	0	0	0	5363839	
1108	1	F	9	N	2500	0	40	264	646	33	14	14	0	0	0	0	0	0	0	0	0	0	0	0	5364494	
1109	1	F	9	N	2500	0	40	29	30	1	1	1	0	0	0	0	0	0	0	0	0	0	0	0	5364603	
1110	1	F	9	N	2500	0	40	308	649	21	11	8	0	0	0	0	0	0	0	0	0	0	0	0	5364822	
1111	1	F	9	N	2500	0	40	226	653	24	14	13	0	0	0	0	0	0	0	0	0	0	0	0	5364993	
1112	1	F	9	N	2500	0	40	142	449	19	10	6	0	0	0	0	0	0	0	0	0	0	0	0	5365352	
1113	1	F	9	N	2500	0	40	27	51	1	1	1	0	0	0	0	0	0	0	0	0	0	0	0	5365555	
1114	1	F	9	N	2500	0	40	343	758	32	18	13	0	0	0	0	0	0	0	0	0	0	0	0	5365680	
1115	1	F	9	N	2500	0	40	25	24	0	0	1	0	0	0	0	0	0	0	0	0	0	0	0	5365867	
1116	1	F	9	N	2500	0	40	329	1045	49	24	18	0	0	0	0	0	0	0	0	0	0	0	0	5366226	
1117	1	F	9	N	2500	0	40	349	781	32	16	14	0	0	0	0	0	0	0	0	0	0	0	0	5367380	
1118	1	F	9	N	2500	0	40	227	474	17	9	7	0	0	0	0	0	0	0	0	0	0	0	0	5367536	
1119	1	F	9	N	2500	0	40	250	721	39	16	14	0	0	0	0	0	0	0	0	0	0	0	0	5367645	
1120	1	F	9	N	2500	0	40	21	21	1	0	0	0	0	0	0	0	0	0	0	0	0	0	0	5368488	
1121	1	G	9	N	2500	0	40	21	25	4	0	1	0	0	0	0	0	0	0	0	0	0	0	0	5376381	
1122	1	G	9	N	2500	0	40	296	680	32	13	11	0	0	0	0	0	0	0	0	0	0	0	0	5376537	
1123	1	G	9	N	2500	0	40	241	851	346	444	578	0	0	0	0	0	0	0	0	0	0	0	0	5376537	
1124	1	G	9	N	2500	0	40	44	83	6	6	5	0	0	0	0	0	0	0	0	0	0	0	0	5376615	
1125	1	G	9	N	2500	0	40	322	629	33	16	12	0	0	0	0	0	0	0	0	0	0	0	0	5376693	
1126	1	G	9	N	2500	0	40	24	35	4	0	2	0	0	0	0	0	0	0	0	0	0	0	0	5376740	
1127	1	G	9	N	2500	0	40	35	59	6	4	4	0	0	0	0	0	0	0	0	0	0	0	0	5377208	
1128	1	G	9	N	2500	0	40	40	40	4	0	1	0	0	0	0	0	0	0	0	0	0	0	0	5377489	
1129	1	G	9	N	2500	0	40	20	23	1	0	1	0	0	0	0	0	0	0	0	0	0	0	0	5377910	
1130	1	G	9	N	2500	0	40	21	32	4	0	1	0	0	0	0	0	0	0	0	0	0	0	0	5377941	
1131	1	G	9	N	2500	0	40	36	35	1	0	2	0	0	0	0	0	0	0	0	0	0	0	0	5378222	
1132	1	G	9	N	2500	0	40	21	21	3	0	1	0	0	0	0	0	0	0	0	0	0	0	0	5378768	
1133	1	G	9	N	2500	0	40	92	220	108	133	161	0	0	0	0	0	0	0	0	0	0	0	0	5378799	
1134	1	G	9	N	2500	0	40	40	66	2	3	4	0	0	0	0	0	0	0	0	0	0	0	0	5378909	
1135	1	G	9	N	2500	0	40	21	34	1	1	1	0	0	0	0	0	0	0	0	0	0	0	0	5378971	
1136	1	G	9	N	2500	0	40	362	624	35	15	12	0	0	0	0	0	0	0	0	0	0	0	0	5379080	
1137	1	G	9	N	2500	0	40	427	863	60	15	12	0	0	0	0	0	0	0	0	0	0	0	0	5379127	
1138	1	G	9	N	2500	0	40	214	760	42	18	14	0	0	0	0	0	0	0	0	0	0	0	0	5379392	
1139	1	G	9	N	2500	0	40	23	26	5	1	1	0	0	0	0	0	0	0	0	0	0	0	0	5379673	
1140	1	G	9	N	2500	0	40	23	36	6	1	1	0	0	0	0	0	0	0	0	0	0	0	0	5379720	
1141	1	G	9	N	2500	0	40	24	30	2	1	1	0	0	0	0	0	0	0	0	0	0	0	0	5380203	
1142	1	G	9	N	2500	0	40	21	22	1	0	0	0	0	0	0	0	0	0	0	0	0	0	0	5380250	
1143	1	G	9	N	2500	0	40	262	850	36	20	14	0	0	0	0	0	0	0	0	0	0	0	0	5380281	
1144	1	G	9	N	2500	0	40	21	22	3	0	0	0	0	0	0	0	0	0	0	0	0	0	0	5380469	
1145	1	G	9	N	2500	0	40	33	41	1	1	1	0	0	0	0	0	0	0	0	0	0	0	0	5380734	
1146	1	G	9	N	2500	0	40	356	742	37	16	12	0	0	0	0	0	0	0	0	0	0	0	0	5380765	
1147	1	G	9	N	2500	0	40	26	24	1	0	0	0	0	0	0	0	0	0	0	0	0	0	0	5380905	
1148	1	G	9	N	2500	0	40	38	72	13	3	5	0	0	0	0	0	0	0	0	0	0	0	0	5380921	
1149	1	G	9	N	2500	0	40	28	34	3	1	1	0	0	0	0	0	0	0	0	0	0	0	0	5380968	
1150	1	G	9	N	2500	0	40	39	56	3	1	1	0	0	0	0	0	0	0	0	0	0	0	0	5381155	
1151	1	G	9	N	2500	0	40	23	31	5	1	1	0	0	0	0	0	0	0	0	0	0	0	0	5381529	
1152	1	G	9	N	2500	0	40	28	47	5	0	1	0	0	0	0	0	0	0	0	0	0	0	0	5381670	
1153	1	G	9	N	2500	0	40	235	596	34	14	10	0	0	0	0	0	0	0	0	0	0	0	0	5381670	
1154	1	G	9	N	2500	0	40	211	308	11	6	5	0	0	0	0	0	0	0	0	0	0	0	0	5381670	
1155	1	G	9	N	2500	0	40	365	766	32	14	11	0	0	0	0	0	0	0	0	0	0	0	0	5381888	
1156	1	G	9	N	2500	0	40	46	126	16	4	5	0	0	0	0	0	0	0	0	0	0	0	0	5381919	
1157	1	G	9	N	2500	0	40	32	58	5	1	2	0	0	0	0	0	0	0	0	0	0	0	0	5382247	
1158	1	G	9	N	2500	0	40	32	48	2	2	3	0	0	0	0	0	0	0	0	0	0	0	0	5382996	
1159	1	G	9	N	2500	0	40	209	817	44	24	18	0	0	0	0	0	0	0	0	0	0	0	0	5383136	
1160	1	G	9	N	2500	0	40	25	23	3	0	1	0	0	0	0	0	0	0	0	0	0	0	0	5383370	
1161	1	G	9	N	2500	0	40	22	22	1	0	0	0	0	0	0	0	0	0	0	0	0	0	0	5383417	
1162	1	H	9	N	2500	0	40	55	118	18	20	47	0	0	0	0	0	0	0	0	0	0	0	0	5391841	
1163	1	H	9	N	2500	0	40	194	603	25	13	11	0	0	0	0	0	0	0	0	0	0	0	0	5397753	
1164	1	H	9	N	2500	0	40	154	616	34	17	11	0	0	0	0	0	0	0	0	0	0	0	0	5398050	
1165	1	A	10	N	2500	0	40	31	38	3	0	1	0	0	0	0	0	0	0	0	0	0	0	0	5407207	
1166	1	A	10	N	2500	0	40	24	35	1	1	2	0	0	0	0	0	0	0	0	0	0	0	0	5407347	
1167	1	A	10	N	2500	0	40	342	1285	77	34	25	0	0	0	0	0	0	0	0	0	0	0	0	5408814	
1168	1	A	10	N	2500	0	40	341	1193	70	33	26	0	0	0	0	0	0	0	0	0	0	0	0	5409188	
1169	1	A	10	N	2500	0	40	146	576	294	379	446	0	0	0	0	0	0	0	0	0	0	0	0	5409235	
1170	1	A	10	N	2500	0	40	255	980	56	30	22	0	0	0	0	0	0	0	0	0	0	0	0	5409313	
1171	1	A	10	N	2500	0	40	212	1083	73	28	24	0	0	0	0	0	0	0	0	0	0	0	0	5409329	
1172	1	A	10	N	2500	0	40	253	970	52	26	17	0	0	0	0	0	0	0	0	0	0	0	0	5409422	
1173	1	A	10	N	2500	0	40	436	1048	51	27	21	0	0	0	0	0	0	0	0	0	0	0	0	5409765	
1174	1	A	10	N	2500	0	40	396	1283	67	31	22	0	0	0	0	0	0	0	0	0	0	0	0	5409843	
1175	1	A	10	N	2500	0	40	314	1073	58	27	20	0	0	0	0	0	0	0	0	0	0	0	0	5410031	
1176	1	A	10	N	2500	0	40	351	1023	57	26	21	0	0	0	0	0	0	0	0	0	0	0	0	5410093	
1177	1	A	10	N	2500	0	40	24	52	3	3	2	0	0	0	0	0	0	0	0	0	0	0	0	5410218	
1178	1	A	10	N	2500	0	40	228	1036	55	24	17	0	0	0	0	0	0	0	0	0	0	0	0	5410358	
1179	1	A	10	N	2500	0	40	192	970	58	27	19	0	0	0	0	0	0	0	0	0	0	0	0	5410421	
1180	1	A	10	N	2500	0	40	23	22	4	1	0	0	0	0	0	0	0	0	0	0	0	0	0	5410467	
1181	1	A	10	N	2500	0	40	208	867	53	28	19	0	0	0	0	0	0	0	0	0	0	0	0	5410873	
1182	1	A	10	N	2500	0	40	349	1295	77	36	24	0	0	0	0	0	0	0	0	0	0	0	0	5411606	
1183	1	A	10	N	2500	0	40	378	1242	74	31	22	0	0	0	0	0	0	0	0	0	0	0	0	5412995	
1184	1	A	10	N	2500	0	40	275	839	46	23	18	0	0	0	0	0	0	0	0	0	0	0	0	5413010	
1185	1	A	10	N	2500	0	40	132	513	28	16	16	0	0	0	0	0	0	0	0	0	0	0	0	5413353	
1186	1	B	10	N	2500	0	40	23	37	9	9	8	0	0	0	0	0	0	0	0	0	0	0	0	5421746	
1187	1	B	10	N	2500	0	40	378	1017	62	27	20	0	0	0	0	0	0	0	0	0	0	0	0	5422479	
1188	1	B	10	N	2500	0	40	28	72	6	0	1	0	0	0	0	0	0	0	0	0	0	0	0	5422511	
1189	1	B	10	N	2500	0	40	284	864	47	21	14	0	0	0	0	0	0	0	0	0	0	0	0	5423181	
1190	1	B	10	N	2500	0	40	72	258	21	20	23	0	0	0	0	0	0	0	0	0	0	0	0	5423587	
1191	1	B	10	N	2500	0	40	328	1312	84	36	30	0	0	0	0	0	0	0	0	0	0	0	0	5424461	
1192	1	B	10	N	2500	0	40	127	279	79	95	108	0	0	0	0	0	0	0	0	0	0	0	0	5424773	
1193	1	B	10	N	2500	0	40	280	752	29	19	13	0	0	0	0	0	0	0	0	0	0	0	0	5424882	
1194	1	B	10	N	2500	0	40	336	962	44	23	15	0	0	0	0	0	0	0	0	0	0	0	0	5425022	
1195	1	B	10	N	2500	0	40	20	39	5	5	5	0	0	0	0	0	0	0	0	0	0	0	0	5425443	
1196	1	B	10	N	2500	0	40	332	1301	67	34	26	0	0	0	0	0	0	0	0	0	0	0	0	5425553	
1197	1	B	10	N	2500	0	40	32	109	13	1	0	0	0	0	0	0	0	0	0	0	0	0	0	5425724	
1198	1	B	10	N	2500	0	40	208	766	34	18	14	0	0	0	0	0	0	0	0	0	0	0	0	5425974	
1199	1	B	10	N	2500	0	40	195	774	38	20	17	0	0	0	0	0	0	0	0	0	0	0	0	5427877	
1200	1	B	10	N	2500	0	40	334	1154	65	28	21	0	0	0	0	0	0	0	0	0	0	0	0	5428002	
1201	1	C	10	N	2500	0	40	324	1101	59	26	21	0	0	0	0	0	0	0	0	0	0	0	0	5435849	
1202	1	C	10	N	2500	0	40	30	66	7	1	0	0	0	0	0	0	0	0	0	0	0	0	0	5436129	
1203	1	C	10	N	2500	0	40	396	1142	66	33	24	0	0	0	0	0	0	0	0	0	0	0	0	5436410	
1204	1	C	10	N	2500	0	40	433	1351	77	36	29	0	0	0	0	0	0	0	0	0	0	0	0	5437159	
1205	1	C	10	N	2500	0	40	251	1150	80	31	25	0	0	0	0	0	0	0	0	0	0	0	0	5437877	
1206	1	C	10	N	2500	0	40	26	54	5	1	1	0	0	0	0	0	0	0	0	0	0	0	0	5438345	
1207	1	C	10	N	2500	0	40	378	1103	64	31	23	0	0	0	0	0	0	0	0	0	0	0	0	5438391	
1208	1	C	10	N	2500	0	40	334	948	45	23	16	0	0	0	0	0	0	0	0	0	0	0	0	5438657	
1209	1	C	10	N	2500	0	40	216	923	42	23	20	0	0	0	0	0	0	0	0	0	0	0	0	5438688	
1210	1	C	10	N	2500	0	40	72	74	2	5	7	0	0	0	0	0	0	0	0	0	0	0	0	5438828	
1211	1	C	10	N	2500	0	40	230	999	70	32	27	0	0	0	0	0	0	0	0	0	0	0	0	5438937	
1212	1	C	10	N	2500	0	40	52	88	10	0	0	0	0	0	0	0	0	0	0	0	0	0	0	5439608	
1213	1	C	10	N	2500	0	40	296	715	27	14	11	0	0	0	0	0	0	0	0	0	0	0	0	5439842	
1214	1	C	10	N	2500	0	40	28	43	8	9	9	0	0	0	0	0	0	0	0	0	0	0	0	5439889	
1215	1	C	10	N	2500	0	40	285	1129	80	32	25	0	0	0	0	0	0	0	0	0	0	0	0	5440123	
1216	1	C	10	N	2500	0	40	430	1416	79	36	25	0	0	0	0	0	0	0	0	0	0	0	0	5440263	
1217	1	C	10	N	2500	0	40	351	1129	71	27	18	0	0	0	0	0	0	0	0	0	0	0	0	5440357	
1218	1	C	10	N	2500	0	40	334	1147	91	30	26	0	0	0	0	0	0	0	0	0	0	0	0	5440482	
1219	1	C	10	N	2500	0	40	29	27	1	0	1	0	0	0	0	0	0	0	0	0	0	0	0	5440482	
1220	1	C	10	N	2500	0	40	130	413	18	10	9	0	0	0	0	0	0	0	0	0	0	0	0	5440809	
1221	1	C	10	N	2500	0	40	200	1067	74	34	25	0	0	0	0	0	0	0	0	0	0	0	0	5441028	
1222	1	C	10	N	2500	0	40	310	1092	62	29	24	0	0	0	0	0	0	0	0	0	0	0	0	5441043	
1223	1	C	10	N	2500	0	40	30	32	1	0	0	0	0	0	0	0	0	0	0	0	0	0	0	5442151	
1224	1	C	10	N	2500	0	40	193	665	35	18	15	0	0	0	0	0	0	0	0	0	0	0	0	5442323	
1225	1	C	10	N	2500	0	40	46	115	9	8	8	0	0	0	0	0	0	0	0	0	0	0	0	5442338	
1226	1	C	10	N	2500	0	40	26	46	6	0	0	0	0	0	0	0	0	0	0	0	0	0	0	5442650	
1227	1	C	10	N	2500	0	40	232	1005	53	25	16	0	0	0	0	0	0	0	0	0	0	0	0	5443009	
1228	1	C	10	N	2500	0	40	399	1270	72	33	25	0	0	0	0	0	0	0	0	0	0	0	0	5443056	
1229	1	C	10	N	2500	0	40	28	31	1	0	1	0	0	0	0	0	0	0	0	0	0	0	0	5443243	
1230	1	D	10	N	2500	0	40	253	1030	54	25	19	0	0	0	0	0	0	0	0	0	0	0	0	5450715	
1231	1	D	10	N	2500	0	40	584	1889	103	44	31	0	0	0	0	0	0	0	0	0	0	0	0	5452790	
1232	1	D	10	N	2500	0	40	29	44	1	2	1	0	0	0	0	0	0	0	0	0	0	0	0	5452821	
1233	1	D	10	N	2500	0	40	22	26	1	1	1	0	0	0	0	0	0	0	0	0	0	0	0	5453274	
1234	1	D	10	N	2500	0	40	331	825	38	19	15	0	0	0	0	0	0	0	0	0	0	0	0	5453851	
1235	1	D	10	N	2500	0	40	28	33	1	1	1	0	0	0	0	0	0	0	0	0	0	0	0	5454241	
1236	1	D	10	N	2500	0	40	21	23	0	0	1	0	0	0	0	0	0	0	0	0	0	0	0	5454834	
1237	1	D	10	N	2500	0	40	24	29	2	1	0	0	0	0	0	0	0	0	0	0	0	0	0	5455551	
1238	1	D	10	N	2500	0	40	198	1188	69	32	24	0	0	0	0	0	0	0	0	0	0	0	0	5455973	
1239	1	D	10	N	2500	0	40	229	564	27	15	12	0	0	0	0	0	0	0	0	0	0	0	0	5457018	
1240	1	D	10	N	2500	0	40	39	41	1	2	2	0	0	0	0	0	0	0	0	0	0	0	0	5457408	
1241	1	D	10	N	2500	0	40	251	1101	55	29	19	0	0	0	0	0	0	0	0	0	0	0	0	5457455	
1242	1	D	10	N	2500	0	40	271	819	49	26	19	0	0	0	0	0	0	0	0	0	0	0	0	5457626	
1243	1	D	10	N	2500	0	40	23	29	2	0	0	0	0	0	0	0	0	0	0	0	0	0	0	5457876	
1244	1	E	10	N	2500	0	40	23	21	0	0	2	0	0	0	0	0	0	0	0	0	0	0	0	5466081	
1245	1	E	10	N	2500	0	40	269	945	52	24	20	0	0	0	0	0	0	0	0	0	0	0	0	5469186	
1246	1	E	10	N	2500	0	40	24	38	1	1	0	0	0	0	0	0	0	0	0	0	0	0	0	5469763	
1247	1	E	10	N	2500	0	40	246	798	36	21	14	0	0	0	0	0	0	0	0	0	0	0	0	5470122	
1248	1	E	10	N	2500	0	40	261	880	36	23	15	0	0	0	0	0	0	0	0	0	0	0	0	5471448	
1249	1	F	10	N	2500	0	40	24	41	8	9	8	0	0	0	0	0	0	0	0	0	0	0	0	5481385	
1250	1	F	10	N	2500	0	40	237	894	50	24	16	0	0	0	0	0	0	0	0	0	0	0	0	5481947	
1251	1	F	10	N	2500	0	40	336	918	44	22	15	0	0	0	0	0	0	0	0	0	0	0	0	5482696	
1252	1	F	10	N	2500	0	40	44	119	57	47	48	0	0	0	0	0	0	0	0	0	0	0	0	5483554	
1253	1	F	10	N	2500	0	40	353	898	37	19	18	0	0	0	0	0	0	0	0	0	0	0	0	5483569	
1254	1	F	10	N	2500	0	40	31	43	2	3	4	0	0	0	0	0	0	0	0	0	0	0	0	5483741	
1255	1	F	10	N	2500	0	40	24	33	1	1	1	0	0	0	0	0	0	0	0	0	0	0	0	5484271	
1256	1	F	10	N	2500	0	40	225	879	48	22	17	0	0	0	0	0	0	0	0	0	0	0	0	5484864	
1257	1	F	10	N	2500	0	40	349	1022	49	23	16	0	0	0	0	0	0	0	0	0	0	0	0	5485940	
1258	1	F	10	N	2500	0	40	248	718	24	15	14	0	0	0	0	0	0	0	0	0	0	0	0	5486518	
1259	1	F	10	N	2500	0	40	316	662	29	13	11	0	0	0	0	0	0	0	0	0	0	0	0	5486596	
1260	1	G	10	N	2500	0	40	66	68	4	4	5	0	0	0	0	0	0	0	0	0	0	0	0	5495659	
1261	1	G	10	N	2500	0	40	22	30	3	1	0	0	0	0	0	0	0	0	0	0	0	0	0	5496002	
1262	1	G	10	N	2500	0	40	22	27	1	1	0	0	0	0	0	0	0	0	0	0	0	0	0	5496049	
1263	1	G	10	N	2500	0	40	58	103	4	2	4	0	0	0	0	0	0	0	0	0	0	0	0	5496299	
1264	1	G	10	N	2500	0	40	231	856	41	25	18	0	0	0	0	0	0	0	0	0	0	0	0	5496564	
1265	1	G	10	N	2500	0	40	166	669	30	16	8	0	0	0	0	0	0	0	0	0	0	0	0	5496704	
1266	1	G	10	N	2500	0	40	21	28	0	1	0	0	0	0	0	0	0	0	0	0	0	0	0	5496720	
1267	1	G	10	N	2500	0	40	331	750	30	15	12	0	0	0	0	0	0	0	0	0	0	0	0	5496923	
1268	1	G	10	N	2500	0	40	314	918	54	25	16	0	0	0	0	0	0	0	0	0	0	0	0	5497032	
1269	1	G	10	N	2500	0	40	219	958	46	23	15	0	0	0	0	0	0	0	0	0	0	0	0	5497406	
1270	1	G	10	N	2500	0	40	57	69	4	3	4	0	0	0	0	0	0	0	0	0	0	0	0	5497406	
1271	1	G	10	N	2500	0	40	45	116	7	4	6	0	0	0	0	0	0	0	0	0	0	0	0	5497438	
1272	1	G	10	N	2500	0	40	28	40	2	1	1	0	0	0	0	0	0	0	0	0	0	0	0	5497438	
1273	1	G	10	N	2500	0	40	200	958	46	23	17	0	0	0	0	0	0	0	0	0	0	0	0	5497516	
1274	1	G	10	N	2500	0	40	228	858	52	26	16	0	0	0	0	0	0	0	0	0	0	0	0	5497578	
1275	1	G	10	N	2500	0	40	245	619	22	12	11	0	0	0	0	0	0	0	0	0	0	0	0	5497812	
1276	1	G	10	N	2500	0	40	29	80	13	2	5	0	0	0	0	0	0	0	0	0	0	0	0	5498514	
1277	1	G	10	N	2500	0	40	30	48	6	2	2	0	0	0	0	0	0	0	0	0	0	0	0	5498623	
1278	1	G	10	N	2500	0	40	157	749	31	16	12	0	0	0	0	0	0	0	0	0	0	0	0	5498670	
1279	1	G	10	N	2500	0	40	171	665	27	15	12	0	0	0	0	0	0	0	0	0	0	0	0	5498779	
1280	1	G	10	N	2500	0	40	157	811	47	22	20	0	0	0	0	0	0	0	0	0	0	0	0	5499060	
1281	1	G	10	N	2500	0	40	176	697	29	15	9	0	0	0	0	0	0	0	0	0	0	0	0	5499310	
1282	1	G	10	N	2500	0	40	266	651	28	13	11	0	0	0	0	0	0	0	0	0	0	0	0	5499434	
1283	1	G	10	N	2500	0	40	315	774	30	17	15	0	0	0	0	0	0	0	0	0	0	0	0	5499809	
1284	1	G	10	N	2500	0	40	22	34	5	6	5	0	0	0	0	0	0	0	0	0	0	0	0	5500386	
1285	1	G	10	N	2500	0	40	42	40	2	1	2	0	0	0	0	0	0	0	0	0	0	0	0	5500464	
1286	1	G	10	N	2500	0	40	20	31	1	0	1	0	0	0	0	0	0	0	0	0	0	0	0	5500698	
1287	1	G	10	N	2500	0	40	131	388	20	11	8	0	0	0	0	0	0	0	0	0	0	0	0	5501275	
1288	1	G	10	N	2500	0	40	27	39	6	2	3	0	0	0	0	0	0	0	0	0	0	0	0	5501587	
1289	1	H	10	N	2500	0	40	22	31	2	1	1	0	0	0	0	0	0	0	0	0	0	0	0	5512086	
1290	1	H	10	N	2500	0	40	297	845	45	20	12	0	0	0	0	0	0	0	0	0	0	0	0	5513537	
1291	1	H	10	N	2500	0	40	22	25	4	3	7	0	0	0	0	0	0	0	0	0	0	0	0	5515081	
1292	1	A	11	N	2500	0	40	27	55	4	4	11	0	0	0	0	0	0	0	0	0	0	0	0	5527202	
1293	1	A	11	N	2500	0	40	410	1210	62	30	24	0	0	0	0	0	0	0	0	0	0	0	0	5527530	
1294	1	A	11	N	2500	0	40	22	26	1	1	1	0	0	0	0	0	0	0	0	0	0	0	0	5527561	
1295	1	A	11	N	2500	0	40	30	45	1	1	2	0	0	0	0	0	0	0	0	0	0	0	0	5527858	
1296	1	A	11	N	2500	0	40	235	973	50	25	20	0	0	0	0	0	0	0	0	0	0	0	0	5528856	
1297	1	A	11	N	2500	0	40	285	1073	60	32	26	0	0	0	0	0	0	0	0	0	0	0	0	5529168	
1298	1	A	11	N	2500	0	40	48	78	1	0	1	0	0	0	0	0	0	0	0	0	0	0	0	5529371	
1299	1	A	11	N	2500	0	40	348	1076	58	26	21	0	0	0	0	0	0	0	0	0	0	0	0	5529464	
1300	1	A	11	N	2500	0	40	415	1319	67	33	24	0	0	0	0	0	0	0	0	0	0	0	0	5529714	
1301	1	A	11	N	2500	0	40	402	1212	72	32	24	0	0	0	0	0	0	0	0	0	0	0	0	5530120	
1302	1	A	11	N	2500	0	40	330	1265	84	37	27	0	0	0	0	0	0	0	0	0	0	0	0	5530931	
1303	1	A	11	N	2500	0	40	200	705	27	15	11	0	0	0	0	0	0	0	0	0	0	0	0	5531056	
1304	1	A	11	N	2500	0	40	253	595	22	13	11	0	0	0	0	0	0	0	0	0	0	0	0	5531258	
1305	1	A	11	N	2500	0	40	338	986	50	24	22	0	0	0	0	0	0	0	0	0	0	0	0	5531711	
1306	1	A	11	N	2500	0	40	369	1303	84	38	27	0	0	0	0	0	0	0	0	0	0	0	0	5531758	
1307	1	B	11	N	2500	0	40	379	1050	58	24	20	0	0	0	0	0	0	0	0	0	0	0	0	5540119	
1308	1	B	11	N	2500	0	40	25	39	5	5	5	0	0	0	0	0	0	0	0	0	0	0	0	5540806	
1309	1	B	11	N	2500	0	40	302	816	33	20	16	0	0	0	0	0	0	0	0	0	0	0	0	5542678	
1310	1	B	11	N	2500	0	40	348	1175	65	32	24	0	0	0	0	0	0	0	0	0	0	0	0	5542958	
1311	1	B	11	N	2500	0	40	377	1190	58	30	23	0	0	0	0	0	0	0	0	0	0	0	0	5544503	
1312	1	B	11	N	2500	0	40	20	23	0	0	1	0	0	0	0	0	0	0	0	0	0	0	0	5546000	
1313	1	B	11	N	2500	0	40	436	1283	77	37	29	0	0	0	0	0	0	0	0	0	0	0	0	5546593	
1314	1	B	11	N	2500	0	40	155	594	42	21	16	0	0	0	0	0	0	0	0	0	0	0	0	5547030	
1315	1	C	11	N	2500	0	40	25	34	3	0	0	0	0	0	0	0	0	0	0	0	0	0	0	5555345	
1316	1	C	11	N	2500	0	40	25	35	5	1	0	0	0	0	0	0	0	0	0	0	0	0	0	5555345	
1317	1	C	11	N	2500	0	40	23	43	3	2	2	0	0	0	0	0	0	0	0	0	0	0	0	5557014	
1318	1	C	11	N	2500	0	40	311	1135	77	36	26	0	0	0	0	0	0	0	0	0	0	0	0	5559650	
1319	1	C	11	N	2500	0	40	348	1256	79	37	26	0	0	0	0	0	0	0	0	0	0	0	0	5560462	
1320	1	C	11	N	2500	0	40	20	24	0	1	0	0	0	0	0	0	0	0	0	0	0	0	0	5560633	
1321	1	C	11	N	2500	0	40	288	944	62	34	24	0	0	0	0	0	0	0	0	0	0	0	0	5560852	
1322	1	C	11	N	2500	0	40	327	1032	54	29	21	0	0	0	0	0	0	0	0	0	0	0	0	5561897	
1323	1	C	11	N	2500	0	40	216	1177	66	31	24	0	0	0	0	0	0	0	0	0	0	0	0	5562474	
1324	1	D	11	N	2500	0	40	31	51	1	0	0	0	0	0	0	0	0	0	0	0	0	0	0	5570664	
1325	1	D	11	N	2500	0	40	344	1086	53	25	23	0	0	0	0	0	0	0	0	0	0	0	0	5573612	
1326	1	D	11	N	2500	0	40	22	31	1	1	2	0	0	0	0	0	0	0	0	0	0	0	0	5574268	
1327	1	D	11	N	2500	0	40	49	145	58	64	63	0	0	0	0	0	0	0	0	0	0	0	0	5574268	
1328	1	D	11	N	2500	0	40	334	976	57	26	20	0	0	0	0	0	0	0	0	0	0	0	0	5575328	
1329	1	D	11	N	2500	0	40	38	36	1	0	1	0	0	0	0	0	0	0	0	0	0	0	0	5575562	
1330	1	E	11	N	2500	0	40	324	921	41	23	16	0	0	0	0	0	0	0	0	0	0	0	0	5587996	
1331	1	E	11	N	2500	0	40	279	799	35	19	16	0	0	0	0	0	0	0	0	0	0	0	0	5588916	
1332	1	E	11	N	2500	0	40	327	893	40	21	17	0	0	0	0	0	0	0	0	0	0	0	0	5589337	
1333	1	E	11	N	2500	0	40	238	732	34	22	18	0	0	0	0	0	0	0	0	0	0	0	0	5590180	
1334	1	E	11	N	2500	0	40	369	1015	50	23	16	0	0	0	0	0	0	0	0	0	0	0	0	5591350	
1335	1	E	11	N	2500	0	40	397	1031	54	26	20	0	0	0	0	0	0	0	0	0	0	0	0	5592177	
1336	1	F	11	N	2500	0	40	73	350	32	16	9	0	0	0	0	0	0	0	0	0	0	0	0	5602223	
1337	1	F	11	N	2500	0	40	322	931	44	21	13	0	0	0	0	0	0	0	0	0	0	0	0	5602597	
1338	1	F	11	N	2500	0	40	185	396	33	22	28	0	0	0	0	0	0	0	0	0	0	0	0	5604766	
1339	1	F	11	N	2500	0	40	33	39	1	1	1	0	0	0	0	0	0	0	0	0	0	0	0	5605249	
1340	1	F	11	N	2500	0	40	356	901	35	18	13	0	0	0	0	0	0	0	0	0	0	0	0	5605764	
1341	1	F	11	N	2500	0	40	330	921	45	22	16	0	0	0	0	0	0	0	0	0	0	0	0	5605780	
1342	1	F	11	N	2500	0	40	529	1444	78	38	30	0	0	0	0	0	0	0	0	0	0	0	0	5605811	
1343	1	F	11	N	2500	0	40	334	1018	55	24	17	0	0	0	0	0	0	0	0	0	0	0	0	5606076	
1344	1	F	11	N	2500	0	40	20	16	0	0	1	0	0	0	0	0	0	0	0	0	0	0	0	5606201	
1345	1	F	11	N	2500	0	40	45	119	5	5	6	0	0	0	0	0	0	0	0	0	0	0	0	5606809	
1346	1	F	11	N	2500	0	40	300	647	22	12	10	0	0	0	0	0	0	0	0	0	0	0	0	5607745	
1347	1	G	11	N	2500	0	40	22	35	3	1	1	0	0	0	0	0	0	0	0	0	0	0	0	5617105	
1348	1	G	11	N	2500	0	40	319	896	40	21	16	0	0	0	0	0	0	0	0	0	0	0	0	5617605	
1349	1	G	11	N	2500	0	40	22	23	1	0	0	0	0	0	0	0	0	0	0	0	0	0	0	5617683	
1350	1	G	11	N	2500	0	40	22	29	1	0	0	0	0	0	0	0	0	0	0	0	0	0	0	5618197	
1351	1	G	11	N	2500	0	40	23	27	4	1	1	0	0	0	0	0	0	0	0	0	0	0	0	5618322	
1352	1	G	11	N	2500	0	40	32	26	1	1	1	0	0	0	0	0	0	0	0	0	0	0	0	5618587	
1353	1	G	11	N	2500	0	40	251	811	34	16	13	0	0	0	0	0	0	0	0	0	0	0	0	5618853	
1354	1	G	11	N	2500	0	40	36	51	15	10	9	0	0	0	0	0	0	0	0	0	0	0	0	5619102	
1355	1	G	11	N	2500	0	40	292	704	27	13	11	0	0	0	0	0	0	0	0	0	0	0	0	5619570	
1356	1	G	11	N	2500	0	40	193	858	41	21	15	0	0	0	0	0	0	0	0	0	0	0	0	5619882	
1357	1	G	11	N	2500	0	40	25	31	1	1	1	0	0	0	0	0	0	0	0	0	0	0	0	5620787	
1358	1	G	11	N	2500	0	40	392	971	44	19	18	0	0	0	0	0	0	0	0	0	0	0	0	5620959	
1359	1	G	11	N	2500	0	40	226	789	52	23	20	0	0	0	0	0	0	0	0	0	0	0	0	5621302	
1360	1	G	11	N	2500	0	40	186	761	33	17	13	0	0	0	0	0	0	0	0	0	0	0	0	5621505	
1361	1	G	11	N	2500	0	40	313	740	38	15	13	0	0	0	0	0	0	0	0	0	0	0	0	5621707	
1362	1	G	11	N	2500	0	40	323	1100	58	31	22	0	0	0	0	0	0	0	0	0	0	0	0	5621770	
1363	1	G	11	N	2500	0	40	428	881	41	19	15	0	0	0	0	0	0	0	0	0	0	0	0	5621817	
1364	1	G	11	N	2500	0	40	219	819	38	20	15	0	0	0	0	0	0	0	0	0	0	0	0	5622207	
1365	1	G	11	N	2500	0	40	344	969	46	22	16	0	0	0	0	0	0	0	0	0	0	0	0	5622503	
1366	1	G	11	N	2500	0	40	48	74	3	3	5	0	0	0	0	0	0	0	0	0	0	0	0	5622768	
1367	1	G	11	N	2500	0	40	292	772	30	17	14	0	0	0	0	0	0	0	0	0	0	0	0	5623252	
1368	1	G	11	N	2500	0	40	27	24	1	1	2	0	0	0	0	0	0	0	0	0	0	0	0	5623408	
