Id	Plate	Row	Column	Clog	Scan rate	Status sort	Status sel	TOF	EXT	Green	Yellow	Red	PH Ext	PW Ext	PC Ext	PH Green	PW Green	PCGreen	PH Yellow	PW Yellow	PCYellow	PH Red	PW Red	PCRed	Time Stamp	
0	1	A	1	N	2500	0	40	348	1086	56	23	17	0	0	0	0	0	0	0	0	0	0	0	0	9998077	
1	1	A	1	N	2500	0	40	249	957	59	29	21	0	0	0	0	0	0	0	0	0	0	0	0	9998747	
2	1	A	1	N	2500	0	40	274	935	317	385	477	0	0	0	0	0	0	0	0	0	0	0	0	9999278	
3	1	A	1	N	2500	0	40	26	42	1	0	0	0	0	0	0	0	0	0	0	0	0	0	0	9999371	
4	1	A	1	N	2500	0	40	234	1001	57	27	21	0	0	0	0	0	0	0	0	0	0	0	0	9999527	
5	1	A	1	N	2500	0	40	344	1171	71	31	23	0	0	0	0	0	0	0	0	0	0	0	0	9999793	
6	1	A	1	N	2500	0	40	281	1104	61	31	21	0	0	0	0	0	0	0	0	0	0	0	0	9999886	
7	1	A	1	N	2500	0	40	357	1181	65	29	25	0	0	0	0	0	0	0	0	0	0	0	0	10000042	
8	1	A	1	N	2500	0	40	335	1097	59	27	22	0	0	0	0	0	0	0	0	0	0	0	0	10000354	
9	1	A	1	N	2500	0	40	199	620	239	296	388	0	0	0	0	0	0	0	0	0	0	0	0	10000791	
10	1	A	1	N	2500	0	40	159	600	30	12	11	0	0	0	0	0	0	0	0	0	0	0	0	10000885	
11	1	A	1	N	2500	0	40	158	447	18	12	9	0	0	0	0	0	0	0	0	0	0	0	0	10001072	
12	1	A	1	N	2500	0	40	23	24	1	1	1	0	0	0	0	0	0	0	0	0	0	0	0	10001415	
13	1	A	1	N	2500	0	40	293	955	48	21	17	0	0	0	0	0	0	0	0	0	0	0	0	10001696	
14	1	A	1	N	2500	0	40	402	1407	80	35	31	0	0	0	0	0	0	0	0	0	0	0	0	10001867	
15	1	A	1	N	2500	0	40	231	787	34	16	9	0	0	0	0	0	0	0	0	0	0	0	0	10002070	
16	1	A	1	N	2500	0	40	380	1105	57	24	17	0	0	0	0	0	0	0	0	0	0	0	0	10002195	
17	1	A	1	N	2500	0	40	274	1049	76	34	26	0	0	0	0	0	0	0	0	0	0	0	0	10002304	
18	1	A	1	N	2500	0	40	338	1180	65	30	23	0	0	0	0	0	0	0	0	0	0	0	0	10002523	
19	1	A	1	N	2500	0	40	407	1244	63	28	22	0	0	0	0	0	0	0	0	0	0	0	0	10004005	
20	1	A	1	N	2500	0	40	331	1310	84	34	27	0	0	0	0	0	0	0	0	0	0	0	0	10004254	
21	1	A	1	N	2500	0	40	362	1066	54	22	20	0	0	0	0	0	0	0	0	0	0	0	0	10004379	
22	1	A	1	N	2500	0	40	415	1398	75	31	25	0	0	0	0	0	0	0	0	0	0	0	0	10004457	
23	1	A	1	N	2500	0	40	182	539	197	242	310	0	0	0	0	0	0	0	0	0	0	0	0	10004613	
24	1	A	1	N	2500	0	40	134	604	25	12	10	0	0	0	0	0	0	0	0	0	0	0	0	10004909	
25	1	A	1	N	2500	0	40	413	1194	54	26	21	0	0	0	0	0	0	0	0	0	0	0	0	10005143	
26	1	A	1	N	2500	0	40	439	1566	77	33	25	0	0	0	0	0	0	0	0	0	0	0	0	10005190	
27	1	B	1	N	2500	0	40	29	52	2	2	3	0	0	0	0	0	0	0	0	0	0	0	0	10012522	
28	1	B	1	N	2500	0	40	117	610	39	19	13	0	0	0	0	0	0	0	0	0	0	0	0	10013614	
29	1	B	1	N	2500	0	40	61	91	9	9	9	0	0	0	0	0	0	0	0	0	0	0	0	10013879	
30	1	B	1	N	2500	0	40	109	674	38	18	15	0	0	0	0	0	0	0	0	0	0	0	0	10014067	
31	1	B	1	N	2500	0	40	203	795	53	23	18	0	0	0	0	0	0	0	0	0	0	0	0	10014145	
32	1	B	1	N	2500	0	40	135	592	39	16	12	0	0	0	0	0	0	0	0	0	0	0	0	10014379	
33	1	B	1	N	2500	0	40	253	787	37	20	16	0	0	0	0	0	0	0	0	0	0	0	0	10015190	
34	1	B	1	N	2500	0	40	172	756	46	22	19	0	0	0	0	0	0	0	0	0	0	0	0	10015377	
35	1	B	1	N	2500	0	40	134	320	13	7	8	0	0	0	0	0	0	0	0	0	0	0	0	10016625	
36	1	B	1	N	2500	0	40	254	697	37	14	14	0	0	0	0	0	0	0	0	0	0	0	0	10017155	
37	1	B	1	N	2500	0	40	20	22	0	0	0	0	0	0	0	0	0	0	0	0	0	0	0	10017561	
38	1	B	1	N	2500	0	40	210	755	41	21	18	0	0	0	0	0	0	0	0	0	0	0	0	10018450	
39	1	B	1	N	2500	0	40	24	26	4	2	0	0	0	0	0	0	0	0	0	0	0	0	0	10019183	
40	1	B	1	N	2500	0	40	35	56	1	1	1	0	0	0	0	0	0	0	0	0	0	0	0	10019589	
41	1	C	1	N	2500	0	40	31	45	7	4	2	0	0	0	0	0	0	0	0	0	0	0	0	10027342	
42	1	C	1	N	2500	0	40	50	112	20	12	5	0	0	0	0	0	0	0	0	0	0	0	0	10027452	
43	1	C	1	N	2500	0	40	172	745	41	22	23	0	0	0	0	0	0	0	0	0	0	0	0	10027514	
44	1	C	1	N	2500	0	40	221	757	30	17	14	0	0	0	0	0	0	0	0	0	0	0	0	10027998	
45	1	C	1	N	2500	0	40	152	619	35	16	14	0	0	0	0	0	0	0	0	0	0	0	0	10028138	
46	1	C	1	N	2500	0	40	22	28	1	0	0	0	0	0	0	0	0	0	0	0	0	0	0	10028356	
47	1	C	1	N	2500	0	40	29	28	1	0	1	0	0	0	0	0	0	0	0	0	0	0	0	10028887	
48	1	C	1	N	2500	0	40	97	380	20	11	11	0	0	0	0	0	0	0	0	0	0	0	0	10029277	
49	1	C	1	N	2500	0	40	64	127	27	32	35	0	0	0	0	0	0	0	0	0	0	0	0	10029511	
50	1	C	1	N	2500	0	40	166	722	31	17	15	0	0	0	0	0	0	0	0	0	0	0	0	10029729	
51	1	C	1	N	2500	0	40	24	31	3	4	9	0	0	0	0	0	0	0	0	0	0	0	0	10029745	
52	1	C	1	N	2500	0	40	134	238	8	4	6	0	0	0	0	0	0	0	0	0	0	0	0	10030525	
53	1	C	1	N	2500	0	40	207	978	68	26	20	0	0	0	0	0	0	0	0	0	0	0	0	10030540	
54	1	C	1	N	2500	0	40	307	924	44	22	19	0	0	0	0	0	0	0	0	0	0	0	0	10030759	
55	1	C	1	N	2500	0	40	125	756	46	21	16	0	0	0	0	0	0	0	0	0	0	0	0	10030962	
56	1	C	1	N	2500	0	40	251	828	39	21	17	0	0	0	0	0	0	0	0	0	0	0	0	10031102	
57	1	C	1	N	2500	0	40	125	520	21	11	8	0	0	0	0	0	0	0	0	0	0	0	0	10031461	
58	1	C	1	N	2500	0	40	215	863	44	22	16	0	0	0	0	0	0	0	0	0	0	0	0	10031679	
59	1	C	1	N	2500	0	40	21	31	1	0	0	0	0	0	0	0	0	0	0	0	0	0	0	10032896	
60	1	C	1	N	2500	0	40	310	733	42	18	14	0	0	0	0	0	0	0	0	0	0	0	0	10034378	
61	1	D	1	N	2500	0	40	240	577	28	14	13	0	0	0	0	0	0	0	0	0	0	0	0	10042459	
62	1	D	1	N	2500	0	40	431	1014	48	25	19	0	0	0	0	0	0	0	0	0	0	0	0	10042958	
63	1	D	1	N	2500	0	40	381	995	39	20	18	0	0	0	0	0	0	0	0	0	0	0	0	10043223	
64	1	D	1	N	2500	0	40	162	523	23	13	12	0	0	0	0	0	0	0	0	0	0	0	0	10043270	
65	1	D	1	N	2500	0	40	402	1361	72	34	24	0	0	0	0	0	0	0	0	0	0	0	0	10043395	
66	1	D	1	N	2500	0	40	172	601	24	14	10	0	0	0	0	0	0	0	0	0	0	0	0	10044253	
67	1	D	1	N	2500	0	40	247	625	22	11	10	0	0	0	0	0	0	0	0	0	0	0	0	10044612	
68	1	D	1	N	2500	0	40	170	408	18	8	8	0	0	0	0	0	0	0	0	0	0	0	0	10044768	
69	1	D	1	N	2500	0	40	196	661	33	20	13	0	0	0	0	0	0	0	0	0	0	0	0	10045095	
70	1	D	1	N	2500	0	40	202	508	22	10	8	0	0	0	0	0	0	0	0	0	0	0	0	10045423	
71	1	D	1	N	2500	0	40	198	618	23	12	10	0	0	0	0	0	0	0	0	0	0	0	0	10046655	
72	1	D	1	N	2500	0	40	389	1268	69	36	27	0	0	0	0	0	0	0	0	0	0	0	0	10047014	
73	1	D	1	N	2500	0	40	333	797	35	17	12	0	0	0	0	0	0	0	0	0	0	0	0	10047186	
74	1	D	1	N	2500	0	40	78	395	46	45	53	0	0	0	0	0	0	0	0	0	0	0	0	10047201	
75	1	D	1	N	2500	0	40	232	792	40	20	14	0	0	0	0	0	0	0	0	0	0	0	0	10047326	
76	1	D	1	N	2500	0	40	235	685	31	17	13	0	0	0	0	0	0	0	0	0	0	0	0	10048418	
77	1	D	1	N	2500	0	40	26	50	8	11	13	0	0	0	0	0	0	0	0	0	0	0	0	10048480	
78	1	D	1	N	2500	0	40	190	629	22	12	11	0	0	0	0	0	0	0	0	0	0	0	0	10048746	
79	1	E	1	N	2500	0	40	371	837	41	22	19	0	0	0	0	0	0	0	0	0	0	0	0	10057669	
80	1	E	1	N	2500	0	40	225	728	34	17	14	0	0	0	0	0	0	0	0	0	0	0	0	10057684	
81	1	E	1	N	2500	0	40	222	511	21	9	7	0	0	0	0	0	0	0	0	0	0	0	0	10059120	
82	1	E	1	N	2500	0	40	257	843	35	21	16	0	0	0	0	0	0	0	0	0	0	0	0	10059478	
83	1	E	1	N	2500	0	40	124	493	16	10	9	0	0	0	0	0	0	0	0	0	0	0	0	10059572	
84	1	E	1	N	2500	0	40	208	524	23	12	8	0	0	0	0	0	0	0	0	0	0	0	0	10059931	
85	1	E	1	N	2500	0	40	208	550	26	14	12	0	0	0	0	0	0	0	0	0	0	0	0	10060196	
86	1	E	1	N	2500	0	40	278	915	41	20	16	0	0	0	0	0	0	0	0	0	0	0	0	10060820	
87	1	E	1	N	2500	0	40	285	938	48	25	20	0	0	0	0	0	0	0	0	0	0	0	0	10060851	
88	1	E	1	N	2500	0	40	171	425	16	7	6	0	0	0	0	0	0	0	0	0	0	0	0	10060945	
89	1	E	1	N	2500	0	40	272	972	54	26	18	0	0	0	0	0	0	0	0	0	0	0	0	10061350	
90	1	E	1	N	2500	0	40	236	570	19	11	8	0	0	0	0	0	0	0	0	0	0	0	0	10061506	
91	1	E	1	N	2500	0	40	288	912	50	19	15	0	0	0	0	0	0	0	0	0	0	0	0	10061772	
92	1	E	1	N	2500	0	40	267	817	33	18	16	0	0	0	0	0	0	0	0	0	0	0	0	10062754	
93	1	E	1	N	2500	0	40	171	352	12	9	7	0	0	0	0	0	0	0	0	0	0	0	0	10063285	
94	1	E	1	N	2500	0	40	285	966	49	27	19	0	0	0	0	0	0	0	0	0	0	0	0	10063971	
95	1	F	1	N	2500	0	40	266	698	29	15	8	0	0	0	0	0	0	0	0	0	0	0	0	10071896	
96	1	F	1	N	2500	0	40	328	916	38	20	19	0	0	0	0	0	0	0	0	0	0	0	0	10071943	
97	1	F	1	N	2500	0	40	28	55	3	3	4	0	0	0	0	0	0	0	0	0	0	0	0	10072957	
98	1	F	1	N	2500	0	40	182	431	14	9	8	0	0	0	0	0	0	0	0	0	0	0	0	10073378	
99	1	F	1	N	2500	0	40	237	436	14	7	5	0	0	0	0	0	0	0	0	0	0	0	0	10073534	
100	1	F	1	N	2500	0	40	219	622	20	12	10	0	0	0	0	0	0	0	0	0	0	0	0	10073737	
101	1	F	1	N	2500	0	40	214	495	14	8	8	0	0	0	0	0	0	0	0	0	0	0	0	10074096	
102	1	F	1	N	2500	0	40	274	733	26	13	9	0	0	0	0	0	0	0	0	0	0	0	0	10074907	
103	1	F	1	N	2500	0	40	267	728	29	15	12	0	0	0	0	0	0	0	0	0	0	0	0	10075219	
104	1	F	1	N	2500	0	40	24	29	1	1	1	0	0	0	0	0	0	0	0	0	0	0	0	10075671	
105	1	F	1	N	2500	0	40	111	218	35	21	9	0	0	0	0	0	0	0	0	0	0	0	0	10075749	
106	1	F	1	N	2500	0	40	26	22	2	1	0	0	0	0	0	0	0	0	0	0	0	0	0	10075749	
107	1	F	1	N	2500	0	40	114	428	18	9	5	0	0	0	0	0	0	0	0	0	0	0	0	10076217	
108	1	F	1	N	2500	0	40	163	567	25	13	10	0	0	0	0	0	0	0	0	0	0	0	0	10077715	
109	1	F	1	N	2500	0	40	24	21	0	0	0	0	0	0	0	0	0	0	0	0	0	0	0	10077715	
110	1	F	1	N	2500	0	40	241	708	29	15	12	0	0	0	0	0	0	0	0	0	0	0	0	10077777	
111	1	G	1	N	2500	0	40	20	24	3	0	1	0	0	0	0	0	0	0	0	0	0	0	0	10086310	
112	1	G	1	N	2500	0	40	381	913	36	19	14	0	0	0	0	0	0	0	0	0	0	0	0	10086669	
113	1	G	1	N	2500	0	40	22	25	3	1	0	0	0	0	0	0	0	0	0	0	0	0	0	10087184	
114	1	G	1	N	2500	0	40	27	56	11	3	3	0	0	0	0	0	0	0	0	0	0	0	0	10087262	
115	1	G	1	N	2500	0	40	20	34	3	1	1	0	0	0	0	0	0	0	0	0	0	0	0	10087387	
116	1	G	1	N	2500	0	40	193	492	17	8	8	0	0	0	0	0	0	0	0	0	0	0	0	10087496	
117	1	G	1	N	2500	0	40	223	540	19	9	9	0	0	0	0	0	0	0	0	0	0	0	0	10087527	
118	1	G	1	N	2500	0	40	21	27	4	1	2	0	0	0	0	0	0	0	0	0	0	0	0	10087870	
119	1	G	1	N	2500	0	40	142	562	29	14	9	0	0	0	0	0	0	0	0	0	0	0	0	10088026	
120	1	G	1	N	2500	0	40	34	62	13	4	4	0	0	0	0	0	0	0	0	0	0	0	0	10088089	
121	1	G	1	N	2500	0	40	224	589	23	10	9	0	0	0	0	0	0	0	0	0	0	0	0	10088104	
122	1	G	1	N	2500	0	40	35	77	12	4	5	0	0	0	0	0	0	0	0	0	0	0	0	10088120	
123	1	G	1	N	2500	0	40	68	137	34	11	13	0	0	0	0	0	0	0	0	0	0	0	0	10088136	
124	1	G	1	N	2500	0	40	31	44	8	2	2	0	0	0	0	0	0	0	0	0	0	0	0	10088307	
125	1	G	1	N	2500	0	40	21	34	5	1	1	0	0	0	0	0	0	0	0	0	0	0	0	10088526	
126	1	G	1	N	2500	0	40	24	29	6	1	2	0	0	0	0	0	0	0	0	0	0	0	0	10088604	
127	1	G	1	N	2500	0	40	22	30	2	1	1	0	0	0	0	0	0	0	0	0	0	0	0	10088635	
128	1	G	1	N	2500	0	40	23	33	4	1	1	0	0	0	0	0	0	0	0	0	0	0	0	10088791	
129	1	G	1	N	2500	0	40	43	62	2	1	2	0	0	0	0	0	0	0	0	0	0	0	0	10088869	
130	1	G	1	N	2500	0	40	64	240	29	21	26	0	0	0	0	0	0	0	0	0	0	0	0	10089150	
131	1	G	1	N	2500	0	40	20	30	5	1	2	0	0	0	0	0	0	0	0	0	0	0	0	10089243	
132	1	G	1	N	2500	0	40	174	370	12	7	4	0	0	0	0	0	0	0	0	0	0	0	0	10089274	
133	1	G	1	N	2500	0	40	37	109	23	6	8	0	0	0	0	0	0	0	0	0	0	0	0	10089384	
134	1	G	1	N	2500	0	40	28	52	6	1	2	0	0	0	0	0	0	0	0	0	0	0	0	10089430	
135	1	G	1	N	2500	0	40	223	580	21	9	8	0	0	0	0	0	0	0	0	0	0	0	0	10089462	
136	1	G	1	N	2500	0	40	20	26	1	0	0	0	0	0	0	0	0	0	0	0	0	0	0	10089540	
137	1	G	1	N	2500	0	40	41	70	17	5	5	0	0	0	0	0	0	0	0	0	0	0	0	10089602	
138	1	G	1	N	2500	0	40	41	77	12	3	4	0	0	0	0	0	0	0	0	0	0	0	0	10089602	
139	1	G	1	N	2500	0	40	20	21	3	0	1	0	0	0	0	0	0	0	0	0	0	0	0	10089711	
140	1	G	1	N	2500	0	40	25	26	4	1	1	0	0	0	0	0	0	0	0	0	0	0	0	10089852	
141	1	G	1	N	2500	0	40	251	553	17	9	8	0	0	0	0	0	0	0	0	0	0	0	0	10089867	
142	1	G	1	N	2500	0	40	24	36	4	1	2	0	0	0	0	0	0	0	0	0	0	0	0	10089883	
143	1	G	1	N	2500	0	40	236	548	21	10	8	0	0	0	0	0	0	0	0	0	0	0	0	10089992	
144	1	G	1	N	2500	0	40	20	17	1	0	0	0	0	0	0	0	0	0	0	0	0	0	0	10090023	
145	1	G	1	N	2500	0	40	234	661	26	12	10	0	0	0	0	0	0	0	0	0	0	0	0	10090070	
146	1	G	1	N	2500	0	40	24	43	5	1	2	0	0	0	0	0	0	0	0	0	0	0	0	10090101	
147	1	G	1	N	2500	0	40	22	41	6	1	2	0	0	0	0	0	0	0	0	0	0	0	0	10090288	
148	1	G	1	N	2500	0	40	21	46	4	1	2	0	0	0	0	0	0	0	0	0	0	0	0	10090320	
149	1	G	1	N	2500	0	40	196	396	12	5	5	0	0	0	0	0	0	0	0	0	0	0	0	10090600	
150	1	G	1	N	2500	0	40	42	62	1	1	2	0	0	0	0	0	0	0	0	0	0	0	0	10090803	
151	1	G	1	N	2500	0	40	35	62	13	3	5	0	0	0	0	0	0	0	0	0	0	0	0	10090990	
152	1	G	1	N	2500	0	40	34	67	9	2	3	0	0	0	0	0	0	0	0	0	0	0	0	10091084	
153	1	G	1	N	2500	0	40	28	71	11	3	4	0	0	0	0	0	0	0	0	0	0	0	0	10091193	
154	1	G	1	N	2500	0	40	178	455	17	9	9	0	0	0	0	0	0	0	0	0	0	0	0	10091614	
155	1	G	1	N	2500	0	40	39	123	17	5	5	0	0	0	0	0	0	0	0	0	0	0	0	10091646	
156	1	G	1	N	2500	0	40	22	34	4	1	1	0	0	0	0	0	0	0	0	0	0	0	0	10091661	
157	1	G	1	N	2500	0	40	41	52	1	0	1	0	0	0	0	0	0	0	0	0	0	0	0	10091833	
158	1	G	1	N	2500	0	40	126	439	20	9	8	0	0	0	0	0	0	0	0	0	0	0	0	10091833	
159	1	G	1	N	2500	0	40	47	107	8	6	6	0	0	0	0	0	0	0	0	0	0	0	0	10091848	
160	1	G	1	N	2500	0	40	23	20	1	0	0	0	0	0	0	0	0	0	0	0	0	0	0	10091880	
161	1	G	1	N	2500	0	40	274	757	30	13	10	0	0	0	0	0	0	0	0	0	0	0	0	10091895	
162	1	G	1	N	2500	0	40	180	469	15	8	5	0	0	0	0	0	0	0	0	0	0	0	0	10092067	
163	1	G	1	N	2500	0	40	35	37	1	0	1	0	0	0	0	0	0	0	0	0	0	0	0	10092114	
164	1	G	1	N	2500	0	40	178	408	14	6	5	0	0	0	0	0	0	0	0	0	0	0	0	10092129	
165	1	G	1	N	2500	0	40	27	48	4	2	3	0	0	0	0	0	0	0	0	0	0	0	0	10092145	
166	1	G	1	N	2500	0	40	20	32	5	1	2	0	0	0	0	0	0	0	0	0	0	0	0	10092644	
167	1	G	1	N	2500	0	40	42	81	9	4	5	0	0	0	0	0	0	0	0	0	0	0	0	10092691	
168	1	G	1	N	2500	0	40	68	191	24	13	16	0	0	0	0	0	0	0	0	0	0	0	0	10092691	
169	1	G	1	N	2500	0	40	111	356	13	7	5	0	0	0	0	0	0	0	0	0	0	0	0	10092800	
170	1	G	1	N	2500	0	40	32	31	5	1	1	0	0	0	0	0	0	0	0	0	0	0	0	10092862	
171	1	G	1	N	2500	0	40	30	51	10	3	4	0	0	0	0	0	0	0	0	0	0	0	0	10093377	
172	1	H	1	N	2500	0	40	31	49	11	3	3	0	0	0	0	0	0	0	0	0	0	0	0	10101442	
173	1	H	1	N	2500	0	40	29	38	12	6	6	0	0	0	0	0	0	0	0	0	0	0	0	10103658	
174	1	H	1	N	2500	0	40	50	59	1	0	0	0	0	0	0	0	0	0	0	0	0	0	0	10104672	
175	1	H	1	N	2500	0	40	205	509	18	9	6	0	0	0	0	0	0	0	0	0	0	0	0	10105389	
176	1	H	1	N	2500	0	40	35	47	7	1	1	0	0	0	0	0	0	0	0	0	0	0	0	10105920	
177	1	H	1	N	2500	0	40	20	28	0	1	1	0	0	0	0	0	0	0	0	0	0	0	0	10107885	
178	1	A	2	N	2500	0	40	329	1031	57	24	18	0	0	0	0	0	0	0	0	0	0	0	0	10116247	
179	1	A	2	N	2500	0	40	400	1245	57	28	21	0	0	0	0	0	0	0	0	0	0	0	0	10116387	
180	1	A	2	N	2500	0	40	50	57	4	4	4	0	0	0	0	0	0	0	0	0	0	0	0	10116543	
181	1	A	2	N	2500	0	40	399	1235	72	29	20	0	0	0	0	0	0	0	0	0	0	0	0	10118259	
182	1	A	2	N	2500	0	40	407	1323	83	32	26	0	0	0	0	0	0	0	0	0	0	0	0	10118384	
183	1	A	2	N	2500	0	40	33	48	1	0	1	0	0	0	0	0	0	0	0	0	0	0	0	10118400	
184	1	A	2	N	2500	0	40	375	1177	70	30	23	0	0	0	0	0	0	0	0	0	0	0	0	10118790	
185	1	A	2	N	2500	0	40	341	1029	64	27	19	0	0	0	0	0	0	0	0	0	0	0	0	10118946	
186	1	A	2	N	2500	0	40	26	42	6	7	9	0	0	0	0	0	0	0	0	0	0	0	0	10119070	
187	1	A	2	N	2500	0	40	309	1165	70	30	21	0	0	0	0	0	0	0	0	0	0	0	0	10119086	
188	1	A	2	N	2500	0	40	339	1030	49	24	19	0	0	0	0	0	0	0	0	0	0	0	0	10119429	
189	1	A	2	N	2500	0	40	108	353	96	123	138	0	0	0	0	0	0	0	0	0	0	0	0	10119741	
190	1	A	2	N	2500	0	40	429	1344	67	28	23	0	0	0	0	0	0	0	0	0	0	0	0	10119835	
191	1	A	2	N	2500	0	40	327	1001	50	24	18	0	0	0	0	0	0	0	0	0	0	0	0	10120568	
192	1	A	2	N	2500	0	40	195	546	21	13	14	0	0	0	0	0	0	0	0	0	0	0	0	10120740	
193	1	A	2	N	2500	0	40	500	1530	122	38	31	0	0	0	0	0	0	0	0	0	0	0	0	10121348	
194	1	A	2	N	2500	0	40	356	1239	65	28	25	0	0	0	0	0	0	0	0	0	0	0	0	10121395	
195	1	A	2	N	2500	0	40	312	1163	71	28	22	0	0	0	0	0	0	0	0	0	0	0	0	10121941	
196	1	A	2	N	2500	0	40	381	1204	70	29	26	0	0	0	0	0	0	0	0	0	0	0	0	10122003	
197	1	A	2	N	2500	0	40	458	1355	85	30	24	0	0	0	0	0	0	0	0	0	0	0	0	10122034	
198	1	A	2	N	2500	0	40	366	1058	49	23	15	0	0	0	0	0	0	0	0	0	0	0	0	10122268	
199	1	A	2	N	2500	0	40	398	1362	78	35	24	0	0	0	0	0	0	0	0	0	0	0	0	10122424	
200	1	A	2	N	2500	0	40	96	256	68	82	92	0	0	0	0	0	0	0	0	0	0	0	0	10122424	
201	1	A	2	N	2500	0	40	575	1824	84	34	25	0	0	0	0	0	0	0	0	0	0	0	0	10122674	
202	1	A	2	N	2500	0	40	327	1028	64	23	18	0	0	0	0	0	0	0	0	0	0	0	0	10122736	
203	1	A	2	N	2500	0	40	397	1234	63	30	24	0	0	0	0	0	0	0	0	0	0	0	0	10122846	
204	1	A	2	N	2500	0	40	25	40	5	3	1	0	0	0	0	0	0	0	0	0	0	0	0	10123064	
205	1	A	2	N	2500	0	40	319	1294	74	35	26	0	0	0	0	0	0	0	0	0	0	0	0	10123142	
206	1	A	2	N	2500	0	40	389	1307	71	29	23	0	0	0	0	0	0	0	0	0	0	0	0	10123314	
207	1	A	2	N	2500	0	40	386	995	40	24	21	0	0	0	0	0	0	0	0	0	0	0	0	10123392	
208	1	A	2	N	2500	0	40	172	881	42	22	16	0	0	0	0	0	0	0	0	0	0	0	0	10123392	
209	1	B	2	N	2500	0	40	243	1046	55	27	19	0	0	0	0	0	0	0	0	0	0	0	0	10131800	
210	1	B	2	N	2500	0	40	365	1202	74	30	24	0	0	0	0	0	0	0	0	0	0	0	0	10132221	
211	1	B	2	N	2500	0	40	318	889	38	19	13	0	0	0	0	0	0	0	0	0	0	0	0	10133095	
212	1	B	2	N	2500	0	40	356	1090	61	25	17	0	0	0	0	0	0	0	0	0	0	0	0	10133266	
213	1	B	2	N	2500	0	40	21	23	4	1	0	0	0	0	0	0	0	0	0	0	0	0	0	10133578	
214	1	B	2	N	2500	0	40	220	854	255	324	396	0	0	0	0	0	0	0	0	0	0	0	0	10133875	
215	1	B	2	N	2500	0	40	297	1169	69	32	25	0	0	0	0	0	0	0	0	0	0	0	0	10133953	
216	1	B	2	N	2500	0	40	316	1444	84	34	25	0	0	0	0	0	0	0	0	0	0	0	0	10134655	
217	1	B	2	N	2500	0	40	353	1393	77	36	27	0	0	0	0	0	0	0	0	0	0	0	0	10134826	
218	1	B	2	N	2500	0	40	361	1160	58	27	22	0	0	0	0	0	0	0	0	0	0	0	0	10135138	
219	1	B	2	N	2500	0	40	300	941	48	20	16	0	0	0	0	0	0	0	0	0	0	0	0	10135154	
220	1	B	2	N	2500	0	40	303	1051	50	25	17	0	0	0	0	0	0	0	0	0	0	0	0	10135903	
221	1	B	2	N	2500	0	40	261	1217	71	31	24	0	0	0	0	0	0	0	0	0	0	0	0	10136231	
222	1	B	2	N	2500	0	40	344	1057	59	24	17	0	0	0	0	0	0	0	0	0	0	0	0	10136387	
223	1	B	2	N	2500	0	40	502	1247	96	29	21	0	0	0	0	0	0	0	0	0	0	0	0	10137198	
224	1	B	2	N	2500	0	40	320	974	49	22	17	0	0	0	0	0	0	0	0	0	0	0	0	10137588	
225	1	B	2	N	2500	0	40	354	1046	61	26	20	0	0	0	0	0	0	0	0	0	0	0	0	10137837	
226	1	C	2	N	2500	0	40	376	1111	52	23	21	0	0	0	0	0	0	0	0	0	0	0	0	10147525	
227	1	C	2	N	2500	0	40	416	1156	59	24	19	0	0	0	0	0	0	0	0	0	0	0	0	10147884	
228	1	C	2	N	2500	0	40	24	27	3	1	1	0	0	0	0	0	0	0	0	0	0	0	0	10147946	
229	1	C	2	N	2500	0	40	113	392	130	166	210	0	0	0	0	0	0	0	0	0	0	0	0	10148492	
230	1	C	2	N	2500	0	40	177	485	18	11	9	0	0	0	0	0	0	0	0	0	0	0	0	10148555	
231	1	C	2	N	2500	0	40	297	1048	53	27	23	0	0	0	0	0	0	0	0	0	0	0	0	10148882	
232	1	C	2	N	2500	0	40	377	1096	58	23	18	0	0	0	0	0	0	0	0	0	0	0	0	10149085	
233	1	C	2	N	2500	0	40	322	978	48	22	16	0	0	0	0	0	0	0	0	0	0	0	0	10149569	
234	1	C	2	N	2500	0	40	217	1078	59	25	23	0	0	0	0	0	0	0	0	0	0	0	0	10149631	
235	1	C	2	N	2500	0	40	353	1162	68	29	21	0	0	0	0	0	0	0	0	0	0	0	0	10151160	
236	1	C	2	N	2500	0	40	150	486	173	212	259	0	0	0	0	0	0	0	0	0	0	0	0	10151659	
237	1	C	2	N	2500	0	40	30	25	2	2	2	0	0	0	0	0	0	0	0	0	0	0	0	10152221	
238	1	C	2	N	2500	0	40	318	931	46	22	16	0	0	0	0	0	0	0	0	0	0	0	0	10152548	
239	1	D	2	N	2500	0	40	407	1206	60	26	19	0	0	0	0	0	0	0	0	0	0	0	0	10160270	
240	1	D	2	N	2500	0	40	309	924	42	20	19	0	0	0	0	0	0	0	0	0	0	0	0	10160457	
241	1	D	2	N	2500	0	40	21	30	1	1	1	0	0	0	0	0	0	0	0	0	0	0	0	10160769	
242	1	D	2	N	2500	0	40	320	1309	75	33	26	0	0	0	0	0	0	0	0	0	0	0	0	10161393	
243	1	D	2	N	2500	0	40	58	181	11	11	12	0	0	0	0	0	0	0	0	0	0	0	0	10162002	
244	1	D	2	N	2500	0	40	383	1254	65	29	23	0	0	0	0	0	0	0	0	0	0	0	0	10162329	
245	1	D	2	N	2500	0	40	94	164	4	2	1	0	0	0	0	0	0	0	0	0	0	0	0	10163203	
246	1	D	2	N	2500	0	40	359	1104	59	25	21	0	0	0	0	0	0	0	0	0	0	0	0	10163390	
247	1	D	2	N	2500	0	40	296	1035	53	25	18	0	0	0	0	0	0	0	0	0	0	0	0	10163577	
248	1	D	2	N	2500	0	40	358	1199	63	30	24	0	0	0	0	0	0	0	0	0	0	0	0	10163936	
249	1	D	2	N	2500	0	40	349	1060	71	29	23	0	0	0	0	0	0	0	0	0	0	0	0	10164030	
250	1	D	2	N	2500	0	40	348	1135	53	27	22	0	0	0	0	0	0	0	0	0	0	0	0	10164747	
251	1	D	2	N	2500	0	40	117	330	84	106	125	0	0	0	0	0	0	0	0	0	0	0	0	10164810	
252	1	D	2	N	2500	0	40	386	1185	64	28	21	0	0	0	0	0	0	0	0	0	0	0	0	10164935	
253	1	D	2	N	2500	0	40	22	34	2	1	1	0	0	0	0	0	0	0	0	0	0	0	0	10165200	
254	1	D	2	N	2500	0	40	143	456	18	9	7	0	0	0	0	0	0	0	0	0	0	0	0	10165231	
255	1	D	2	N	2500	0	40	331	1450	73	38	28	0	0	0	0	0	0	0	0	0	0	0	0	10165262	
256	1	D	2	N	2500	0	40	348	1128	61	26	19	0	0	0	0	0	0	0	0	0	0	0	0	10165403	
257	1	D	2	N	2500	0	40	304	1256	82	32	28	0	0	0	0	0	0	0	0	0	0	0	0	10165793	
258	1	D	2	N	2500	0	40	421	1431	71	36	29	0	0	0	0	0	0	0	0	0	0	0	0	10165964	
259	1	D	2	N	2500	0	40	275	1526	87	36	25	0	0	0	0	0	0	0	0	0	0	0	0	10166448	
260	1	D	2	N	2500	0	40	124	278	71	95	127	0	0	0	0	0	0	0	0	0	0	0	0	10166510	
261	1	D	2	N	2500	0	40	361	1063	55	23	17	0	0	0	0	0	0	0	0	0	0	0	0	10166963	
262	1	D	2	N	2500	0	40	328	1184	61	28	20	0	0	0	0	0	0	0	0	0	0	0	0	10167321	
263	1	D	2	N	2500	0	40	399	1215	60	28	22	0	0	0	0	0	0	0	0	0	0	0	0	10167774	
264	1	E	2	N	2500	0	40	243	822	33	19	14	0	0	0	0	0	0	0	0	0	0	0	0	10175231	
265	1	E	2	N	2500	0	40	214	1023	48	25	19	0	0	0	0	0	0	0	0	0	0	0	0	10175979	
266	1	E	2	N	2500	0	40	38	43	3	1	1	0	0	0	0	0	0	0	0	0	0	0	0	10176026	
267	1	E	2	N	2500	0	40	437	1377	63	33	26	0	0	0	0	0	0	0	0	0	0	0	0	10176104	
268	1	E	2	N	2500	0	40	375	1093	53	27	20	0	0	0	0	0	0	0	0	0	0	0	0	10176182	
269	1	E	2	N	2500	0	40	170	768	44	20	15	0	0	0	0	0	0	0	0	0	0	0	0	10176260	
270	1	E	2	N	2500	0	40	217	928	38	19	17	0	0	0	0	0	0	0	0	0	0	0	0	10176822	
271	1	E	2	N	2500	0	40	217	895	49	23	20	0	0	0	0	0	0	0	0	0	0	0	0	10177617	
272	1	E	2	N	2500	0	40	256	572	19	10	6	0	0	0	0	0	0	0	0	0	0	0	0	10177727	
273	1	E	2	N	2500	0	40	368	1048	54	23	19	0	0	0	0	0	0	0	0	0	0	0	0	10181205	
274	1	F	2	N	2500	0	40	264	1129	55	23	19	0	0	0	0	0	0	0	0	0	0	0	0	10189863	
275	1	F	2	N	2500	0	40	304	771	31	15	15	0	0	0	0	0	0	0	0	0	0	0	0	10190456	
276	1	F	2	N	2500	0	40	275	688	25	12	10	0	0	0	0	0	0	0	0	0	0	0	0	10190675	
277	1	F	2	N	2500	0	40	51	60	12	2	0	0	0	0	0	0	0	0	0	0	0	0	0	10190690	
278	1	F	2	N	2500	0	40	166	841	37	17	14	0	0	0	0	0	0	0	0	0	0	0	0	10191611	
279	1	F	2	N	2500	0	40	237	504	19	7	7	0	0	0	0	0	0	0	0	0	0	0	0	10192625	
280	1	F	2	N	2500	0	40	196	958	52	22	18	0	0	0	0	0	0	0	0	0	0	0	0	10193202	
281	1	F	2	N	2500	0	40	385	1033	49	23	17	0	0	0	0	0	0	0	0	0	0	0	0	10193311	
282	1	F	2	N	2500	0	40	181	578	36	14	11	0	0	0	0	0	0	0	0	0	0	0	0	10193373	
283	1	F	2	N	2500	0	40	229	952	48	24	18	0	0	0	0	0	0	0	0	0	0	0	0	10193545	
284	1	F	2	N	2500	0	40	34	53	4	3	4	0	0	0	0	0	0	0	0	0	0	0	0	10194216	
285	1	F	2	N	2500	0	40	385	1075	48	25	18	0	0	0	0	0	0	0	0	0	0	0	0	10194653	
286	1	F	2	N	2500	0	40	27	52	4	5	3	0	0	0	0	0	0	0	0	0	0	0	0	10195947	
287	1	F	2	N	2500	0	40	23	49	6	6	7	0	0	0	0	0	0	0	0	0	0	0	0	10195947	
288	1	F	2	N	2500	0	40	31	60	6	7	6	0	0	0	0	0	0	0	0	0	0	0	0	10195947	
289	1	F	2	N	2500	0	40	29	47	10	12	14	0	0	0	0	0	0	0	0	0	0	0	0	10195947	
290	1	F	2	N	2500	0	40	27	54	2	1	1	0	0	0	0	0	0	0	0	0	0	0	0	10196197	
291	1	F	2	N	2500	0	40	203	774	34	16	14	0	0	0	0	0	0	0	0	0	0	0	0	10196353	
292	1	F	2	N	2500	0	40	24	37	2	1	1	0	0	0	0	0	0	0	0	0	0	0	0	10196852	
293	1	G	2	N	2500	0	40	34	68	10	3	3	0	0	0	0	0	0	0	0	0	0	0	0	10204559	
294	1	G	2	N	2500	0	40	50	167	41	14	18	0	0	0	0	0	0	0	0	0	0	0	0	10205089	
295	1	G	2	N	2500	0	40	159	710	27	13	10	0	0	0	0	0	0	0	0	0	0	0	0	10205510	
296	1	G	2	N	2500	0	40	25	51	10	2	4	0	0	0	0	0	0	0	0	0	0	0	0	10206165	
297	1	G	2	N	2500	0	40	26	44	1	0	1	0	0	0	0	0	0	0	0	0	0	0	0	10206368	
298	1	G	2	N	2500	0	40	29	42	7	2	2	0	0	0	0	0	0	0	0	0	0	0	0	10206555	
299	1	G	2	N	2500	0	40	24	48	7	9	21	0	0	0	0	0	0	0	0	0	0	0	0	10206665	
300	1	G	2	N	2500	0	40	213	1022	53	24	17	0	0	0	0	0	0	0	0	0	0	0	0	10206961	
301	1	G	2	N	2500	0	40	21	35	4	1	2	0	0	0	0	0	0	0	0	0	0	0	0	10207117	
302	1	G	2	N	2500	0	40	203	407	20	11	89	0	0	0	0	0	0	0	0	0	0	0	0	10207289	
303	1	G	2	N	2500	0	40	22	41	4	1	2	0	0	0	0	0	0	0	0	0	0	0	0	10207429	
304	1	G	2	N	2500	0	40	24	25	1	0	1	0	0	0	0	0	0	0	0	0	0	0	0	10207538	
305	1	G	2	N	2500	0	40	325	985	57	24	20	0	0	0	0	0	0	0	0	0	0	0	0	10207647	
306	1	G	2	N	2500	0	40	248	605	22	12	9	0	0	0	0	0	0	0	0	0	0	0	0	10207913	
307	1	G	2	N	2500	0	40	176	791	35	17	14	0	0	0	0	0	0	0	0	0	0	0	0	10207944	
308	1	G	2	N	2500	0	40	275	862	37	21	15	0	0	0	0	0	0	0	0	0	0	0	0	10208006	
309	1	G	2	N	2500	0	40	21	25	5	7	9	0	0	0	0	0	0	0	0	0	0	0	0	10208318	
310	1	G	2	N	2500	0	40	20	22	0	1	1	0	0	0	0	0	0	0	0	0	0	0	0	10208396	
311	1	G	2	N	2500	0	40	20	27	1	0	0	0	0	0	0	0	0	0	0	0	0	0	0	10208568	
312	1	G	2	N	2500	0	40	208	784	34	18	14	0	0	0	0	0	0	0	0	0	0	0	0	10208599	
313	1	G	2	N	2500	0	40	24	48	8	2	3	0	0	0	0	0	0	0	0	0	0	0	0	10209410	
314	1	G	2	N	2500	0	40	25	35	4	1	1	0	0	0	0	0	0	0	0	0	0	0	0	10209597	
315	1	G	2	N	2500	0	40	21	24	3	0	1	0	0	0	0	0	0	0	0	0	0	0	0	10209675	
316	1	G	2	N	2500	0	40	266	843	40	19	15	0	0	0	0	0	0	0	0	0	0	0	0	10210003	
317	1	G	2	N	2500	0	40	39	39	1	0	0	0	0	0	0	0	0	0	0	0	0	0	0	10210159	
318	1	G	2	N	2500	0	40	41	49	5	1	1	0	0	0	0	0	0	0	0	0	0	0	0	10210175	
319	1	G	2	N	2500	0	40	25	51	8	2	3	0	0	0	0	0	0	0	0	0	0	0	0	10210424	
320	1	G	2	N	2500	0	40	24	32	2	1	1	0	0	0	0	0	0	0	0	0	0	0	0	10211142	
321	1	H	2	N	2500	0	40	68	66	2	2	1	0	0	0	0	0	0	0	0	0	0	0	0	10222389	
322	1	H	2	N	2500	0	40	49	153	36	12	14	0	0	0	0	0	0	0	0	0	0	0	0	10223949	
323	1	H	2	N	2500	0	40	466	861	63	18	16	0	0	0	0	0	0	0	0	0	0	0	0	10226492	
324	1	A	3	N	2500	0	40	66	75	6	7	9	0	0	0	0	0	0	0	0	0	0	0	0	10235181	
325	1	A	3	N	2500	0	40	345	1091	55	26	18	0	0	0	0	0	0	0	0	0	0	0	0	10235275	
326	1	A	3	N	2500	0	40	442	1340	75	32	22	0	0	0	0	0	0	0	0	0	0	0	0	10235431	
327	1	A	3	N	2500	0	40	513	1610	90	34	27	0	0	0	0	0	0	0	0	0	0	0	0	10235618	
328	1	A	3	N	2500	0	40	315	1211	84	35	25	0	0	0	0	0	0	0	0	0	0	0	0	10236055	
329	1	A	3	N	2500	0	40	25	37	1	1	3	0	0	0	0	0	0	0	0	0	0	0	0	10236305	
330	1	A	3	N	2500	0	40	21	41	1	1	1	0	0	0	0	0	0	0	0	0	0	0	0	10237724	
331	1	A	3	N	2500	0	40	335	1063	51	21	19	0	0	0	0	0	0	0	0	0	0	0	0	10238301	
332	1	A	3	N	2500	0	40	29	29	1	1	1	0	0	0	0	0	0	0	0	0	0	0	0	10238489	
333	1	A	3	N	2500	0	40	339	1339	72	32	25	0	0	0	0	0	0	0	0	0	0	0	0	10238489	
334	1	A	3	N	2500	0	40	461	1512	82	31	24	0	0	0	0	0	0	0	0	0	0	0	0	10238707	
335	1	A	3	N	2500	0	40	256	1076	66	29	19	0	0	0	0	0	0	0	0	0	0	0	0	10239035	
336	1	A	3	N	2500	0	40	365	1196	64	27	24	0	0	0	0	0	0	0	0	0	0	0	0	10239113	
337	1	A	3	N	2500	0	40	360	1251	73	30	27	0	0	0	0	0	0	0	0	0	0	0	0	10239128	
338	1	A	3	N	2500	0	40	242	846	58	25	16	0	0	0	0	0	0	0	0	0	0	0	0	10240033	
339	1	A	3	N	2500	0	40	283	985	60	30	18	0	0	0	0	0	0	0	0	0	0	0	0	10240127	
340	1	A	3	N	2500	0	40	390	1278	76	29	21	0	0	0	0	0	0	0	0	0	0	0	0	10240439	
341	1	A	3	N	2500	0	40	331	1316	77	30	27	0	0	0	0	0	0	0	0	0	0	0	0	10240610	
342	1	A	3	N	2500	0	40	338	1224	60	27	21	0	0	0	0	0	0	0	0	0	0	0	0	10240688	
343	1	A	3	N	2500	0	40	367	1346	71	32	22	0	0	0	0	0	0	0	0	0	0	0	0	10241047	
344	1	A	3	N	2500	0	40	243	1214	80	31	25	0	0	0	0	0	0	0	0	0	0	0	0	10241063	
345	1	A	3	N	2500	0	40	20	21	1	1	0	0	0	0	0	0	0	0	0	0	0	0	0	10241172	
346	1	B	3	N	2500	0	40	439	1331	67	32	21	0	0	0	0	0	0	0	0	0	0	0	0	10250267	
347	1	B	3	N	2500	0	40	27	29	1	2	1	0	0	0	0	0	0	0	0	0	0	0	0	10250797	
348	1	B	3	N	2500	0	40	252	1437	79	36	29	0	0	0	0	0	0	0	0	0	0	0	0	10251577	
349	1	B	3	N	2500	0	40	57	67	1	0	1	0	0	0	0	0	0	0	0	0	0	0	0	10252030	
350	1	B	3	N	2500	0	40	26	31	1	1	1	0	0	0	0	0	0	0	0	0	0	0	0	10252108	
351	1	B	3	N	2500	0	40	406	1271	65	31	23	0	0	0	0	0	0	0	0	0	0	0	0	10252700	
352	1	B	3	N	2500	0	40	356	1109	55	24	16	0	0	0	0	0	0	0	0	0	0	0	0	10252778	
353	1	B	3	N	2500	0	40	105	631	83	86	99	0	0	0	0	0	0	0	0	0	0	0	0	10252841	
354	1	B	3	N	2500	0	40	22	32	2	0	1	0	0	0	0	0	0	0	0	0	0	0	0	10253855	
355	1	B	3	N	2500	0	40	385	1085	49	22	17	0	0	0	0	0	0	0	0	0	0	0	0	10253886	
356	1	B	3	N	2500	0	40	234	1047	54	26	19	0	0	0	0	0	0	0	0	0	0	0	0	10254136	
357	1	B	3	N	2500	0	40	523	1722	82	31	23	0	0	0	0	0	0	0	0	0	0	0	0	10254167	
358	1	B	3	N	2500	0	40	215	1011	68	31	24	0	0	0	0	0	0	0	0	0	0	0	0	10254432	
359	1	B	3	N	2500	0	40	407	1319	61	26	21	0	0	0	0	0	0	0	0	0	0	0	0	10254432	
360	1	B	3	N	2500	0	40	311	1220	69	32	20	0	0	0	0	0	0	0	0	0	0	0	0	10254557	
361	1	B	3	N	2500	0	40	111	300	71	92	105	0	0	0	0	0	0	0	0	0	0	0	0	10254682	
362	1	B	3	N	2500	0	40	23	27	0	0	0	0	0	0	0	0	0	0	0	0	0	0	0	10255072	
363	1	B	3	N	2500	0	40	398	1242	61	27	19	0	0	0	0	0	0	0	0	0	0	0	0	10255883	
364	1	B	3	N	2500	0	40	85	373	20	11	7	0	0	0	0	0	0	0	0	0	0	0	0	10256054	
365	1	C	3	N	2500	0	40	23	20	1	1	2	0	0	0	0	0	0	0	0	0	0	0	0	10264260	
366	1	C	3	N	2500	0	40	288	1206	56	30	19	0	0	0	0	0	0	0	0	0	0	0	0	10267427	
367	1	C	3	N	2500	0	40	288	1198	64	32	25	0	0	0	0	0	0	0	0	0	0	0	0	10267630	
368	1	C	3	N	2500	0	40	283	995	54	23	18	0	0	0	0	0	0	0	0	0	0	0	0	10268300	
369	1	C	3	N	2500	0	40	26	24	1	1	1	0	0	0	0	0	0	0	0	0	0	0	0	10268597	
370	1	C	3	N	2500	0	40	254	1138	64	29	22	0	0	0	0	0	0	0	0	0	0	0	0	10269018	
371	1	C	3	N	2500	0	40	323	1377	91	40	26	0	0	0	0	0	0	0	0	0	0	0	0	10270297	
372	1	C	3	N	2500	0	40	143	876	43	22	13	0	0	0	0	0	0	0	0	0	0	0	0	10270297	
373	1	C	3	N	2500	0	40	32	56	4	2	2	0	0	0	0	0	0	0	0	0	0	0	0	10270469	
374	1	D	3	N	2500	0	40	353	1084	63	26	20	0	0	0	0	0	0	0	0	0	0	0	0	10279158	
375	1	D	3	N	2500	0	40	80	433	61	59	61	0	0	0	0	0	0	0	0	0	0	0	0	10279938	
376	1	D	3	N	2500	0	40	595	1939	81	39	30	0	0	0	0	0	0	0	0	0	0	0	0	10280718	
377	1	D	3	N	2500	0	40	228	1075	51	26	19	0	0	0	0	0	0	0	0	0	0	0	0	10281061	
378	1	D	3	N	2500	0	40	291	1073	66	29	21	0	0	0	0	0	0	0	0	0	0	0	0	10282418	
379	1	D	3	N	2500	0	40	204	973	63	30	22	0	0	0	0	0	0	0	0	0	0	0	0	10283838	
380	1	D	3	N	2500	0	40	253	1350	75	33	24	0	0	0	0	0	0	0	0	0	0	0	0	10284587	
381	1	D	3	N	2500	0	40	340	1108	56	25	19	0	0	0	0	0	0	0	0	0	0	0	0	10285648	
382	1	E	3	N	2500	0	40	205	675	279	354	463	0	0	0	0	0	0	0	0	0	0	0	0	10293697	
383	1	E	3	N	2500	0	40	20	23	1	1	1	0	0	0	0	0	0	0	0	0	0	0	0	10293853	
384	1	E	3	N	2500	0	40	479	1754	98	43	29	0	0	0	0	0	0	0	0	0	0	0	0	10294087	
385	1	E	3	N	2500	0	40	301	1081	65	31	26	0	0	0	0	0	0	0	0	0	0	0	0	10294477	
386	1	E	3	N	2500	0	40	261	910	40	22	17	0	0	0	0	0	0	0	0	0	0	0	0	10294758	
387	1	E	3	N	2500	0	40	209	1048	69	26	21	0	0	0	0	0	0	0	0	0	0	0	0	10294898	
388	1	E	3	N	2500	0	40	306	825	39	17	14	0	0	0	0	0	0	0	0	0	0	0	0	10295522	
389	1	E	3	N	2500	0	40	353	991	45	20	18	0	0	0	0	0	0	0	0	0	0	0	0	10296349	
390	1	E	3	N	2500	0	40	71	247	17	16	21	0	0	0	0	0	0	0	0	0	0	0	0	10297878	
391	1	E	3	N	2500	0	40	502	1255	53	25	21	0	0	0	0	0	0	0	0	0	0	0	0	10298050	
392	1	E	3	N	2500	0	40	216	1100	58	25	24	0	0	0	0	0	0	0	0	0	0	0	0	10298939	
393	1	E	3	N	2500	0	40	356	1051	51	23	21	0	0	0	0	0	0	0	0	0	0	0	0	10299656	
394	1	E	3	N	2500	0	40	287	1189	62	28	22	0	0	0	0	0	0	0	0	0	0	0	0	10299922	
395	1	E	3	N	2500	0	40	212	923	44	24	19	0	0	0	0	0	0	0	0	0	0	0	0	10300062	
396	1	F	3	N	2500	0	40	79	91	2	1	2	0	0	0	0	0	0	0	0	0	0	0	0	10309048	
397	1	F	3	N	2500	0	40	533	1659	79	33	25	0	0	0	0	0	0	0	0	0	0	0	0	10309048	
398	1	F	3	N	2500	0	40	209	656	254	321	402	0	0	0	0	0	0	0	0	0	0	0	0	10309984	
399	1	F	3	N	2500	0	40	238	747	35	19	15	0	0	0	0	0	0	0	0	0	0	0	0	10310030	
400	1	F	3	N	2500	0	40	269	772	35	16	12	0	0	0	0	0	0	0	0	0	0	0	0	10310966	
401	1	F	3	N	2500	0	40	150	498	17	10	8	0	0	0	0	0	0	0	0	0	0	0	0	10311965	
402	1	F	3	N	2500	0	40	277	802	37	17	14	0	0	0	0	0	0	0	0	0	0	0	0	10312511	
403	1	F	3	N	2500	0	40	179	766	32	17	13	0	0	0	0	0	0	0	0	0	0	0	0	10312870	
404	1	F	3	N	2500	0	40	56	70	1	1	1	0	0	0	0	0	0	0	0	0	0	0	0	10312994	
405	1	F	3	N	2500	0	40	46	123	6	0	1	0	0	0	0	0	0	0	0	0	0	0	0	10314040	
406	1	F	3	N	2500	0	40	418	947	42	20	18	0	0	0	0	0	0	0	0	0	0	0	0	10314164	
407	1	F	3	N	2500	0	40	234	852	316	394	506	0	0	0	0	0	0	0	0	0	0	0	0	10314851	
408	1	F	3	N	2500	0	40	23	19	1	0	0	0	0	0	0	0	0	0	0	0	0	0	0	10315568	
409	1	G	3	N	2500	0	40	319	920	45	21	17	0	0	0	0	0	0	0	0	0	0	0	0	10322885	
410	1	G	3	N	2500	0	40	239	663	24	15	12	0	0	0	0	0	0	0	0	0	0	0	0	10323088	
411	1	G	3	N	2500	0	40	34	62	9	2	4	0	0	0	0	0	0	0	0	0	0	0	0	10323790	
412	1	G	3	N	2500	0	40	249	868	40	22	18	0	0	0	0	0	0	0	0	0	0	0	0	10323961	
413	1	G	3	N	2500	0	40	196	403	13	7	7	0	0	0	0	0	0	0	0	0	0	0	0	10324445	
414	1	G	3	N	2500	0	40	64	213	36	15	22	0	0	0	0	0	0	0	0	0	0	0	0	10324523	
415	1	G	3	N	2500	0	40	21	28	4	1	1	0	0	0	0	0	0	0	0	0	0	0	0	10324663	
416	1	G	3	N	2500	0	40	32	107	17	6	7	0	0	0	0	0	0	0	0	0	0	0	0	10324944	
417	1	G	3	N	2500	0	40	85	248	27	34	53	0	0	0	0	0	0	0	0	0	0	0	0	10324960	
418	1	G	3	N	2500	0	40	56	143	26	10	12	0	0	0	0	0	0	0	0	0	0	0	0	10325038	
419	1	G	3	N	2500	0	40	147	696	34	15	14	0	0	0	0	0	0	0	0	0	0	0	0	10325225	
420	1	G	3	N	2500	0	40	192	615	21	13	11	0	0	0	0	0	0	0	0	0	0	0	0	10325240	
421	1	G	3	N	2500	0	40	28	42	1	1	1	0	0	0	0	0	0	0	0	0	0	0	0	10325911	
422	1	G	3	N	2500	0	40	35	66	6	2	2	0	0	0	0	0	0	0	0	0	0	0	0	10326239	
423	1	G	3	N	2500	0	40	207	685	30	16	12	0	0	0	0	0	0	0	0	0	0	0	0	10326629	
424	1	G	3	N	2500	0	40	37	61	3	0	1	0	0	0	0	0	0	0	0	0	0	0	0	10326676	
425	1	G	3	N	2500	0	40	180	667	27	14	11	0	0	0	0	0	0	0	0	0	0	0	0	10326707	
426	1	G	3	N	2500	0	40	261	672	25	13	13	0	0	0	0	0	0	0	0	0	0	0	0	10326878	
427	1	G	3	N	2500	0	40	26	37	2	2	4	0	0	0	0	0	0	0	0	0	0	0	0	10326941	
428	1	G	3	N	2500	0	40	187	762	40	19	14	0	0	0	0	0	0	0	0	0	0	0	0	10326988	
429	1	G	3	N	2500	0	40	21	31	5	1	2	0	0	0	0	0	0	0	0	0	0	0	0	10327284	
430	1	G	3	N	2500	0	40	29	63	13	4	5	0	0	0	0	0	0	0	0	0	0	0	0	10327331	
431	1	G	3	N	2500	0	40	31	37	5	1	2	0	0	0	0	0	0	0	0	0	0	0	0	10327378	
432	1	G	3	N	2500	0	40	21	24	4	0	1	0	0	0	0	0	0	0	0	0	0	0	0	10327705	
433	1	G	3	N	2500	0	40	135	562	19	10	10	0	0	0	0	0	0	0	0	0	0	0	0	10327814	
434	1	G	3	N	2500	0	40	34	110	18	6	9	0	0	0	0	0	0	0	0	0	0	0	0	10327861	
435	1	G	3	N	2500	0	40	259	722	28	15	12	0	0	0	0	0	0	0	0	0	0	0	0	10328080	
436	1	G	3	N	2500	0	40	25	58	8	2	2	0	0	0	0	0	0	0	0	0	0	0	0	10328282	
437	1	G	3	N	2500	0	40	28	47	8	3	4	0	0	0	0	0	0	0	0	0	0	0	0	10328282	
438	1	G	3	N	2500	0	40	216	520	14	8	7	0	0	0	0	0	0	0	0	0	0	0	0	10328376	
439	1	G	3	N	2500	0	40	180	674	38	16	12	0	0	0	0	0	0	0	0	0	0	0	0	10328423	
440	1	G	3	N	2500	0	40	278	839	42	20	15	0	0	0	0	0	0	0	0	0	0	0	0	10328470	
441	1	G	3	N	2500	0	40	59	101	7	3	3	0	0	0	0	0	0	0	0	0	0	0	0	10330030	
442	1	H	3	N	2500	0	40	24	46	1	0	0	0	0	0	0	0	0	0	0	0	0	0	0	10340388	
443	1	H	3	N	2500	0	40	25	39	4	1	1	0	0	0	0	0	0	0	0	0	0	0	0	10340482	
444	1	H	3	N	2500	0	40	34	46	7	1	2	0	0	0	0	0	0	0	0	0	0	0	0	10340762	
445	1	H	3	N	2500	0	40	20	23	1	1	1	0	0	0	0	0	0	0	0	0	0	0	0	10342182	
446	1	H	3	N	2500	0	40	20	31	1	0	0	0	0	0	0	0	0	0	0	0	0	0	0	10343711	
447	1	H	3	N	2500	0	40	123	413	26	14	10	0	0	0	0	0	0	0	0	0	0	0	0	10344616	
448	1	H	3	N	2500	0	40	28	34	3	3	3	0	0	0	0	0	0	0	0	0	0	0	0	10344631	
449	1	A	4	N	2500	0	40	29	63	4	3	3	0	0	0	0	0	0	0	0	0	0	0	0	10355426	
450	1	A	4	N	2500	0	40	64	222	18	17	19	0	0	0	0	0	0	0	0	0	0	0	0	10360309	
451	1	B	4	N	2500	0	40	33	34	1	0	1	0	0	0	0	0	0	0	0	0	0	0	0	10368562	
452	1	B	4	N	2500	0	40	284	939	45	22	18	0	0	0	0	0	0	0	0	0	0	0	0	10369467	
453	1	B	4	N	2500	0	40	33	35	2	2	4	0	0	0	0	0	0	0	0	0	0	0	0	10370980	
454	1	B	4	N	2500	0	40	335	1028	51	25	17	0	0	0	0	0	0	0	0	0	0	0	0	10371229	
455	1	B	4	N	2500	0	40	281	1195	50	26	20	0	0	0	0	0	0	0	0	0	0	0	0	10371697	
456	1	B	4	N	2500	0	40	21	17	1	1	1	0	0	0	0	0	0	0	0	0	0	0	0	10372119	
457	1	B	4	N	2500	0	40	219	1228	79	36	26	0	0	0	0	0	0	0	0	0	0	0	0	10372212	
458	1	B	4	N	2500	0	40	45	53	2	1	2	0	0	0	0	0	0	0	0	0	0	0	0	10372353	
459	1	B	4	N	2500	0	40	43	113	21	21	22	0	0	0	0	0	0	0	0	0	0	0	0	10372353	
460	1	B	4	N	2500	0	40	261	1184	74	33	22	0	0	0	0	0	0	0	0	0	0	0	0	10372805	
461	1	B	4	N	2500	0	40	103	262	73	83	86	0	0	0	0	0	0	0	0	0	0	0	0	10373803	
462	1	B	4	N	2500	0	40	24	21	1	2	2	0	0	0	0	0	0	0	0	0	0	0	0	10374100	
463	1	B	4	N	2500	0	40	149	701	23	13	11	0	0	0	0	0	0	0	0	0	0	0	0	10374927	
464	1	B	4	N	2500	0	40	272	1343	69	32	24	0	0	0	0	0	0	0	0	0	0	0	0	10375207	
465	1	C	4	N	2500	0	40	235	721	267	301	303	0	0	0	0	0	0	0	0	0	0	0	0	10382805	
466	1	C	4	N	2500	0	40	249	884	61	27	23	0	0	0	0	0	0	0	0	0	0	0	0	10384333	
467	1	C	4	N	2500	0	40	22	37	5	5	4	0	0	0	0	0	0	0	0	0	0	0	0	10386268	
468	1	C	4	N	2500	0	40	41	87	23	3	1	0	0	0	0	0	0	0	0	0	0	0	0	10386315	
469	1	C	4	N	2500	0	40	234	1155	65	30	22	0	0	0	0	0	0	0	0	0	0	0	0	10387017	
470	1	C	4	N	2500	0	40	346	1167	60	28	24	0	0	0	0	0	0	0	0	0	0	0	0	10387422	
471	1	C	4	N	2500	0	40	24	24	1	0	0	0	0	0	0	0	0	0	0	0	0	0	0	10388717	
472	1	D	4	N	2500	0	40	299	1038	44	21	19	0	0	0	0	0	0	0	0	0	0	0	0	10397734	
473	1	D	4	N	2500	0	40	25	36	5	5	6	0	0	0	0	0	0	0	0	0	0	0	0	10401306	
474	1	D	4	N	2500	0	40	486	1554	81	37	31	0	0	0	0	0	0	0	0	0	0	0	0	10403615	
475	1	E	4	N	2500	0	40	317	980	49	22	19	0	0	0	0	0	0	0	0	0	0	0	0	10412179	
476	1	E	4	N	2500	0	40	362	1051	58	25	22	0	0	0	0	0	0	0	0	0	0	0	0	10413006	
477	1	E	4	N	2500	0	40	129	710	48	22	15	0	0	0	0	0	0	0	0	0	0	0	0	10413084	
478	1	E	4	N	2500	0	40	23	32	2	1	3	0	0	0	0	0	0	0	0	0	0	0	0	10416251	
479	1	E	4	N	2500	0	40	456	1447	75	36	25	0	0	0	0	0	0	0	0	0	0	0	0	10416937	
480	1	E	4	N	2500	0	40	340	972	39	20	17	0	0	0	0	0	0	0	0	0	0	0	0	10416984	
481	1	F	4	N	2500	0	40	44	73	3	3	4	0	0	0	0	0	0	0	0	0	0	0	0	10426968	
482	1	F	4	N	2500	0	40	76	83	5	5	7	0	0	0	0	0	0	0	0	0	0	0	0	10427889	
483	1	F	4	N	2500	0	40	202	1001	48	23	17	0	0	0	0	0	0	0	0	0	0	0	0	10428606	
484	1	F	4	N	2500	0	40	458	1095	53	24	20	0	0	0	0	0	0	0	0	0	0	0	0	10429246	
485	1	F	4	N	2500	0	40	321	939	39	21	12	0	0	0	0	0	0	0	0	0	0	0	0	10429511	
486	1	F	4	N	2500	0	40	69	85	7	5	6	0	0	0	0	0	0	0	0	0	0	0	0	10430416	
487	1	F	4	N	2500	0	40	36	32	1	1	1	0	0	0	0	0	0	0	0	0	0	0	0	10432459	
488	1	G	4	N	2500	0	40	45	77	16	3	4	0	0	0	0	0	0	0	0	0	0	0	0	10441601	
489	1	G	4	N	2500	0	40	79	236	51	16	19	0	0	0	0	0	0	0	0	0	0	0	0	10441741	
490	1	G	4	N	2500	0	40	402	847	44	18	16	0	0	0	0	0	0	0	0	0	0	0	0	10441897	
491	1	G	4	N	2500	0	40	36	87	15	6	8	0	0	0	0	0	0	0	0	0	0	0	0	10441929	
492	1	G	4	N	2500	0	40	59	264	41	21	22	0	0	0	0	0	0	0	0	0	0	0	0	10442038	
493	1	G	4	N	2500	0	40	22	33	4	1	1	0	0	0	0	0	0	0	0	0	0	0	0	10442553	
494	1	G	4	N	2500	0	40	270	806	33	17	14	0	0	0	0	0	0	0	0	0	0	0	0	10442693	
495	1	G	4	N	2500	0	40	21	30	1	0	0	0	0	0	0	0	0	0	0	0	0	0	0	10442943	
496	1	G	4	N	2500	0	40	35	99	20	7	8	0	0	0	0	0	0	0	0	0	0	0	0	10443286	
497	1	G	4	N	2500	0	40	26	50	5	1	1	0	0	0	0	0	0	0	0	0	0	0	0	10443457	
498	1	G	4	N	2500	0	40	36	34	1	2	3	0	0	0	0	0	0	0	0	0	0	0	0	10443847	
499	1	G	4	N	2500	0	40	37	36	2	1	2	0	0	0	0	0	0	0	0	0	0	0	0	10443972	
500	1	G	4	N	2500	0	40	405	1074	45	23	18	0	0	0	0	0	0	0	0	0	0	0	0	10444159	
501	1	G	4	N	2500	0	40	40	171	28	12	14	0	0	0	0	0	0	0	0	0	0	0	0	10444861	
502	1	G	4	N	2500	0	40	25	50	9	2	4	0	0	0	0	0	0	0	0	0	0	0	0	10444893	
503	1	G	4	N	2500	0	40	31	57	7	2	2	0	0	0	0	0	0	0	0	0	0	0	0	10444939	
504	1	G	4	N	2500	0	40	152	816	38	22	16	0	0	0	0	0	0	0	0	0	0	0	0	10445220	
505	1	G	4	N	2500	0	40	25	30	5	1	1	0	0	0	0	0	0	0	0	0	0	0	0	10445329	
506	1	G	4	N	2500	0	40	63	165	39	13	16	0	0	0	0	0	0	0	0	0	0	0	0	10445345	
507	1	G	4	N	2500	0	40	184	815	39	18	16	0	0	0	0	0	0	0	0	0	0	0	0	10445423	
508	1	G	4	N	2500	0	40	321	837	32	17	13	0	0	0	0	0	0	0	0	0	0	0	0	10445439	
509	1	G	4	N	2500	0	40	20	30	3	1	1	0	0	0	0	0	0	0	0	0	0	0	0	10445626	
510	1	G	4	N	2500	0	40	36	128	22	7	9	0	0	0	0	0	0	0	0	0	0	0	0	10445813	
511	1	G	4	N	2500	0	40	21	24	3	1	1	0	0	0	0	0	0	0	0	0	0	0	0	10445844	
512	1	G	4	N	2500	0	40	34	50	9	2	2	0	0	0	0	0	0	0	0	0	0	0	0	10446219	
513	1	G	4	N	2500	0	40	60	152	38	12	14	0	0	0	0	0	0	0	0	0	0	0	0	10446281	
514	1	G	4	N	2500	0	40	23	45	7	1	2	0	0	0	0	0	0	0	0	0	0	0	0	10446375	
515	1	G	4	N	2500	0	40	81	96	7	7	8	0	0	0	0	0	0	0	0	0	0	0	0	10446406	
516	1	G	4	N	2500	0	40	30	39	7	1	2	0	0	0	0	0	0	0	0	0	0	0	0	10446499	
517	1	G	4	N	2500	0	40	250	1065	54	25	20	0	0	0	0	0	0	0	0	0	0	0	0	10446531	
518	1	G	4	N	2500	0	40	27	36	4	0	1	0	0	0	0	0	0	0	0	0	0	0	0	10446531	
519	1	G	4	N	2500	0	40	307	916	39	22	14	0	0	0	0	0	0	0	0	0	0	0	0	10446577	
520	1	G	4	N	2500	0	40	236	952	44	20	13	0	0	0	0	0	0	0	0	0	0	0	0	10446655	
521	1	G	4	N	2500	0	40	236	1003	43	22	16	0	0	0	0	0	0	0	0	0	0	0	0	10446983	
522	1	G	4	N	2500	0	40	73	291	49	16	19	0	0	0	0	0	0	0	0	0	0	0	0	10447061	
523	1	G	4	N	2500	0	40	29	50	5	2	2	0	0	0	0	0	0	0	0	0	0	0	0	10447389	
524	1	G	4	N	2500	0	40	24	26	5	1	1	0	0	0	0	0	0	0	0	0	0	0	0	10447435	
525	1	G	4	N	2500	0	40	20	38	5	1	1	0	0	0	0	0	0	0	0	0	0	0	0	10447467	
526	1	G	4	N	2500	0	40	190	796	42	21	15	0	0	0	0	0	0	0	0	0	0	0	0	10447685	
527	1	G	4	N	2500	0	40	20	31	4	1	1	0	0	0	0	0	0	0	0	0	0	0	0	10447935	
528	1	G	4	N	2500	0	40	28	55	9	2	3	0	0	0	0	0	0	0	0	0	0	0	0	10448434	
529	1	H	4	N	2500	0	40	33	50	7	2	2	0	0	0	0	0	0	0	0	0	0	0	0	10456951	
530	1	H	4	N	2500	0	40	23	32	4	0	1	0	0	0	0	0	0	0	0	0	0	0	0	10457419	
531	1	H	4	N	2500	0	40	23	37	6	1	2	0	0	0	0	0	0	0	0	0	0	0	0	10459619	
532	1	H	4	N	2500	0	40	25	23	0	0	0	0	0	0	0	0	0	0	0	0	0	0	0	10462926	
533	1	A	5	N	2500	0	40	372	1133	52	24	18	0	0	0	0	0	0	0	0	0	0	0	0	10474158	
534	1	A	5	N	2500	0	40	23	31	3	0	0	0	0	0	0	0	0	0	0	0	0	0	0	10475079	
535	1	A	5	N	2500	0	40	36	72	6	3	3	0	0	0	0	0	0	0	0	0	0	0	0	10478183	
536	1	A	5	N	2500	0	40	63	94	20	5	5	0	0	0	0	0	0	0	0	0	0	0	0	10478885	
537	1	B	5	N	2500	0	40	37	121	10	0	0	0	0	0	0	0	0	0	0	0	0	0	0	10486498	
538	1	B	5	N	2500	0	40	358	1141	56	26	18	0	0	0	0	0	0	0	0	0	0	0	0	10487590	
539	1	B	5	N	2500	0	40	92	403	43	39	43	0	0	0	0	0	0	0	0	0	0	0	0	10487793	
540	1	B	5	N	2500	0	40	348	1255	69	37	24	0	0	0	0	0	0	0	0	0	0	0	0	10487840	
541	1	B	5	N	2500	0	40	363	1009	49	22	21	0	0	0	0	0	0	0	0	0	0	0	0	10488932	
542	1	B	5	N	2500	0	40	354	1325	79	32	25	0	0	0	0	0	0	0	0	0	0	0	0	10492691	
543	1	B	5	N	2500	0	40	27	33	4	1	0	0	0	0	0	0	0	0	0	0	0	0	0	10493346	
544	1	C	5	N	2500	0	40	30	39	2	2	3	0	0	0	0	0	0	0	0	0	0	0	0	10502628	
545	1	C	5	N	2500	0	40	23	23	1	1	1	0	0	0	0	0	0	0	0	0	0	0	0	10503018	
546	1	C	5	N	2500	0	40	349	985	44	20	17	0	0	0	0	0	0	0	0	0	0	0	0	10503502	
547	1	C	5	N	2500	0	40	240	1104	70	30	20	0	0	0	0	0	0	0	0	0	0	0	0	10503611	
548	1	C	5	N	2500	0	40	28	24	0	0	0	0	0	0	0	0	0	0	0	0	0	0	0	10504204	
549	1	C	5	N	2500	0	40	42	68	2	1	1	0	0	0	0	0	0	0	0	0	0	0	0	10505842	
550	1	C	5	N	2500	0	40	343	1038	49	25	20	0	0	0	0	0	0	0	0	0	0	0	0	10506388	
551	1	C	5	N	2500	0	40	140	170	5	3	2	0	0	0	0	0	0	0	0	0	0	0	0	10506794	
552	1	C	5	N	2500	0	40	343	1035	48	21	20	0	0	0	0	0	0	0	0	0	0	0	0	10507277	
553	1	C	5	N	2500	0	40	22	28	0	1	0	0	0	0	0	0	0	0	0	0	0	0	0	10507574	
554	1	D	5	N	2500	0	40	327	1370	66	31	24	0	0	0	0	0	0	0	0	0	0	0	0	10515670	
555	1	D	5	N	2500	0	40	222	1243	76	32	27	0	0	0	0	0	0	0	0	0	0	0	0	10516247	
556	1	D	5	N	2500	0	40	348	1047	45	22	17	0	0	0	0	0	0	0	0	0	0	0	0	10517526	
557	1	D	5	N	2500	0	40	103	375	12	6	5	0	0	0	0	0	0	0	0	0	0	0	0	10519086	
558	1	D	5	N	2500	0	40	267	1036	57	28	22	0	0	0	0	0	0	0	0	0	0	0	0	10520100	
559	1	D	5	N	2500	0	40	253	865	46	21	15	0	0	0	0	0	0	0	0	0	0	0	0	10522581	
560	1	D	5	N	2500	0	40	364	1100	58	24	19	0	0	0	0	0	0	0	0	0	0	0	0	10522628	
561	1	E	5	N	2500	0	40	254	582	21	11	10	0	0	0	0	0	0	0	0	0	0	0	0	10531629	
562	1	E	5	N	2500	0	40	373	1165	53	26	20	0	0	0	0	0	0	0	0	0	0	0	0	10532752	
563	1	E	5	N	2500	0	40	323	1420	76	34	23	0	0	0	0	0	0	0	0	0	0	0	0	10533360	
564	1	E	5	N	2500	0	40	383	1218	63	25	20	0	0	0	0	0	0	0	0	0	0	0	0	10535248	
565	1	E	5	N	2500	0	40	92	298	25	22	28	0	0	0	0	0	0	0	0	0	0	0	0	10535248	
566	1	E	5	N	2500	0	40	25	27	0	0	0	0	0	0	0	0	0	0	0	0	0	0	0	10535451	
567	1	E	5	N	2500	0	40	300	981	65	31	23	0	0	0	0	0	0	0	0	0	0	0	0	10536246	
568	1	E	5	N	2500	0	40	343	1019	46	23	18	0	0	0	0	0	0	0	0	0	0	0	0	10536777	
569	1	E	5	N	2500	0	40	268	831	32	16	13	0	0	0	0	0	0	0	0	0	0	0	0	10537744	
570	1	F	5	N	2500	0	40	295	1047	52	24	20	0	0	0	0	0	0	0	0	0	0	0	0	10548258	
571	1	F	5	N	2500	0	40	247	679	34	15	12	0	0	0	0	0	0	0	0	0	0	0	0	10548430	
572	1	F	5	N	2500	0	40	37	30	1	1	1	0	0	0	0	0	0	0	0	0	0	0	0	10548586	
573	1	F	5	N	2500	0	40	22	19	0	0	0	0	0	0	0	0	0	0	0	0	0	0	0	10548804	
574	1	F	5	N	2500	0	40	427	1109	47	22	20	0	0	0	0	0	0	0	0	0	0	0	0	10548960	
575	1	F	5	N	2500	0	40	313	960	48	23	17	0	0	0	0	0	0	0	0	0	0	0	0	10549116	
576	1	F	5	N	2500	0	40	357	956	51	22	15	0	0	0	0	0	0	0	0	0	0	0	0	10549444	
577	1	F	5	N	2500	0	40	269	925	45	22	18	0	0	0	0	0	0	0	0	0	0	0	0	10549584	
578	1	F	5	N	2500	0	40	349	1039	43	24	20	0	0	0	0	0	0	0	0	0	0	0	0	10549725	
579	1	F	5	N	2500	0	40	306	839	37	18	18	0	0	0	0	0	0	0	0	0	0	0	0	10550458	
580	1	F	5	N	2500	0	40	394	1119	57	24	21	0	0	0	0	0	0	0	0	0	0	0	0	10551363	
581	1	F	5	N	2500	0	40	48	48	1	1	1	0	0	0	0	0	0	0	0	0	0	0	0	10551690	
582	1	F	5	N	2500	0	40	351	1076	55	27	23	0	0	0	0	0	0	0	0	0	0	0	0	10551706	
583	1	F	5	N	2500	0	40	22	22	0	0	1	0	0	0	0	0	0	0	0	0	0	0	0	10551956	
584	1	F	5	N	2500	0	40	20	23	0	0	0	0	0	0	0	0	0	0	0	0	0	0	0	10552252	
585	1	G	5	N	2500	0	40	38	38	3	2	3	0	0	0	0	0	0	0	0	0	0	0	0	10559740	
586	1	G	5	N	2500	0	40	289	715	28	14	10	0	0	0	0	0	0	0	0	0	0	0	0	10560130	
587	1	G	5	N	2500	0	40	25	29	4	1	1	0	0	0	0	0	0	0	0	0	0	0	0	10560130	
588	1	G	5	N	2500	0	40	51	120	26	8	11	0	0	0	0	0	0	0	0	0	0	0	0	10560723	
589	1	G	5	N	2500	0	40	282	811	45	23	16	0	0	0	0	0	0	0	0	0	0	0	0	10560738	
590	1	G	5	N	2500	0	40	20	27	3	1	1	0	0	0	0	0	0	0	0	0	0	0	0	10560972	
591	1	G	5	N	2500	0	40	294	958	58	24	21	0	0	0	0	0	0	0	0	0	0	0	0	10561097	
592	1	G	5	N	2500	0	40	55	105	21	5	7	0	0	0	0	0	0	0	0	0	0	0	0	10561191	
593	1	G	5	N	2500	0	40	192	837	53	23	15	0	0	0	0	0	0	0	0	0	0	0	0	10561331	
594	1	G	5	N	2500	0	40	25	31	3	1	1	0	0	0	0	0	0	0	0	0	0	0	0	10561456	
595	1	G	5	N	2500	0	40	38	78	15	5	5	0	0	0	0	0	0	0	0	0	0	0	0	10561737	
596	1	G	5	N	2500	0	40	20	15	0	0	1	0	0	0	0	0	0	0	0	0	0	0	0	10562018	
597	1	G	5	N	2500	0	40	374	1130	56	27	17	0	0	0	0	0	0	0	0	0	0	0	0	10562376	
598	1	G	5	N	2500	0	40	36	69	9	2	2	0	0	0	0	0	0	0	0	0	0	0	0	10562392	
599	1	G	5	N	2500	0	40	37	81	6	5	6	0	0	0	0	0	0	0	0	0	0	0	0	10562486	
600	1	G	5	N	2500	0	40	63	73	5	4	6	0	0	0	0	0	0	0	0	0	0	0	0	10562501	
601	1	G	5	N	2500	0	40	39	119	21	9	12	0	0	0	0	0	0	0	0	0	0	0	0	10562564	
602	1	G	5	N	2500	0	40	104	140	5	1	2	0	0	0	0	0	0	0	0	0	0	0	0	10562657	
603	1	G	5	N	2500	0	40	152	430	14	8	7	0	0	0	0	0	0	0	0	0	0	0	0	10562657	
604	1	G	5	N	2500	0	40	251	687	28	14	10	0	0	0	0	0	0	0	0	0	0	0	0	10562813	
605	1	G	5	N	2500	0	40	26	39	3	1	0	0	0	0	0	0	0	0	0	0	0	0	0	10562891	
606	1	G	5	N	2500	0	40	76	435	49	49	56	0	0	0	0	0	0	0	0	0	0	0	0	10563188	
607	1	G	5	N	2500	0	40	40	69	3	2	2	0	0	0	0	0	0	0	0	0	0	0	0	10563266	
608	1	G	5	N	2500	0	40	24	35	1	1	1	0	0	0	0	0	0	0	0	0	0	0	0	10563281	
609	1	G	5	N	2500	0	40	24	42	7	2	2	0	0	0	0	0	0	0	0	0	0	0	0	10563983	
610	1	G	5	N	2500	0	40	229	673	25	14	10	0	0	0	0	0	0	0	0	0	0	0	0	10564030	
611	1	G	5	N	2500	0	40	21	32	6	1	1	0	0	0	0	0	0	0	0	0	0	0	0	10564061	
612	1	G	5	N	2500	0	40	32	81	12	3	4	0	0	0	0	0	0	0	0	0	0	0	0	10564373	
613	1	G	5	N	2500	0	40	23	26	1	0	0	0	0	0	0	0	0	0	0	0	0	0	0	10564545	
614	1	G	5	N	2500	0	40	280	895	40	20	14	0	0	0	0	0	0	0	0	0	0	0	0	10564779	
615	1	G	5	N	2500	0	40	21	30	2	0	1	0	0	0	0	0	0	0	0	0	0	0	0	10564810	
616	1	G	5	N	2500	0	40	20	19	3	0	0	0	0	0	0	0	0	0	0	0	0	0	0	10564826	
617	1	G	5	N	2500	0	40	44	129	7	8	10	0	0	0	0	0	0	0	0	0	0	0	0	10565450	
618	1	G	5	N	2500	0	40	247	650	28	16	13	0	0	0	0	0	0	0	0	0	0	0	0	10565559	
619	1	G	5	N	2500	0	40	24	46	4	1	1	0	0	0	0	0	0	0	0	0	0	0	0	10565668	
620	1	G	5	N	2500	0	40	46	138	30	9	13	0	0	0	0	0	0	0	0	0	0	0	0	10565730	
621	1	G	5	N	2500	0	40	42	82	6	3	3	0	0	0	0	0	0	0	0	0	0	0	0	10565964	
622	1	G	5	N	2500	0	40	26	30	4	1	1	0	0	0	0	0	0	0	0	0	0	0	0	10565996	
623	1	G	5	N	2500	0	40	36	94	15	4	5	0	0	0	0	0	0	0	0	0	0	0	0	10566276	
624	1	G	5	N	2500	0	40	201	905	42	20	15	0	0	0	0	0	0	0	0	0	0	0	0	10566292	
625	1	G	5	N	2500	0	40	24	60	4	2	2	0	0	0	0	0	0	0	0	0	0	0	0	10566292	
626	1	G	5	N	2500	0	40	23	30	1	0	0	0	0	0	0	0	0	0	0	0	0	0	0	10566510	
627	1	G	5	N	2500	0	40	36	86	16	4	5	0	0	0	0	0	0	0	0	0	0	0	0	10566510	
628	1	G	5	N	2500	0	40	451	1312	64	29	24	0	0	0	0	0	0	0	0	0	0	0	0	10566573	
629	1	G	5	N	2500	0	40	30	40	3	1	1	0	0	0	0	0	0	0	0	0	0	0	0	10566604	
630	1	G	5	N	2500	0	40	24	53	8	2	2	0	0	0	0	0	0	0	0	0	0	0	0	10566822	
631	1	G	5	N	2500	0	40	44	69	13	3	5	0	0	0	0	0	0	0	0	0	0	0	0	10566978	
632	1	G	5	N	2500	0	40	21	28	3	1	1	0	0	0	0	0	0	0	0	0	0	0	0	10567088	
633	1	H	5	N	2500	0	40	27	27	1	1	1	0	0	0	0	0	0	0	0	0	0	0	0	10580644	
634	1	H	5	N	2500	0	40	25	50	9	2	3	0	0	0	0	0	0	0	0	0	0	0	0	10580784	
635	1	A	6	N	2500	0	40	161	831	35	19	13	0	0	0	0	0	0	0	0	0	0	0	0	10590144	
636	1	A	6	N	2500	0	40	322	1210	66	29	23	0	0	0	0	0	0	0	0	0	0	0	0	10590628	
637	1	A	6	N	2500	0	40	561	1329	66	30	23	0	0	0	0	0	0	0	0	0	0	0	0	10590644	
638	1	A	6	N	2500	0	40	23	30	2	1	2	0	0	0	0	0	0	0	0	0	0	0	0	10591049	
639	1	A	6	N	2500	0	40	404	1334	72	29	17	0	0	0	0	0	0	0	0	0	0	0	0	10591049	
640	1	A	6	N	2500	0	40	33	62	3	3	5	0	0	0	0	0	0	0	0	0	0	0	0	10591283	
641	1	A	6	N	2500	0	40	239	1249	84	35	27	0	0	0	0	0	0	0	0	0	0	0	0	10593140	
642	1	A	6	N	2500	0	40	350	907	38	19	17	0	0	0	0	0	0	0	0	0	0	0	0	10593218	
643	1	A	6	N	2500	0	40	167	885	65	29	21	0	0	0	0	0	0	0	0	0	0	0	0	10593374	
644	1	A	6	N	2500	0	40	399	1189	51	27	20	0	0	0	0	0	0	0	0	0	0	0	0	10593389	
645	1	A	6	N	2500	0	40	445	1486	81	39	27	0	0	0	0	0	0	0	0	0	0	0	0	10593389	
646	1	A	6	N	2500	0	40	216	347	10	5	5	0	0	0	0	0	0	0	0	0	0	0	0	10593686	
647	1	A	6	N	2500	0	40	467	1388	62	30	20	0	0	0	0	0	0	0	0	0	0	0	0	10593701	
648	1	A	6	N	2500	0	40	198	985	58	29	21	0	0	0	0	0	0	0	0	0	0	0	0	10593748	
649	1	A	6	N	2500	0	40	271	472	13	8	8	0	0	0	0	0	0	0	0	0	0	0	0	10593998	
650	1	A	6	N	2500	0	40	33	96	19	6	7	0	0	0	0	0	0	0	0	0	0	0	0	10594154	
651	1	A	6	N	2500	0	40	22	19	1	1	2	0	0	0	0	0	0	0	0	0	0	0	0	10594544	
652	1	A	6	N	2500	0	40	410	1415	72	33	28	0	0	0	0	0	0	0	0	0	0	0	0	10594622	
653	1	A	6	N	2500	0	40	452	1504	114	39	24	0	0	0	0	0	0	0	0	0	0	0	0	10594762	
654	1	A	6	N	2500	0	40	25	21	1	1	0	0	0	0	0	0	0	0	0	0	0	0	0	10594778	
655	1	A	6	N	2500	0	40	205	1087	74	29	22	0	0	0	0	0	0	0	0	0	0	0	0	10594778	
656	1	A	6	N	2500	0	40	237	1147	62	28	21	0	0	0	0	0	0	0	0	0	0	0	0	10594793	
657	1	A	6	N	2500	0	40	383	1318	73	31	24	0	0	0	0	0	0	0	0	0	0	0	0	10594840	
658	1	A	6	N	2500	0	40	332	1015	46	22	13	0	0	0	0	0	0	0	0	0	0	0	0	10594949	
659	1	A	6	N	2500	0	40	234	1165	77	34	25	0	0	0	0	0	0	0	0	0	0	0	0	10595854	
660	1	A	6	N	2500	0	40	185	1247	78	35	27	0	0	0	0	0	0	0	0	0	0	0	0	10596244	
661	1	A	6	N	2500	0	40	248	1302	82	38	27	0	0	0	0	0	0	0	0	0	0	0	0	10596728	
662	1	B	6	N	2500	0	40	269	947	43	21	17	0	0	0	0	0	0	0	0	0	0	0	0	10605105	
663	1	B	6	N	2500	0	40	67	72	5	5	6	0	0	0	0	0	0	0	0	0	0	0	0	10605526	
664	1	B	6	N	2500	0	40	306	722	28	13	12	0	0	0	0	0	0	0	0	0	0	0	0	10605604	
665	1	B	6	N	2500	0	40	393	1396	85	35	25	0	0	0	0	0	0	0	0	0	0	0	0	10605682	
666	1	B	6	N	2500	0	40	257	1105	64	28	23	0	0	0	0	0	0	0	0	0	0	0	0	10605760	
667	1	B	6	N	2500	0	40	57	52	4	4	5	0	0	0	0	0	0	0	0	0	0	0	0	10606213	
668	1	B	6	N	2500	0	40	367	1087	54	23	18	0	0	0	0	0	0	0	0	0	0	0	0	10607164	
669	1	B	6	N	2500	0	40	317	998	60	24	20	0	0	0	0	0	0	0	0	0	0	0	0	10607195	
670	1	B	6	N	2500	0	40	22	31	3	4	5	0	0	0	0	0	0	0	0	0	0	0	0	10607336	
671	1	B	6	N	2500	0	40	27	45	9	11	13	0	0	0	0	0	0	0	0	0	0	0	0	10607336	
672	1	B	6	N	2500	0	40	26	45	2	1	1	0	0	0	0	0	0	0	0	0	0	0	0	10607336	
673	1	B	6	N	2500	0	40	25	20	1	1	2	0	0	0	0	0	0	0	0	0	0	0	0	10607351	
674	1	B	6	N	2500	0	40	155	208	4	2	2	0	0	0	0	0	0	0	0	0	0	0	0	10607398	
675	1	B	6	N	2500	0	40	35	56	1	1	1	0	0	0	0	0	0	0	0	0	0	0	0	10607492	
676	1	B	6	N	2500	0	40	366	1002	51	26	20	0	0	0	0	0	0	0	0	0	0	0	0	10607492	
677	1	B	6	N	2500	0	40	233	450	15	7	7	0	0	0	0	0	0	0	0	0	0	0	0	10607539	
678	1	B	6	N	2500	0	40	243	490	21	16	13	0	0	0	0	0	0	0	0	0	0	0	0	10607554	
679	1	B	6	N	2500	0	40	155	987	51	28	20	0	0	0	0	0	0	0	0	0	0	0	0	10607710	
680	1	B	6	N	2500	0	40	335	1057	53	22	16	0	0	0	0	0	0	0	0	0	0	0	0	10607773	
681	1	B	6	N	2500	0	40	235	898	53	22	17	0	0	0	0	0	0	0	0	0	0	0	0	10607788	
682	1	B	6	N	2500	0	40	214	936	48	26	18	0	0	0	0	0	0	0	0	0	0	0	0	10607788	
683	1	B	6	N	2500	0	40	228	1120	56	27	20	0	0	0	0	0	0	0	0	0	0	0	0	10608053	
684	1	B	6	N	2500	0	40	232	1116	76	35	22	0	0	0	0	0	0	0	0	0	0	0	0	10608163	
685	1	B	6	N	2500	0	40	222	1199	63	32	25	0	0	0	0	0	0	0	0	0	0	0	0	10608178	
686	1	B	6	N	2500	0	40	213	972	52	26	18	0	0	0	0	0	0	0	0	0	0	0	0	10608599	
687	1	B	6	N	2500	0	40	289	460	16	8	9	0	0	0	0	0	0	0	0	0	0	0	0	10608662	
688	1	B	6	N	2500	0	40	370	1095	55	24	17	0	0	0	0	0	0	0	0	0	0	0	0	10608677	
689	1	B	6	N	2500	0	40	487	1974	96	48	32	0	0	0	0	0	0	0	0	0	0	0	0	10608709	
690	1	B	6	N	2500	0	40	324	828	31	16	13	0	0	0	0	0	0	0	0	0	0	0	0	10608802	
691	1	B	6	N	2500	0	40	196	1000	49	23	19	0	0	0	0	0	0	0	0	0	0	0	0	10608911	
692	1	B	6	N	2500	0	40	357	1064	55	23	17	0	0	0	0	0	0	0	0	0	0	0	0	10608958	
693	1	B	6	N	2500	0	40	374	1063	59	25	18	0	0	0	0	0	0	0	0	0	0	0	0	10609052	
694	1	B	6	N	2500	0	40	374	1116	63	25	17	0	0	0	0	0	0	0	0	0	0	0	0	10609145	
695	1	B	6	N	2500	0	40	29	56	1	1	0	0	0	0	0	0	0	0	0	0	0	0	0	10609192	
696	1	B	6	N	2500	0	40	32	51	0	0	0	0	0	0	0	0	0	0	0	0	0	0	0	10609270	
697	1	B	6	N	2500	0	40	397	1143	60	29	18	0	0	0	0	0	0	0	0	0	0	0	0	10609411	
698	1	B	6	N	2500	0	40	231	1328	88	37	32	0	0	0	0	0	0	0	0	0	0	0	0	10609457	
699	1	B	6	N	2500	0	40	328	1024	53	25	20	0	0	0	0	0	0	0	0	0	0	0	0	10609723	
700	1	B	6	N	2500	0	40	320	970	54	23	15	0	0	0	0	0	0	0	0	0	0	0	0	10610035	
701	1	B	6	N	2500	0	40	181	926	56	25	17	0	0	0	0	0	0	0	0	0	0	0	0	10610393	
702	1	B	6	N	2500	0	40	318	905	35	19	13	0	0	0	0	0	0	0	0	0	0	0	0	10610440	
703	1	B	6	N	2500	0	40	334	1084	56	28	22	0	0	0	0	0	0	0	0	0	0	0	0	10610581	
704	1	B	6	N	2500	0	40	407	1111	50	26	18	0	0	0	0	0	0	0	0	0	0	0	0	10610690	
705	1	B	6	N	2500	0	40	402	1352	71	31	19	0	0	0	0	0	0	0	0	0	0	0	0	10610939	
706	1	B	6	N	2500	0	40	25	44	5	5	4	0	0	0	0	0	0	0	0	0	0	0	0	10611049	
707	1	B	6	N	2500	0	40	487	1177	80	28	21	0	0	0	0	0	0	0	0	0	0	0	0	10611173	
708	1	B	6	N	2500	0	40	287	1102	68	30	25	0	0	0	0	0	0	0	0	0	0	0	0	10611329	
709	1	B	6	N	2500	0	40	35	61	2	1	1	0	0	0	0	0	0	0	0	0	0	0	0	10611407	
710	1	B	6	N	2500	0	40	318	926	44	23	19	0	0	0	0	0	0	0	0	0	0	0	0	10611407	
711	1	B	6	N	2500	0	40	247	812	42	22	17	0	0	0	0	0	0	0	0	0	0	0	0	10611423	
712	1	B	6	N	2500	0	40	282	899	62	24	19	0	0	0	0	0	0	0	0	0	0	0	0	10612031	
713	1	C	6	N	2500	0	40	52	49	5	5	7	0	0	0	0	0	0	0	0	0	0	0	0	10619878	
714	1	C	6	N	2500	0	40	324	823	31	18	15	0	0	0	0	0	0	0	0	0	0	0	0	10620362	
715	1	C	6	N	2500	0	40	413	1209	77	26	23	0	0	0	0	0	0	0	0	0	0	0	0	10620611	
716	1	C	6	N	2500	0	40	198	765	31	17	14	0	0	0	0	0	0	0	0	0	0	0	0	10620721	
717	1	C	6	N	2500	0	40	21	21	0	0	0	0	0	0	0	0	0	0	0	0	0	0	0	10620721	
718	1	C	6	N	2500	0	40	343	1206	69	31	21	0	0	0	0	0	0	0	0	0	0	0	0	10621625	
719	1	C	6	N	2500	0	40	264	967	62	28	22	0	0	0	0	0	0	0	0	0	0	0	0	10621750	
720	1	C	6	N	2500	0	40	385	1165	59	27	20	0	0	0	0	0	0	0	0	0	0	0	0	10621859	
721	1	C	6	N	2500	0	40	31	47	4	4	2	0	0	0	0	0	0	0	0	0	0	0	0	10622015	
722	1	C	6	N	2500	0	40	55	107	8	9	13	0	0	0	0	0	0	0	0	0	0	0	0	10622203	
723	1	C	6	N	2500	0	40	363	1109	51	26	19	0	0	0	0	0	0	0	0	0	0	0	0	10622483	
724	1	C	6	N	2500	0	40	48	48	3	4	3	0	0	0	0	0	0	0	0	0	0	0	0	10622749	
725	1	C	6	N	2500	0	40	242	1133	58	29	22	0	0	0	0	0	0	0	0	0	0	0	0	10622795	
726	1	C	6	N	2500	0	40	39	39	2	2	3	0	0	0	0	0	0	0	0	0	0	0	0	10622811	
727	1	C	6	N	2500	0	40	55	72	5	5	6	0	0	0	0	0	0	0	0	0	0	0	0	10623170	
728	1	C	6	N	2500	0	40	169	563	247	313	371	0	0	0	0	0	0	0	0	0	0	0	0	10623295	
729	1	C	6	N	2500	0	40	314	990	46	24	21	0	0	0	0	0	0	0	0	0	0	0	0	10623669	
730	1	C	6	N	2500	0	40	229	1054	59	27	21	0	0	0	0	0	0	0	0	0	0	0	0	10623747	
731	1	C	6	N	2500	0	40	173	409	20	13	11	0	0	0	0	0	0	0	0	0	0	0	0	10623763	
732	1	C	6	N	2500	0	40	160	895	53	24	19	0	0	0	0	0	0	0	0	0	0	0	0	10623809	
733	1	C	6	N	2500	0	40	49	83	1	1	1	0	0	0	0	0	0	0	0	0	0	0	0	10623903	
734	1	C	6	N	2500	0	40	66	87	5	5	5	0	0	0	0	0	0	0	0	0	0	0	0	10624106	
735	1	C	6	N	2500	0	40	295	760	30	15	11	0	0	0	0	0	0	0	0	0	0	0	0	10624121	
736	1	C	6	N	2500	0	40	46	51	2	2	3	0	0	0	0	0	0	0	0	0	0	0	0	10624137	
737	1	C	6	N	2500	0	40	224	967	65	25	21	0	0	0	0	0	0	0	0	0	0	0	0	10624168	
738	1	C	6	N	2500	0	40	565	940	28	8	10	0	0	0	0	0	0	0	0	0	0	0	0	10624215	
739	1	C	6	N	2500	0	40	28	24	1	1	1	0	0	0	0	0	0	0	0	0	0	0	0	10624480	
740	1	C	6	N	2500	0	40	182	989	69	30	22	0	0	0	0	0	0	0	0	0	0	0	0	10624496	
741	1	C	6	N	2500	0	40	453	1456	67	30	25	0	0	0	0	0	0	0	0	0	0	0	0	10624558	
742	1	C	6	N	2500	0	40	331	1032	54	24	16	0	0	0	0	0	0	0	0	0	0	0	0	10624964	
743	1	C	6	N	2500	0	40	51	90	4	0	0	0	0	0	0	0	0	0	0	0	0	0	0	10624995	
744	1	C	6	N	2500	0	40	272	897	45	21	16	0	0	0	0	0	0	0	0	0	0	0	0	10625276	
745	1	C	6	N	2500	0	40	364	1041	42	20	15	0	0	0	0	0	0	0	0	0	0	0	0	10625525	
746	1	C	6	N	2500	0	40	218	882	43	20	14	0	0	0	0	0	0	0	0	0	0	0	0	10625635	
747	1	C	6	N	2500	0	40	327	774	27	13	11	0	0	0	0	0	0	0	0	0	0	0	0	10625806	
748	1	C	6	N	2500	0	40	44	57	2	1	1	0	0	0	0	0	0	0	0	0	0	0	0	10625853	
749	1	C	6	N	2500	0	40	344	1187	65	28	21	0	0	0	0	0	0	0	0	0	0	0	0	10625869	
750	1	C	6	N	2500	0	40	327	1080	62	31	22	0	0	0	0	0	0	0	0	0	0	0	0	10625915	
751	1	C	6	N	2500	0	40	334	879	36	20	16	0	0	0	0	0	0	0	0	0	0	0	0	10626040	
752	1	C	6	N	2500	0	40	371	1130	58	24	21	0	0	0	0	0	0	0	0	0	0	0	0	10626056	
753	1	C	6	N	2500	0	40	23	39	2	2	3	0	0	0	0	0	0	0	0	0	0	0	0	10626212	
754	1	C	6	N	2500	0	40	37	50	3	4	4	0	0	0	0	0	0	0	0	0	0	0	0	10626477	
755	1	C	6	N	2500	0	40	29	38	2	1	2	0	0	0	0	0	0	0	0	0	0	0	0	10626477	
756	1	C	6	N	2500	0	40	292	1429	82	35	28	0	0	0	0	0	0	0	0	0	0	0	0	10626555	
757	1	C	6	N	2500	0	40	376	888	44	17	16	0	0	0	0	0	0	0	0	0	0	0	0	10626586	
758	1	C	6	N	2500	0	40	263	1051	58	27	23	0	0	0	0	0	0	0	0	0	0	0	0	10626851	
759	1	D	6	N	2500	0	40	41	41	2	3	3	0	0	0	0	0	0	0	0	0	0	0	0	10634870	
760	1	D	6	N	2500	0	40	178	1121	75	33	23	0	0	0	0	0	0	0	0	0	0	0	0	10634979	
761	1	D	6	N	2500	0	40	28	37	2	2	3	0	0	0	0	0	0	0	0	0	0	0	0	10635369	
762	1	D	6	N	2500	0	40	36	70	2	1	1	0	0	0	0	0	0	0	0	0	0	0	0	10635587	
763	1	D	6	N	2500	0	40	343	882	36	18	16	0	0	0	0	0	0	0	0	0	0	0	0	10635806	
764	1	D	6	N	2500	0	40	334	1125	57	26	19	0	0	0	0	0	0	0	0	0	0	0	0	10635806	
765	1	D	6	N	2500	0	40	25	49	2	2	1	0	0	0	0	0	0	0	0	0	0	0	0	10635821	
766	1	D	6	N	2500	0	40	354	1162	65	29	22	0	0	0	0	0	0	0	0	0	0	0	0	10636118	
767	1	D	6	N	2500	0	40	344	980	44	21	17	0	0	0	0	0	0	0	0	0	0	0	0	10636305	
768	1	D	6	N	2500	0	40	260	1041	57	24	21	0	0	0	0	0	0	0	0	0	0	0	0	10636477	
769	1	D	6	N	2500	0	40	22	34	1	0	0	0	0	0	0	0	0	0	0	0	0	0	0	10636508	
770	1	D	6	N	2500	0	40	39	41	2	2	1	0	0	0	0	0	0	0	0	0	0	0	0	10636601	
771	1	D	6	N	2500	0	40	441	1187	62	30	22	0	0	0	0	0	0	0	0	0	0	0	0	10636633	
772	1	D	6	N	2500	0	40	24	41	1	1	1	0	0	0	0	0	0	0	0	0	0	0	0	10636757	
773	1	D	6	N	2500	0	40	362	979	47	21	17	0	0	0	0	0	0	0	0	0	0	0	0	10637179	
774	1	D	6	N	2500	0	40	289	1236	81	32	22	0	0	0	0	0	0	0	0	0	0	0	0	10637444	
775	1	D	6	N	2500	0	40	279	1116	60	28	22	0	0	0	0	0	0	0	0	0	0	0	0	10637491	
776	1	D	6	N	2500	0	40	230	827	60	26	19	0	0	0	0	0	0	0	0	0	0	0	0	10637537	
777	1	D	6	N	2500	0	40	23	58	3	3	2	0	0	0	0	0	0	0	0	0	0	0	0	10637678	
778	1	D	6	N	2500	0	40	382	1285	67	34	23	0	0	0	0	0	0	0	0	0	0	0	0	10637678	
779	1	D	6	N	2500	0	40	26	45	1	0	0	0	0	0	0	0	0	0	0	0	0	0	0	10637693	
780	1	D	6	N	2500	0	40	308	864	34	18	16	0	0	0	0	0	0	0	0	0	0	0	0	10637740	
781	1	D	6	N	2500	0	40	411	1129	61	30	24	0	0	0	0	0	0	0	0	0	0	0	0	10637771	
782	1	D	6	N	2500	0	40	434	1450	72	36	27	0	0	0	0	0	0	0	0	0	0	0	0	10637990	
783	1	D	6	N	2500	0	40	231	771	51	28	18	0	0	0	0	0	0	0	0	0	0	0	0	10638130	
784	1	D	6	N	2500	0	40	294	989	57	25	17	0	0	0	0	0	0	0	0	0	0	0	0	10638161	
785	1	D	6	N	2500	0	40	250	803	35	19	15	0	0	0	0	0	0	0	0	0	0	0	0	10638161	
786	1	D	6	N	2500	0	40	37	42	2	1	2	0	0	0	0	0	0	0	0	0	0	0	0	10638255	
787	1	D	6	N	2500	0	40	340	1447	89	42	32	0	0	0	0	0	0	0	0	0	0	0	0	10638255	
788	1	D	6	N	2500	0	40	338	1219	80	35	27	0	0	0	0	0	0	0	0	0	0	0	0	10638692	
789	1	D	6	N	2500	0	40	274	1141	62	27	20	0	0	0	0	0	0	0	0	0	0	0	0	10638770	
790	1	D	6	N	2500	0	40	34	60	1	1	1	0	0	0	0	0	0	0	0	0	0	0	0	10638770	
791	1	D	6	N	2500	0	40	339	904	37	18	15	0	0	0	0	0	0	0	0	0	0	0	0	10638941	
792	1	D	6	N	2500	0	40	450	1361	96	35	26	0	0	0	0	0	0	0	0	0	0	0	0	10638988	
793	1	D	6	N	2500	0	40	446	1459	80	41	30	0	0	0	0	0	0	0	0	0	0	0	0	10639097	
794	1	D	6	N	2500	0	40	315	1154	69	33	24	0	0	0	0	0	0	0	0	0	0	0	0	10639191	
795	1	D	6	N	2500	0	40	220	1124	74	36	27	0	0	0	0	0	0	0	0	0	0	0	0	10639316	
796	1	D	6	N	2500	0	40	24	23	1	1	1	0	0	0	0	0	0	0	0	0	0	0	0	10639331	
797	1	D	6	N	2500	0	40	329	1101	64	25	20	0	0	0	0	0	0	0	0	0	0	0	0	10639378	
798	1	D	6	N	2500	0	40	170	991	69	28	21	0	0	0	0	0	0	0	0	0	0	0	0	10639378	
799	1	D	6	N	2500	0	40	24	24	1	2	3	0	0	0	0	0	0	0	0	0	0	0	0	10639503	
800	1	D	6	N	2500	0	40	285	1195	54	27	21	0	0	0	0	0	0	0	0	0	0	0	0	10639971	
801	1	D	6	N	2500	0	40	325	756	37	16	11	0	0	0	0	0	0	0	0	0	0	0	0	10640002	
802	1	D	6	N	2500	0	40	35	44	3	3	4	0	0	0	0	0	0	0	0	0	0	0	0	10640080	
803	1	D	6	N	2500	0	40	249	933	43	23	15	0	0	0	0	0	0	0	0	0	0	0	0	10640158	
804	1	D	6	N	2500	0	40	330	1218	79	31	21	0	0	0	0	0	0	0	0	0	0	0	0	10640267	
805	1	D	6	N	2500	0	40	375	1226	67	30	25	0	0	0	0	0	0	0	0	0	0	0	0	10640642	
806	1	E	6	N	2500	0	40	36	47	1	1	0	0	0	0	0	0	0	0	0	0	0	0	0	10648754	
807	1	E	6	N	2500	0	40	239	959	63	26	20	0	0	0	0	0	0	0	0	0	0	0	0	10648801	
808	1	E	6	N	2500	0	40	177	691	28	13	11	0	0	0	0	0	0	0	0	0	0	0	0	10649050	
809	1	E	6	N	2500	0	40	224	1110	72	30	22	0	0	0	0	0	0	0	0	0	0	0	0	10649269	
810	1	E	6	N	2500	0	40	133	531	18	13	11	0	0	0	0	0	0	0	0	0	0	0	0	10649471	
811	1	E	6	N	2500	0	40	298	648	22	11	11	0	0	0	0	0	0	0	0	0	0	0	0	10649846	
812	1	E	6	N	2500	0	40	70	104	6	5	7	0	0	0	0	0	0	0	0	0	0	0	0	10650002	
813	1	E	6	N	2500	0	40	175	876	42	22	14	0	0	0	0	0	0	0	0	0	0	0	0	10650127	
814	1	E	6	N	2500	0	40	372	1109	61	31	25	0	0	0	0	0	0	0	0	0	0	0	0	10650158	
815	1	E	6	N	2500	0	40	23	43	0	0	1	0	0	0	0	0	0	0	0	0	0	0	0	10650251	
816	1	E	6	N	2500	0	40	380	1293	67	34	26	0	0	0	0	0	0	0	0	0	0	0	0	10650423	
817	1	E	6	N	2500	0	40	254	931	45	21	16	0	0	0	0	0	0	0	0	0	0	0	0	10651453	
818	1	E	6	N	2500	0	40	172	759	48	21	16	0	0	0	0	0	0	0	0	0	0	0	0	10651531	
819	1	E	6	N	2500	0	40	391	1265	67	30	22	0	0	0	0	0	0	0	0	0	0	0	0	10651640	
820	1	E	6	N	2500	0	40	361	994	45	21	15	0	0	0	0	0	0	0	0	0	0	0	0	10651796	
821	1	E	6	N	2500	0	40	93	108	4	3	3	0	0	0	0	0	0	0	0	0	0	0	0	10651921	
822	1	E	6	N	2500	0	40	46	58	3	2	3	0	0	0	0	0	0	0	0	0	0	0	0	10652217	
823	1	E	6	N	2500	0	40	47	46	2	2	3	0	0	0	0	0	0	0	0	0	0	0	0	10652825	
824	1	E	6	N	2500	0	40	244	913	36	19	15	0	0	0	0	0	0	0	0	0	0	0	0	10652857	
825	1	E	6	N	2500	0	40	519	1232	64	30	18	0	0	0	0	0	0	0	0	0	0	0	0	10652888	
826	1	E	6	N	2500	0	40	313	842	38	20	16	0	0	0	0	0	0	0	0	0	0	0	0	10653075	
827	1	E	6	N	2500	0	40	252	895	45	22	15	0	0	0	0	0	0	0	0	0	0	0	0	10653340	
828	1	E	6	N	2500	0	40	199	773	57	24	16	0	0	0	0	0	0	0	0	0	0	0	0	10653449	
829	1	E	6	N	2500	0	40	275	917	57	26	18	0	0	0	0	0	0	0	0	0	0	0	0	10653683	
830	1	E	6	N	2500	0	40	203	964	50	23	15	0	0	0	0	0	0	0	0	0	0	0	0	10653886	
831	1	E	6	N	2500	0	40	35	33	1	1	1	0	0	0	0	0	0	0	0	0	0	0	0	10653917	
832	1	E	6	N	2500	0	40	245	1185	70	32	22	0	0	0	0	0	0	0	0	0	0	0	0	10654136	
833	1	E	6	N	2500	0	40	212	1028	70	29	24	0	0	0	0	0	0	0	0	0	0	0	0	10654276	
834	1	E	6	N	2500	0	40	36	52	1	1	1	0	0	0	0	0	0	0	0	0	0	0	0	10654370	
835	1	E	6	N	2500	0	40	276	1165	67	31	23	0	0	0	0	0	0	0	0	0	0	0	0	10654588	
836	1	E	6	N	2500	0	40	394	1128	60	27	23	0	0	0	0	0	0	0	0	0	0	0	0	10654697	
837	1	E	6	N	2500	0	40	223	1135	65	26	19	0	0	0	0	0	0	0	0	0	0	0	0	10654822	
838	1	E	6	N	2500	0	40	254	1084	55	29	23	0	0	0	0	0	0	0	0	0	0	0	0	10655041	
839	1	E	6	N	2500	0	40	412	1354	65	31	24	0	0	0	0	0	0	0	0	0	0	0	0	10655275	
840	1	E	6	N	2500	0	40	217	910	42	20	16	0	0	0	0	0	0	0	0	0	0	0	0	10655368	
841	1	E	6	N	2500	0	40	337	865	40	17	14	0	0	0	0	0	0	0	0	0	0	0	0	10655446	
842	1	E	6	N	2500	0	40	367	1274	76	33	25	0	0	0	0	0	0	0	0	0	0	0	0	10655509	
843	1	E	6	N	2500	0	40	21	20	0	0	1	0	0	0	0	0	0	0	0	0	0	0	0	10655805	
844	1	E	6	N	2500	0	40	57	62	4	5	5	0	0	0	0	0	0	0	0	0	0	0	0	10655805	
845	1	E	6	N	2500	0	40	40	37	3	2	3	0	0	0	0	0	0	0	0	0	0	0	0	10656117	
846	1	E	6	N	2500	0	40	36	51	7	7	8	0	0	0	0	0	0	0	0	0	0	0	0	10656335	
847	1	F	6	N	2500	0	40	335	867	38	18	16	0	0	0	0	0	0	0	0	0	0	0	0	10663511	
848	1	F	6	N	2500	0	40	321	893	38	19	11	0	0	0	0	0	0	0	0	0	0	0	0	10663979	
849	1	F	6	N	2500	0	40	22	27	1	1	1	0	0	0	0	0	0	0	0	0	0	0	0	10664681	
850	1	F	6	N	2500	0	40	486	1406	69	27	20	0	0	0	0	0	0	0	0	0	0	0	0	10665165	
851	1	F	6	N	2500	0	40	328	911	53	23	20	0	0	0	0	0	0	0	0	0	0	0	0	10665321	
852	1	F	6	N	2500	0	40	39	55	6	4	7	0	0	0	0	0	0	0	0	0	0	0	0	10665711	
853	1	F	6	N	2500	0	40	374	1103	55	24	16	0	0	0	0	0	0	0	0	0	0	0	0	10666101	
854	1	F	6	N	2500	0	40	25	38	2	1	1	0	0	0	0	0	0	0	0	0	0	0	0	10666772	
855	1	F	6	N	2500	0	40	26	52	2	1	1	0	0	0	0	0	0	0	0	0	0	0	0	10666850	
856	1	F	6	N	2500	0	40	32	28	1	1	2	0	0	0	0	0	0	0	0	0	0	0	0	10667037	
857	1	F	6	N	2500	0	40	26	27	0	0	0	0	0	0	0	0	0	0	0	0	0	0	0	10667099	
858	1	F	6	N	2500	0	40	216	742	37	18	14	0	0	0	0	0	0	0	0	0	0	0	0	10667146	
859	1	F	6	N	2500	0	40	178	815	32	17	14	0	0	0	0	0	0	0	0	0	0	0	0	10667146	
860	1	F	6	N	2500	0	40	56	92	4	4	5	0	0	0	0	0	0	0	0	0	0	0	0	10667193	
861	1	F	6	N	2500	0	40	217	983	50	24	18	0	0	0	0	0	0	0	0	0	0	0	0	10667365	
862	1	F	6	N	2500	0	40	522	1316	78	28	18	0	0	0	0	0	0	0	0	0	0	0	0	10667380	
863	1	F	6	N	2500	0	40	225	892	52	28	19	0	0	0	0	0	0	0	0	0	0	0	0	10667380	
864	1	F	6	N	2500	0	40	38	72	2	1	2	0	0	0	0	0	0	0	0	0	0	0	0	10667411	
865	1	F	6	N	2500	0	40	426	1136	48	23	21	0	0	0	0	0	0	0	0	0	0	0	0	10667957	
866	1	F	6	N	2500	0	40	367	1030	46	23	21	0	0	0	0	0	0	0	0	0	0	0	0	10668051	
867	1	F	6	N	2500	0	40	29	26	1	1	2	0	0	0	0	0	0	0	0	0	0	0	0	10668113	
868	1	F	6	N	2500	0	40	139	843	64	29	22	0	0	0	0	0	0	0	0	0	0	0	0	10668176	
869	1	F	6	N	2500	0	40	328	726	23	17	12	0	0	0	0	0	0	0	0	0	0	0	0	10668301	
870	1	F	6	N	2500	0	40	169	692	35	17	12	0	0	0	0	0	0	0	0	0	0	0	0	10668472	
871	1	F	6	N	2500	0	40	232	888	58	25	18	0	0	0	0	0	0	0	0	0	0	0	0	10668644	
872	1	F	6	N	2500	0	40	268	1048	51	25	16	0	0	0	0	0	0	0	0	0	0	0	0	10668722	
873	1	F	6	N	2500	0	40	29	36	0	0	0	0	0	0	0	0	0	0	0	0	0	0	0	10669673	
874	1	F	6	N	2500	0	40	31	34	2	2	2	0	0	0	0	0	0	0	0	0	0	0	0	10669876	
875	1	F	6	N	2500	0	40	363	950	39	19	19	0	0	0	0	0	0	0	0	0	0	0	0	10669939	
876	1	F	6	N	2500	0	40	156	714	30	16	10	0	0	0	0	0	0	0	0	0	0	0	0	10670266	
877	1	F	6	N	2500	0	40	22	26	0	0	0	0	0	0	0	0	0	0	0	0	0	0	0	10670968	
878	1	F	6	N	2500	0	40	52	70	5	4	4	0	0	0	0	0	0	0	0	0	0	0	0	10670984	
879	1	G	6	N	2500	0	40	239	833	40	20	14	0	0	0	0	0	0	0	0	0	0	0	0	10678253	
880	1	G	6	N	2500	0	40	29	36	1	0	0	0	0	0	0	0	0	0	0	0	0	0	0	10678456	
881	1	G	6	N	2500	0	40	35	61	1	1	1	0	0	0	0	0	0	0	0	0	0	0	0	10678456	
882	1	G	6	N	2500	0	40	23	20	1	1	2	0	0	0	0	0	0	0	0	0	0	0	0	10678909	
883	1	G	6	N	2500	0	40	32	43	2	0	0	0	0	0	0	0	0	0	0	0	0	0	0	10679361	
884	1	G	6	N	2500	0	40	245	675	36	16	11	0	0	0	0	0	0	0	0	0	0	0	0	10679408	
885	1	G	6	N	2500	0	40	24	28	1	0	1	0	0	0	0	0	0	0	0	0	0	0	0	10679470	
886	1	G	6	N	2500	0	40	146	819	54	25	17	0	0	0	0	0	0	0	0	0	0	0	0	10679548	
887	1	G	6	N	2500	0	40	302	909	37	21	17	0	0	0	0	0	0	0	0	0	0	0	0	10679642	
888	1	G	6	N	2500	0	40	340	982	51	25	22	0	0	0	0	0	0	0	0	0	0	0	0	10679735	
889	1	G	6	N	2500	0	40	22	21	1	1	1	0	0	0	0	0	0	0	0	0	0	0	0	10679798	
890	1	G	6	N	2500	0	40	23	32	1	0	1	0	0	0	0	0	0	0	0	0	0	0	0	10679829	
891	1	G	6	N	2500	0	40	240	737	44	20	14	0	0	0	0	0	0	0	0	0	0	0	0	10680203	
892	1	G	6	N	2500	0	40	328	994	48	26	21	0	0	0	0	0	0	0	0	0	0	0	0	10680562	
893	1	G	6	N	2500	0	40	286	657	23	10	9	0	0	0	0	0	0	0	0	0	0	0	0	10680578	
894	1	G	6	N	2500	0	40	82	84	5	4	6	0	0	0	0	0	0	0	0	0	0	0	0	10680656	
895	1	G	6	N	2500	0	40	20	26	1	0	1	0	0	0	0	0	0	0	0	0	0	0	0	10680827	
896	1	G	6	N	2500	0	40	20	34	6	1	1	0	0	0	0	0	0	0	0	0	0	0	0	10680874	
897	1	G	6	N	2500	0	40	48	143	31	10	11	0	0	0	0	0	0	0	0	0	0	0	0	10681061	
898	1	G	6	N	2500	0	40	300	811	32	16	11	0	0	0	0	0	0	0	0	0	0	0	0	10681077	
899	1	G	6	N	2500	0	40	315	890	50	25	18	0	0	0	0	0	0	0	0	0	0	0	0	10681124	
900	1	G	6	N	2500	0	40	24	39	5	1	2	0	0	0	0	0	0	0	0	0	0	0	0	10681217	
901	1	G	6	N	2500	0	40	231	861	44	21	15	0	0	0	0	0	0	0	0	0	0	0	0	10681233	
902	1	G	6	N	2500	0	40	22	27	2	0	0	0	0	0	0	0	0	0	0	0	0	0	0	10681358	
903	1	G	6	N	2500	0	40	198	971	49	25	17	0	0	0	0	0	0	0	0	0	0	0	0	10681405	
904	1	G	6	N	2500	0	40	194	813	40	20	17	0	0	0	0	0	0	0	0	0	0	0	0	10681451	
905	1	G	6	N	2500	0	40	261	687	28	15	12	0	0	0	0	0	0	0	0	0	0	0	0	10681545	
906	1	G	6	N	2500	0	40	309	796	35	16	15	0	0	0	0	0	0	0	0	0	0	0	0	10681639	
907	1	G	6	N	2500	0	40	214	1044	58	26	19	0	0	0	0	0	0	0	0	0	0	0	0	10681670	
908	1	G	6	N	2500	0	40	337	1050	49	27	18	0	0	0	0	0	0	0	0	0	0	0	0	10681857	
909	1	G	6	N	2500	0	40	299	689	27	14	9	0	0	0	0	0	0	0	0	0	0	0	0	10682153	
910	1	G	6	N	2500	0	40	296	655	21	12	11	0	0	0	0	0	0	0	0	0	0	0	0	10682247	
911	1	G	6	N	2500	0	40	30	56	5	2	3	0	0	0	0	0	0	0	0	0	0	0	0	10682263	
912	1	G	6	N	2500	0	40	59	67	3	4	4	0	0	0	0	0	0	0	0	0	0	0	0	10682278	
913	1	G	6	N	2500	0	40	58	219	38	12	16	0	0	0	0	0	0	0	0	0	0	0	0	10682543	
914	1	G	6	N	2500	0	40	264	975	58	26	19	0	0	0	0	0	0	0	0	0	0	0	0	10682699	
915	1	G	6	N	2500	0	40	26	41	5	2	2	0	0	0	0	0	0	0	0	0	0	0	0	10682824	
916	1	G	6	N	2500	0	40	36	70	6	2	3	0	0	0	0	0	0	0	0	0	0	0	0	10682824	
917	1	G	6	N	2500	0	40	291	897	43	21	14	0	0	0	0	0	0	0	0	0	0	0	0	10682840	
918	1	G	6	N	2500	0	40	277	587	16	10	9	0	0	0	0	0	0	0	0	0	0	0	0	10683027	
919	1	G	6	N	2500	0	40	35	36	1	1	1	0	0	0	0	0	0	0	0	0	0	0	0	10683339	
920	1	G	6	N	2500	0	40	231	1113	63	26	21	0	0	0	0	0	0	0	0	0	0	0	0	10683401	
921	1	G	6	N	2500	0	40	52	151	30	9	10	0	0	0	0	0	0	0	0	0	0	0	0	10683557	
922	1	G	6	N	2500	0	40	41	37	1	1	2	0	0	0	0	0	0	0	0	0	0	0	0	10683667	
923	1	G	6	N	2500	0	40	25	48	5	1	2	0	0	0	0	0	0	0	0	0	0	0	0	10683713	
924	1	G	6	N	2500	0	40	193	940	44	23	16	0	0	0	0	0	0	0	0	0	0	0	0	10683760	
925	1	G	6	N	2500	0	40	355	784	26	16	11	0	0	0	0	0	0	0	0	0	0	0	0	10683885	
926	1	G	6	N	2500	0	40	262	603	22	12	10	0	0	0	0	0	0	0	0	0	0	0	0	10683994	
927	1	G	6	N	2500	0	40	283	856	39	20	12	0	0	0	0	0	0	0	0	0	0	0	0	10684010	
928	1	G	6	N	2500	0	40	40	69	15	4	7	0	0	0	0	0	0	0	0	0	0	0	0	10684025	
929	1	G	6	N	2500	0	40	190	817	45	23	15	0	0	0	0	0	0	0	0	0	0	0	0	10684041	
930	1	G	6	N	2500	0	40	21	19	1	0	0	0	0	0	0	0	0	0	0	0	0	0	0	10684197	
931	1	G	6	N	2500	0	40	362	1045	58	25	16	0	0	0	0	0	0	0	0	0	0	0	0	10684384	
932	1	G	6	N	2500	0	40	35	65	8	2	2	0	0	0	0	0	0	0	0	0	0	0	0	10684774	
933	1	G	6	N	2500	0	40	60	59	2	1	2	0	0	0	0	0	0	0	0	0	0	0	0	10684774	
934	1	G	6	N	2500	0	40	55	190	42	14	16	0	0	0	0	0	0	0	0	0	0	0	0	10684946	
935	1	G	6	N	2500	0	40	47	59	3	3	4	0	0	0	0	0	0	0	0	0	0	0	0	10685055	
936	1	G	6	N	2500	0	40	25	24	2	1	1	0	0	0	0	0	0	0	0	0	0	0	0	10685180	
937	1	G	6	N	2500	0	40	58	150	26	8	10	0	0	0	0	0	0	0	0	0	0	0	0	10685476	
938	1	A	7	N	2500	0	40	207	862	70	32	24	0	0	0	0	0	0	0	0	0	0	0	0	10708486	
939	1	A	7	N	2500	0	40	51	126	10	8	10	0	0	0	0	0	0	0	0	0	0	0	0	10708845	
940	1	A	7	N	2500	0	40	46	75	4	3	4	0	0	0	0	0	0	0	0	0	0	0	0	10711700	
941	1	A	7	N	2500	0	40	20	16	0	0	0	0	0	0	0	0	0	0	0	0	0	0	0	10712948	
942	1	A	7	N	2500	0	40	20	24	0	0	0	0	0	0	0	0	0	0	0	0	0	0	0	10713650	
943	1	A	7	N	2500	0	40	336	1427	89	42	30	0	0	0	0	0	0	0	0	0	0	0	0	10713978	
944	1	A	7	N	2500	0	40	36	64	3	3	3	0	0	0	0	0	0	0	0	0	0	0	0	10715428	
945	1	B	7	N	2500	0	40	29	45	8	9	22	0	0	0	0	0	0	0	0	0	0	0	0	10724757	
946	1	B	7	N	2500	0	40	239	1121	64	27	23	0	0	0	0	0	0	0	0	0	0	0	0	10726239	
947	1	B	7	N	2500	0	40	286	1205	68	30	24	0	0	0	0	0	0	0	0	0	0	0	0	10727284	
948	1	B	7	N	2500	0	40	255	676	25	13	10	0	0	0	0	0	0	0	0	0	0	0	0	10728860	
949	1	B	7	N	2500	0	40	24	23	1	1	1	0	0	0	0	0	0	0	0	0	0	0	0	10730623	
950	1	C	7	N	2500	0	40	238	1126	62	29	23	0	0	0	0	0	0	0	0	0	0	0	0	10738017	
951	1	C	7	N	2500	0	40	20	32	2	0	0	0	0	0	0	0	0	0	0	0	0	0	0	10738173	
952	1	C	7	N	2500	0	40	23	32	1	1	2	0	0	0	0	0	0	0	0	0	0	0	0	10739671	
953	1	C	7	N	2500	0	40	246	761	28	17	12	0	0	0	0	0	0	0	0	0	0	0	0	10739998	
954	1	C	7	N	2500	0	40	480	1363	52	30	20	0	0	0	0	0	0	0	0	0	0	0	0	10740685	
955	1	C	7	N	2500	0	40	333	809	30	16	11	0	0	0	0	0	0	0	0	0	0	0	0	10740700	
956	1	C	7	N	2500	0	40	207	1067	64	28	22	0	0	0	0	0	0	0	0	0	0	0	0	10741137	
957	1	C	7	N	2500	0	40	20	18	0	0	0	0	0	0	0	0	0	0	0	0	0	0	0	10741683	
958	1	C	7	N	2500	0	40	34	73	3	3	4	0	0	0	0	0	0	0	0	0	0	0	0	10741886	
959	1	C	7	N	2500	0	40	218	1026	46	23	17	0	0	0	0	0	0	0	0	0	0	0	0	10741902	
960	1	C	7	N	2500	0	40	21	25	1	0	0	0	0	0	0	0	0	0	0	0	0	0	0	10742307	
961	1	C	7	N	2500	0	40	224	1166	57	26	22	0	0	0	0	0	0	0	0	0	0	0	0	10742323	
962	1	C	7	N	2500	0	40	204	1260	92	36	26	0	0	0	0	0	0	0	0	0	0	0	0	10744990	
963	1	D	7	N	2500	0	40	314	872	39	18	15	0	0	0	0	0	0	0	0	0	0	0	0	10753227	
964	1	D	7	N	2500	0	40	363	1169	63	30	22	0	0	0	0	0	0	0	0	0	0	0	0	10754413	
965	1	D	7	N	2500	0	40	377	1018	46	22	19	0	0	0	0	0	0	0	0	0	0	0	0	10755006	
966	1	D	7	N	2500	0	40	249	958	54	24	17	0	0	0	0	0	0	0	0	0	0	0	0	10755614	
967	1	D	7	N	2500	0	40	317	1374	92	37	27	0	0	0	0	0	0	0	0	0	0	0	0	10755957	
968	1	D	7	N	2500	0	40	377	1240	76	29	26	0	0	0	0	0	0	0	0	0	0	0	0	10756051	
969	1	D	7	N	2500	0	40	200	818	35	28	30	0	0	0	0	0	0	0	0	0	0	0	0	10756675	
970	1	D	7	N	2500	0	40	48	133	46	37	46	0	0	0	0	0	0	0	0	0	0	0	0	10757392	
971	1	D	7	N	2500	0	40	321	1030	48	23	17	0	0	0	0	0	0	0	0	0	0	0	0	10759046	
972	1	D	7	N	2500	0	40	23	27	0	1	1	0	0	0	0	0	0	0	0	0	0	0	0	10759124	
973	1	D	7	N	2500	0	40	276	1319	83	39	28	0	0	0	0	0	0	0	0	0	0	0	0	10759327	
974	1	E	7	N	2500	0	40	21	17	0	0	0	0	0	0	0	0	0	0	0	0	0	0	0	10767220	
975	1	E	7	N	2500	0	40	309	878	47	23	19	0	0	0	0	0	0	0	0	0	0	0	0	10768827	
976	1	E	7	N	2500	0	40	274	911	35	19	17	0	0	0	0	0	0	0	0	0	0	0	0	10769046	
977	1	E	7	N	2500	0	40	28	33	1	1	2	0	0	0	0	0	0	0	0	0	0	0	0	10769810	
978	1	E	7	N	2500	0	40	137	499	22	11	11	0	0	0	0	0	0	0	0	0	0	0	0	10770106	
979	1	E	7	N	2500	0	40	254	652	25	14	14	0	0	0	0	0	0	0	0	0	0	0	0	10770247	
980	1	E	7	N	2500	0	40	70	87	2	2	3	0	0	0	0	0	0	0	0	0	0	0	0	10770387	
981	1	E	7	N	2500	0	40	106	104	7	2	2	0	0	0	0	0	0	0	0	0	0	0	0	10770387	
982	1	E	7	N	2500	0	40	272	1001	60	28	22	0	0	0	0	0	0	0	0	0	0	0	0	10771152	
983	1	E	7	N	2500	0	40	180	931	61	30	24	0	0	0	0	0	0	0	0	0	0	0	0	10771432	
984	1	E	7	N	2500	0	40	26	45	1	0	0	0	0	0	0	0	0	0	0	0	0	0	0	10772524	
985	1	F	7	N	2500	0	40	272	1114	54	25	21	0	0	0	0	0	0	0	0	0	0	0	0	10782462	
986	1	F	7	N	2500	0	40	305	728	29	14	11	0	0	0	0	0	0	0	0	0	0	0	0	10783320	
987	1	F	7	N	2500	0	40	321	817	38	17	15	0	0	0	0	0	0	0	0	0	0	0	0	10783398	
988	1	F	7	N	2500	0	40	270	826	42	19	14	0	0	0	0	0	0	0	0	0	0	0	0	10787766	
989	1	F	7	N	2500	0	40	45	52	3	2	5	0	0	0	0	0	0	0	0	0	0	0	0	10787953	
990	1	F	7	N	2500	0	40	254	1284	81	33	23	0	0	0	0	0	0	0	0	0	0	0	0	10788546	
991	1	G	7	N	2500	0	40	33	55	13	4	4	0	0	0	0	0	0	0	0	0	0	0	0	10797219	
992	1	G	7	N	2500	0	40	21	28	1	0	0	0	0	0	0	0	0	0	0	0	0	0	0	10797297	
993	1	G	7	N	2500	0	40	34	45	3	1	1	0	0	0	0	0	0	0	0	0	0	0	0	10797874	
994	1	G	7	N	2500	0	40	21	39	5	1	1	0	0	0	0	0	0	0	0	0	0	0	0	10798030	
995	1	G	7	N	2500	0	40	324	798	31	17	13	0	0	0	0	0	0	0	0	0	0	0	0	10798077	
996	1	G	7	N	2500	0	40	77	228	20	8	12	0	0	0	0	0	0	0	0	0	0	0	0	10798436	
997	1	G	7	N	2500	0	40	30	75	13	4	4	0	0	0	0	0	0	0	0	0	0	0	0	10798452	
998	1	G	7	N	2500	0	40	20	22	3	1	0	0	0	0	0	0	0	0	0	0	0	0	0	10798935	
999	1	G	7	N	2500	0	40	254	926	41	23	12	0	0	0	0	0	0	0	0	0	0	0	0	10799388	
1000	1	G	7	N	2500	0	40	21	40	5	1	1	0	0	0	0	0	0	0	0	0	0	0	0	10800339	
1001	1	G	7	N	2500	0	40	24	45	6	2	2	0	0	0	0	0	0	0	0	0	0	0	0	10800339	
1002	1	G	7	N	2500	0	40	32	74	10	3	3	0	0	0	0	0	0	0	0	0	0	0	0	10800542	
1003	1	G	7	N	2500	0	40	25	36	4	1	1	0	0	0	0	0	0	0	0	0	0	0	0	10800604	
1004	1	G	7	N	2500	0	40	21	33	3	0	0	0	0	0	0	0	0	0	0	0	0	0	0	10800604	
1005	1	G	7	N	2500	0	40	24	41	6	1	3	0	0	0	0	0	0	0	0	0	0	0	0	10800682	
1006	1	G	7	N	2500	0	40	34	56	8	2	2	0	0	0	0	0	0	0	0	0	0	0	0	10801010	
1007	1	G	7	N	2500	0	40	29	46	8	2	4	0	0	0	0	0	0	0	0	0	0	0	0	10801400	
1008	1	G	7	N	2500	0	40	358	946	49	22	14	0	0	0	0	0	0	0	0	0	0	0	0	10801650	
1009	1	G	7	N	2500	0	40	41	97	21	7	9	0	0	0	0	0	0	0	0	0	0	0	0	10801852	
1010	1	G	7	N	2500	0	40	21	20	1	0	0	0	0	0	0	0	0	0	0	0	0	0	0	10801915	
1011	1	G	7	N	2500	0	40	35	54	9	2	2	0	0	0	0	0	0	0	0	0	0	0	0	10802944	
1012	1	G	7	N	2500	0	40	30	57	8	2	4	0	0	0	0	0	0	0	0	0	0	0	0	10802991	
1013	1	G	7	N	2500	0	40	326	898	52	22	14	0	0	0	0	0	0	0	0	0	0	0	0	10803116	
1014	1	G	7	N	2500	0	40	20	22	0	0	0	0	0	0	0	0	0	0	0	0	0	0	0	10803834	
1015	1	G	7	N	2500	0	40	51	205	46	16	17	0	0	0	0	0	0	0	0	0	0	0	0	10803834	
1016	1	G	7	N	2500	0	40	33	58	7	2	3	0	0	0	0	0	0	0	0	0	0	0	0	10803943	
1017	1	G	7	N	2500	0	40	20	19	3	0	1	0	0	0	0	0	0	0	0	0	0	0	0	10803990	
1018	1	H	7	N	2500	0	40	28	40	5	1	1	0	0	0	0	0	0	0	0	0	0	0	0	10818669	
1019	1	A	8	N	2500	0	40	21	27	1	0	1	0	0	0	0	0	0	0	0	0	0	0	0	10827093	
1020	1	A	8	N	2500	0	40	35	63	7	2	2	0	0	0	0	0	0	0	0	0	0	0	0	10827093	
1021	1	A	8	N	2500	0	40	24	30	1	1	2	0	0	0	0	0	0	0	0	0	0	0	0	10828607	
1022	1	A	8	N	2500	0	40	254	805	35	19	13	0	0	0	0	0	0	0	0	0	0	0	0	10828622	
1023	1	A	8	N	2500	0	40	32	29	0	1	1	0	0	0	0	0	0	0	0	0	0	0	0	10830291	
1024	1	A	8	N	2500	0	40	225	651	27	16	12	0	0	0	0	0	0	0	0	0	0	0	0	10830713	
1025	1	A	8	N	2500	0	40	293	893	41	25	20	0	0	0	0	0	0	0	0	0	0	0	0	10830728	
1026	1	A	8	N	2500	0	40	34	80	3	3	4	0	0	0	0	0	0	0	0	0	0	0	0	10831290	
1027	1	A	8	N	2500	0	40	291	691	29	17	15	0	0	0	0	0	0	0	0	0	0	0	0	10831446	
1028	1	A	8	N	2500	0	40	37	35	1	2	3	0	0	0	0	0	0	0	0	0	0	0	0	10831695	
1029	1	A	8	N	2500	0	40	30	48	1	1	2	0	0	0	0	0	0	0	0	0	0	0	0	10832007	
1030	1	A	8	N	2500	0	40	314	1136	68	27	23	0	0	0	0	0	0	0	0	0	0	0	0	10832429	
1031	1	A	8	N	2500	0	40	22	37	4	1	1	0	0	0	0	0	0	0	0	0	0	0	0	10833084	
1032	1	B	8	N	2500	0	40	189	791	36	19	16	0	0	0	0	0	0	0	0	0	0	0	0	10842943	
1033	1	B	8	N	2500	0	40	190	777	41	19	14	0	0	0	0	0	0	0	0	0	0	0	0	10843052	
1034	1	B	8	N	2500	0	40	136	970	73	25	30	0	0	0	0	0	0	0	0	0	0	0	0	10843333	
1035	1	B	8	N	2500	0	40	313	890	40	21	14	0	0	0	0	0	0	0	0	0	0	0	0	10845002	
1036	1	B	8	N	2500	0	40	65	285	31	29	32	0	0	0	0	0	0	0	0	0	0	0	0	10845423	
1037	1	B	8	N	2500	0	40	32	75	8	6	6	0	0	0	0	0	0	0	0	0	0	0	0	10846297	
1038	1	B	8	N	2500	0	40	21	34	1	1	2	0	0	0	0	0	0	0	0	0	0	0	0	10847249	
1039	1	B	8	N	2500	0	40	254	763	32	18	14	0	0	0	0	0	0	0	0	0	0	0	0	10847295	
1040	1	B	8	N	2500	0	40	261	578	19	13	11	0	0	0	0	0	0	0	0	0	0	0	0	10847514	
1041	1	B	8	N	2500	0	40	258	777	34	18	14	0	0	0	0	0	0	0	0	0	0	0	0	10848138	
1042	1	B	8	N	2500	0	40	234	763	33	16	14	0	0	0	0	0	0	0	0	0	0	0	0	10848980	
1043	1	C	8	N	2500	0	40	287	669	23	13	9	0	0	0	0	0	0	0	0	0	0	0	0	10856390	
1044	1	C	8	N	2500	0	40	197	601	25	15	12	0	0	0	0	0	0	0	0	0	0	0	0	10860228	
1045	1	C	8	N	2500	0	40	33	32	5	3	3	0	0	0	0	0	0	0	0	0	0	0	0	10862318	
1046	1	D	8	N	2500	0	40	199	410	15	10	10	0	0	0	0	0	0	0	0	0	0	0	0	10871803	
1047	1	D	8	N	2500	0	40	287	696	25	14	12	0	0	0	0	0	0	0	0	0	0	0	0	10872708	
1048	1	D	8	N	2500	0	40	161	636	27	16	11	0	0	0	0	0	0	0	0	0	0	0	0	10874003	
1049	1	D	8	N	2500	0	40	248	753	37	20	19	0	0	0	0	0	0	0	0	0	0	0	0	10874595	
1050	1	D	8	N	2500	0	40	33	88	6	7	8	0	0	0	0	0	0	0	0	0	0	0	0	10876265	
1051	1	D	8	N	2500	0	40	162	734	44	18	12	0	0	0	0	0	0	0	0	0	0	0	0	10877809	
1052	1	E	8	N	2500	0	40	26	37	2	2	2	0	0	0	0	0	0	0	0	0	0	0	0	10886358	
1053	1	E	8	N	2500	0	40	284	723	27	16	11	0	0	0	0	0	0	0	0	0	0	0	0	10887278	
1054	1	E	8	N	2500	0	40	320	778	28	15	14	0	0	0	0	0	0	0	0	0	0	0	0	10887575	
1055	1	E	8	N	2500	0	40	362	935	39	19	16	0	0	0	0	0	0	0	0	0	0	0	0	10888526	
1056	1	E	8	N	2500	0	40	245	625	20	12	9	0	0	0	0	0	0	0	0	0	0	0	0	10889259	
1057	1	E	8	N	2500	0	40	275	635	23	11	8	0	0	0	0	0	0	0	0	0	0	0	0	10890351	
1058	1	E	8	N	2500	0	40	222	913	43	21	16	0	0	0	0	0	0	0	0	0	0	0	0	10891475	
1059	1	E	8	N	2500	0	40	257	553	19	8	8	0	0	0	0	0	0	0	0	0	0	0	0	10891724	
1060	1	F	8	N	2500	0	40	28	65	4	0	0	0	0	0	0	0	0	0	0	0	0	0	0	10900398	
1061	1	F	8	N	2500	0	40	44	56	6	2	1	0	0	0	0	0	0	0	0	0	0	0	0	10902379	
1062	1	F	8	N	2500	0	40	476	1251	58	27	22	0	0	0	0	0	0	0	0	0	0	0	0	10902535	
1063	1	F	8	N	2500	0	40	229	731	31	14	11	0	0	0	0	0	0	0	0	0	0	0	0	10902816	
1064	1	F	8	N	2500	0	40	243	458	17	8	7	0	0	0	0	0	0	0	0	0	0	0	0	10903362	
1065	1	F	8	N	2500	0	40	251	572	20	8	7	0	0	0	0	0	0	0	0	0	0	0	0	10904173	
1066	1	F	8	N	2500	0	40	343	748	26	15	13	0	0	0	0	0	0	0	0	0	0	0	0	10905858	
1067	1	F	8	N	2500	0	40	417	1041	43	24	18	0	0	0	0	0	0	0	0	0	0	0	0	10906092	
1068	1	F	8	N	2500	0	40	42	40	5	2	5	0	0	0	0	0	0	0	0	0	0	0	0	10907293	
1069	1	G	8	N	2500	0	40	381	1026	48	23	16	0	0	0	0	0	0	0	0	0	0	0	0	10915499	
1070	1	G	8	N	2500	0	40	22	30	1	0	0	0	0	0	0	0	0	0	0	0	0	0	0	10916310	
1071	1	G	8	N	2500	0	40	28	53	6	2	2	0	0	0	0	0	0	0	0	0	0	0	0	10917215	
1072	1	G	8	N	2500	0	40	22	31	5	1	1	0	0	0	0	0	0	0	0	0	0	0	0	10917402	
1073	1	G	8	N	2500	0	40	20	25	1	0	0	0	0	0	0	0	0	0	0	0	0	0	0	10917433	
1074	1	G	8	N	2500	0	40	20	28	4	1	1	0	0	0	0	0	0	0	0	0	0	0	0	10917807	
1075	1	G	8	N	2500	0	40	49	150	28	9	11	0	0	0	0	0	0	0	0	0	0	0	0	10917854	
1076	1	G	8	N	2500	0	40	277	640	22	10	11	0	0	0	0	0	0	0	0	0	0	0	0	10917963	
1077	1	G	8	N	2500	0	40	24	28	3	0	1	0	0	0	0	0	0	0	0	0	0	0	0	10917979	
1078	1	G	8	N	2500	0	40	249	438	16	8	7	0	0	0	0	0	0	0	0	0	0	0	0	10918041	
1079	1	G	8	N	2500	0	40	182	474	20	9	8	0	0	0	0	0	0	0	0	0	0	0	0	10918572	
1080	1	G	8	N	2500	0	40	42	109	22	8	11	0	0	0	0	0	0	0	0	0	0	0	0	10918712	
1081	1	G	8	N	2500	0	40	252	575	23	12	9	0	0	0	0	0	0	0	0	0	0	0	0	10918712	
1082	1	G	8	N	2500	0	40	31	54	9	2	2	0	0	0	0	0	0	0	0	0	0	0	0	10918946	
1083	1	G	8	N	2500	0	40	239	519	15	9	7	0	0	0	0	0	0	0	0	0	0	0	0	10919289	
1084	1	G	8	N	2500	0	40	22	20	4	0	1	0	0	0	0	0	0	0	0	0	0	0	0	10919430	
1085	1	G	8	N	2500	0	40	20	24	2	0	1	0	0	0	0	0	0	0	0	0	0	0	0	10919664	
1086	1	G	8	N	2500	0	40	67	270	24	25	32	0	0	0	0	0	0	0	0	0	0	0	0	10920101	
1087	1	G	8	N	2500	0	40	254	587	21	13	10	0	0	0	0	0	0	0	0	0	0	0	0	10920163	
1088	1	G	8	N	2500	0	40	33	58	12	3	4	0	0	0	0	0	0	0	0	0	0	0	0	10920194	
1089	1	G	8	N	2500	0	40	22	33	3	2	2	0	0	0	0	0	0	0	0	0	0	0	0	10920537	
1090	1	G	8	N	2500	0	40	60	298	47	13	17	0	0	0	0	0	0	0	0	0	0	0	0	10920693	
1091	1	G	8	N	2500	0	40	32	68	3	2	3	0	0	0	0	0	0	0	0	0	0	0	0	10920709	
1092	1	G	8	N	2500	0	40	37	46	4	1	2	0	0	0	0	0	0	0	0	0	0	0	0	10920943	
1093	1	G	8	N	2500	0	40	267	418	16	6	7	0	0	0	0	0	0	0	0	0	0	0	0	10921427	
1094	1	G	8	N	2500	0	40	33	77	9	2	4	0	0	0	0	0	0	0	0	0	0	0	0	10921583	
1095	1	G	8	N	2500	0	40	20	19	3	0	0	0	0	0	0	0	0	0	0	0	0	0	0	10921754	
1096	1	G	8	N	2500	0	40	21	30	1	0	1	0	0	0	0	0	0	0	0	0	0	0	0	10922144	
1097	1	G	8	N	2500	0	40	25	62	5	1	1	0	0	0	0	0	0	0	0	0	0	0	0	10922487	
1098	1	H	8	N	2500	0	40	52	134	25	9	13	0	0	0	0	0	0	0	0	0	0	0	0	10935810	
1099	1	A	9	N	2500	0	40	26	37	1	0	0	0	0	0	0	0	0	0	0	0	0	0	0	10945404	
1100	1	A	9	N	2500	0	40	362	1228	71	29	23	0	0	0	0	0	0	0	0	0	0	0	0	10946496	
1101	1	A	9	N	2500	0	40	80	318	157	137	106	0	0	0	0	0	0	0	0	0	0	0	0	10946652	
1102	1	A	9	N	2500	0	40	140	379	107	130	160	0	0	0	0	0	0	0	0	0	0	0	0	10947058	
1103	1	A	9	N	2500	0	40	400	1196	68	29	23	0	0	0	0	0	0	0	0	0	0	0	0	10947089	
1104	1	A	9	N	2500	0	40	339	1134	71	30	21	0	0	0	0	0	0	0	0	0	0	0	0	10947198	
1105	1	A	9	N	2500	0	40	302	1208	70	32	23	0	0	0	0	0	0	0	0	0	0	0	0	10947463	
1106	1	A	9	N	2500	0	40	33	62	6	1	0	0	0	0	0	0	0	0	0	0	0	0	0	10947479	
1107	1	A	9	N	2500	0	40	33	57	2	2	3	0	0	0	0	0	0	0	0	0	0	0	0	10947760	
1108	1	A	9	N	2500	0	40	334	861	40	18	14	0	0	0	0	0	0	0	0	0	0	0	0	10947978	
1109	1	A	9	N	2500	0	40	26	62	4	4	4	0	0	0	0	0	0	0	0	0	0	0	0	10948056	
1110	1	A	9	N	2500	0	40	22	36	1	1	2	0	0	0	0	0	0	0	0	0	0	0	0	10948493	
1111	1	A	9	N	2500	0	40	185	729	253	317	416	0	0	0	0	0	0	0	0	0	0	0	0	10948727	
1112	1	A	9	N	2500	0	40	291	1154	75	31	23	0	0	0	0	0	0	0	0	0	0	0	0	10948789	
1113	1	A	9	N	2500	0	40	349	1161	60	27	20	0	0	0	0	0	0	0	0	0	0	0	0	10948898	
1114	1	A	9	N	2500	0	40	344	938	41	21	18	0	0	0	0	0	0	0	0	0	0	0	0	10948992	
1115	1	A	9	N	2500	0	40	336	986	53	23	19	0	0	0	0	0	0	0	0	0	0	0	0	10949070	
1116	1	A	9	N	2500	0	40	495	2205	862	1072	1308	0	0	0	0	0	0	0	0	0	0	0	0	10949132	
1117	1	A	9	N	2500	0	40	186	748	32	15	12	0	0	0	0	0	0	0	0	0	0	0	0	10949366	
1118	1	A	9	N	2500	0	40	215	1153	80	35	23	0	0	0	0	0	0	0	0	0	0	0	0	10949694	
1119	1	A	9	N	2500	0	40	378	1220	62	29	22	0	0	0	0	0	0	0	0	0	0	0	0	10949944	
1120	1	A	9	N	2500	0	40	350	988	44	22	14	0	0	0	0	0	0	0	0	0	0	0	0	10950068	
1121	1	A	9	N	2500	0	40	273	1068	84	27	22	0	0	0	0	0	0	0	0	0	0	0	0	10950131	
1122	1	A	9	N	2500	0	40	33	30	2	0	0	0	0	0	0	0	0	0	0	0	0	0	0	10950131	
1123	1	A	9	N	2500	0	40	303	1142	79	32	27	0	0	0	0	0	0	0	0	0	0	0	0	10950287	
1124	1	A	9	N	2500	0	40	34	48	1	1	2	0	0	0	0	0	0	0	0	0	0	0	0	10950583	
1125	1	A	9	N	2500	0	40	48	150	9	9	13	0	0	0	0	0	0	0	0	0	0	0	0	10950630	
1126	1	A	9	N	2500	0	40	190	641	25	13	8	0	0	0	0	0	0	0	0	0	0	0	0	10950646	
1127	1	A	9	N	2500	0	40	296	805	39	18	13	0	0	0	0	0	0	0	0	0	0	0	0	10950802	
1128	1	A	9	N	2500	0	40	364	1300	77	34	26	0	0	0	0	0	0	0	0	0	0	0	0	10950973	
1129	1	A	9	N	2500	0	40	338	1048	64	27	22	0	0	0	0	0	0	0	0	0	0	0	0	10951004	
1130	1	A	9	N	2500	0	40	300	1142	86	30	22	0	0	0	0	0	0	0	0	0	0	0	0	10951129	
1131	1	A	9	N	2500	0	40	347	865	63	20	19	0	0	0	0	0	0	0	0	0	0	0	0	10951379	
1132	1	A	9	N	2500	0	40	23	18	1	0	0	0	0	0	0	0	0	0	0	0	0	0	0	10951379	
1133	1	A	9	N	2500	0	40	453	1257	66	30	21	0	0	0	0	0	0	0	0	0	0	0	0	10951566	
1134	1	A	9	N	2500	0	40	473	1503	75	36	26	0	0	0	0	0	0	0	0	0	0	0	0	10951566	
1135	1	A	9	N	2500	0	40	198	1045	66	30	24	0	0	0	0	0	0	0	0	0	0	0	0	10951597	
1136	1	A	9	N	2500	0	40	23	38	0	0	0	0	0	0	0	0	0	0	0	0	0	0	0	10951816	
1137	1	A	9	N	2500	0	40	299	927	55	25	20	0	0	0	0	0	0	0	0	0	0	0	0	10952159	
1138	1	A	9	N	2500	0	40	335	931	50	18	16	0	0	0	0	0	0	0	0	0	0	0	0	10952330	
1139	1	B	9	N	2500	0	40	44	87	1	2	3	0	0	0	0	0	0	0	0	0	0	0	0	10960349	
1140	1	B	9	N	2500	0	40	275	463	15	8	9	0	0	0	0	0	0	0	0	0	0	0	0	10960567	
1141	1	B	9	N	2500	0	40	207	709	32	17	14	0	0	0	0	0	0	0	0	0	0	0	0	10960708	
1142	1	B	9	N	2500	0	40	42	51	2	2	2	0	0	0	0	0	0	0	0	0	0	0	0	10961254	
1143	1	B	9	N	2500	0	40	301	849	43	21	16	0	0	0	0	0	0	0	0	0	0	0	0	10961909	
1144	1	B	9	N	2500	0	40	326	1078	61	27	22	0	0	0	0	0	0	0	0	0	0	0	0	10962112	
1145	1	B	9	N	2500	0	40	347	840	35	15	14	0	0	0	0	0	0	0	0	0	0	0	0	10962174	
1146	1	B	9	N	2500	0	40	267	800	43	18	14	0	0	0	0	0	0	0	0	0	0	0	0	10962439	
1147	1	B	9	N	2500	0	40	321	1055	60	26	20	0	0	0	0	0	0	0	0	0	0	0	0	10963001	
1148	1	B	9	N	2500	0	40	339	839	39	18	14	0	0	0	0	0	0	0	0	0	0	0	0	10963032	
1149	1	B	9	N	2500	0	40	324	1235	72	32	27	0	0	0	0	0	0	0	0	0	0	0	0	10963204	
1150	1	B	9	N	2500	0	40	39	58	2	1	2	0	0	0	0	0	0	0	0	0	0	0	0	10963578	
1151	1	B	9	N	2500	0	40	264	913	52	26	16	0	0	0	0	0	0	0	0	0	0	0	0	10963718	
1152	1	B	9	N	2500	0	40	412	1288	62	26	24	0	0	0	0	0	0	0	0	0	0	0	0	10964046	
1153	1	B	9	N	2500	0	40	318	1045	52	26	18	0	0	0	0	0	0	0	0	0	0	0	0	10964327	
1154	1	B	9	N	2500	0	40	305	959	64	30	22	0	0	0	0	0	0	0	0	0	0	0	0	10964358	
1155	1	B	9	N	2500	0	40	300	825	28	17	14	0	0	0	0	0	0	0	0	0	0	0	0	10964670	
1156	1	B	9	N	2500	0	40	81	155	47	61	77	0	0	0	0	0	0	0	0	0	0	0	0	10964748	
1157	1	B	9	N	2500	0	40	295	824	39	18	16	0	0	0	0	0	0	0	0	0	0	0	0	10965185	
1158	1	B	9	N	2500	0	40	169	839	41	21	17	0	0	0	0	0	0	0	0	0	0	0	0	10965247	
1159	1	B	9	N	2500	0	40	303	897	40	20	15	0	0	0	0	0	0	0	0	0	0	0	0	10965278	
1160	1	B	9	N	2500	0	40	358	1173	62	29	24	0	0	0	0	0	0	0	0	0	0	0	0	10965403	
1161	1	B	9	N	2500	0	40	292	1035	54	26	18	0	0	0	0	0	0	0	0	0	0	0	0	10965528	
1162	1	B	9	N	2500	0	40	27	50	8	1	0	0	0	0	0	0	0	0	0	0	0	0	0	10965887	
1163	1	B	9	N	2500	0	40	323	1058	62	26	18	0	0	0	0	0	0	0	0	0	0	0	0	10966573	
1164	1	B	9	N	2500	0	40	349	1366	77	34	24	0	0	0	0	0	0	0	0	0	0	0	0	10966620	
1165	1	B	9	N	2500	0	40	290	1028	57	26	19	0	0	0	0	0	0	0	0	0	0	0	0	10967197	
1166	1	B	9	N	2500	0	40	311	986	68	24	23	0	0	0	0	0	0	0	0	0	0	0	0	10967213	
1167	1	B	9	N	2500	0	40	307	893	48	20	18	0	0	0	0	0	0	0	0	0	0	0	0	10967213	
1168	1	C	9	N	2500	0	40	312	924	42	21	18	0	0	0	0	0	0	0	0	0	0	0	0	10975996	
1169	1	C	9	N	2500	0	40	330	1104	68	29	25	0	0	0	0	0	0	0	0	0	0	0	0	10976448	
1170	1	C	9	N	2500	0	40	373	1273	68	30	23	0	0	0	0	0	0	0	0	0	0	0	0	10976932	
1171	1	C	9	N	2500	0	40	42	45	1	1	1	0	0	0	0	0	0	0	0	0	0	0	0	10976932	
1172	1	C	9	N	2500	0	40	264	917	44	21	15	0	0	0	0	0	0	0	0	0	0	0	0	10976963	
1173	1	C	9	N	2500	0	40	281	1001	56	27	18	0	0	0	0	0	0	0	0	0	0	0	0	10977524	
1174	1	C	9	N	2500	0	40	285	914	50	25	20	0	0	0	0	0	0	0	0	0	0	0	0	10977649	
1175	1	C	9	N	2500	0	40	43	83	5	5	5	0	0	0	0	0	0	0	0	0	0	0	0	10978055	
1176	1	C	9	N	2500	0	40	21	23	1	1	2	0	0	0	0	0	0	0	0	0	0	0	0	10978117	
1177	1	C	9	N	2500	0	40	338	1201	62	29	23	0	0	0	0	0	0	0	0	0	0	0	0	10978336	
1178	1	C	9	N	2500	0	40	285	872	48	22	20	0	0	0	0	0	0	0	0	0	0	0	0	10978523	
1179	1	C	9	N	2500	0	40	287	767	32	17	15	0	0	0	0	0	0	0	0	0	0	0	0	10978601	
1180	1	C	9	N	2500	0	40	381	996	62	27	20	0	0	0	0	0	0	0	0	0	0	0	0	10978694	
1181	1	C	9	N	2500	0	40	251	909	66	28	21	0	0	0	0	0	0	0	0	0	0	0	0	10980348	
1182	1	C	9	N	2500	0	40	104	301	71	84	98	0	0	0	0	0	0	0	0	0	0	0	0	10980535	
1183	1	C	9	N	2500	0	40	26	46	11	10	18	0	0	0	0	0	0	0	0	0	0	0	0	10981300	
1184	1	C	9	N	2500	0	40	63	286	43	19	27	0	0	0	0	0	0	0	0	0	0	0	0	10982376	
1185	1	D	9	N	2500	0	40	329	1109	48	31	23	0	0	0	0	0	0	0	0	0	0	0	0	10989802	
1186	1	D	9	N	2500	0	40	255	533	22	11	9	0	0	0	0	0	0	0	0	0	0	0	0	10990036	
1187	1	D	9	N	2500	0	40	378	975	65	24	18	0	0	0	0	0	0	0	0	0	0	0	0	10991143	
1188	1	D	9	N	2500	0	40	328	879	38	20	17	0	0	0	0	0	0	0	0	0	0	0	0	10991658	
1189	1	D	9	N	2500	0	40	30	37	1	1	2	0	0	0	0	0	0	0	0	0	0	0	0	10991830	
1190	1	D	9	N	2500	0	40	271	696	26	14	11	0	0	0	0	0	0	0	0	0	0	0	0	10992110	
1191	1	D	9	N	2500	0	40	261	1155	74	33	27	0	0	0	0	0	0	0	0	0	0	0	0	10993296	
1192	1	D	9	N	2500	0	40	68	157	8	8	9	0	0	0	0	0	0	0	0	0	0	0	0	10993483	
1193	1	E	9	N	2500	0	40	77	81	1	0	1	0	0	0	0	0	0	0	0	0	0	0	0	11004497	
1194	1	E	9	N	2500	0	40	268	1030	58	30	20	0	0	0	0	0	0	0	0	0	0	0	0	11006026	
1195	1	E	9	N	2500	0	40	243	641	28	15	13	0	0	0	0	0	0	0	0	0	0	0	0	11007414	
1196	1	E	9	N	2500	0	40	232	799	44	22	18	0	0	0	0	0	0	0	0	0	0	0	0	11008007	
1197	1	E	9	N	2500	0	40	160	736	34	18	12	0	0	0	0	0	0	0	0	0	0	0	0	11008194	
1198	1	E	9	N	2500	0	40	139	561	22	12	9	0	0	0	0	0	0	0	0	0	0	0	0	11008225	
1199	1	E	9	N	2500	0	40	22	29	5	0	0	0	0	0	0	0	0	0	0	0	0	0	0	11008397	
1200	1	E	9	N	2500	0	40	275	950	59	25	17	0	0	0	0	0	0	0	0	0	0	0	0	11009192	
1201	1	E	9	N	2500	0	40	146	480	19	11	9	0	0	0	0	0	0	0	0	0	0	0	0	11010752	
1202	1	F	9	N	2500	0	40	226	700	37	18	14	0	0	0	0	0	0	0	0	0	0	0	0	11019754	
1203	1	F	9	N	2500	0	40	101	321	68	86	90	0	0	0	0	0	0	0	0	0	0	0	0	11020892	
1204	1	F	9	N	2500	0	40	147	603	25	14	12	0	0	0	0	0	0	0	0	0	0	0	0	11021470	
1205	1	F	9	N	2500	0	40	143	453	155	202	241	0	0	0	0	0	0	0	0	0	0	0	0	11022624	
1206	1	F	9	N	2500	0	40	132	535	25	14	9	0	0	0	0	0	0	0	0	0	0	0	0	11022686	
1207	1	F	9	N	2500	0	40	322	1222	70	35	24	0	0	0	0	0	0	0	0	0	0	0	0	11022718	
1208	1	F	9	N	2500	0	40	226	518	20	11	9	0	0	0	0	0	0	0	0	0	0	0	0	11022983	
1209	1	F	9	N	2500	0	40	224	623	27	13	9	0	0	0	0	0	0	0	0	0	0	0	0	11023856	
1210	1	F	9	N	2500	0	40	158	675	32	19	14	0	0	0	0	0	0	0	0	0	0	0	0	11023966	
1211	1	F	9	N	2500	0	40	23	44	6	0	0	0	0	0	0	0	0	0	0	0	0	0	0	11024902	
1212	1	G	9	N	2500	0	40	277	969	326	405	509	0	0	0	0	0	0	0	0	0	0	0	0	11034558	
1213	1	G	9	N	2500	0	40	130	474	19	12	8	0	0	0	0	0	0	0	0	0	0	0	0	11035588	
1214	1	G	9	N	2500	0	40	43	91	18	5	7	0	0	0	0	0	0	0	0	0	0	0	0	11035915	
1215	1	G	9	N	2500	0	40	234	510	29	10	7	0	0	0	0	0	0	0	0	0	0	0	0	11035962	
1216	1	G	9	N	2500	0	40	59	365	66	21	24	0	0	0	0	0	0	0	0	0	0	0	0	11036118	
1217	1	G	9	N	2500	0	40	21	29	6	1	1	0	0	0	0	0	0	0	0	0	0	0	0	11036118	
1218	1	G	9	N	2500	0	40	272	691	33	15	14	0	0	0	0	0	0	0	0	0	0	0	0	11036180	
1219	1	G	9	N	2500	0	40	24	52	6	1	2	0	0	0	0	0	0	0	0	0	0	0	0	11036227	
1220	1	G	9	N	2500	0	40	29	53	8	3	3	0	0	0	0	0	0	0	0	0	0	0	0	11036461	
1221	1	G	9	N	2500	0	40	32	67	12	3	4	0	0	0	0	0	0	0	0	0	0	0	0	11036586	
1222	1	G	9	N	2500	0	40	249	609	30	13	11	0	0	0	0	0	0	0	0	0	0	0	0	11036602	
1223	1	G	9	N	2500	0	40	22	26	3	1	0	0	0	0	0	0	0	0	0	0	0	0	0	11036867	
1224	1	G	9	N	2500	0	40	22	29	2	1	0	0	0	0	0	0	0	0	0	0	0	0	0	11036867	
1225	1	G	9	N	2500	0	40	20	23	0	0	0	0	0	0	0	0	0	0	0	0	0	0	0	11036867	
1226	1	G	9	N	2500	0	40	37	124	24	9	9	0	0	0	0	0	0	0	0	0	0	0	0	11037054	
1227	1	G	9	N	2500	0	40	207	387	13	6	7	0	0	0	0	0	0	0	0	0	0	0	0	11037241	
1228	1	G	9	N	2500	0	40	215	670	250	304	392	0	0	0	0	0	0	0	0	0	0	0	0	11037444	
1229	1	G	9	N	2500	0	40	20	25	1	0	1	0	0	0	0	0	0	0	0	0	0	0	0	11037616	
1230	1	G	9	N	2500	0	40	263	636	29	14	9	0	0	0	0	0	0	0	0	0	0	0	0	11037803	
1231	1	G	9	N	2500	0	40	25	28	5	1	2	0	0	0	0	0	0	0	0	0	0	0	0	11037912	
1232	1	G	9	N	2500	0	40	27	55	8	2	2	0	0	0	0	0	0	0	0	0	0	0	0	11037990	
1233	1	G	9	N	2500	0	40	25	47	4	2	3	0	0	0	0	0	0	0	0	0	0	0	0	11038006	
1234	1	G	9	N	2500	0	40	25	29	5	1	1	0	0	0	0	0	0	0	0	0	0	0	0	11038037	
1235	1	G	9	N	2500	0	40	36	59	8	2	3	0	0	0	0	0	0	0	0	0	0	0	0	11038068	
1236	1	G	9	N	2500	0	40	31	45	2	1	2	0	0	0	0	0	0	0	0	0	0	0	0	11038162	
1237	1	G	9	N	2500	0	40	21	36	1	1	1	0	0	0	0	0	0	0	0	0	0	0	0	11038177	
1238	1	G	9	N	2500	0	40	36	66	12	3	3	0	0	0	0	0	0	0	0	0	0	0	0	11038349	
1239	1	G	9	N	2500	0	40	46	116	24	8	12	0	0	0	0	0	0	0	0	0	0	0	0	11038427	
1240	1	G	9	N	2500	0	40	193	552	20	11	8	0	0	0	0	0	0	0	0	0	0	0	0	11038614	
1241	1	G	9	N	2500	0	40	20	33	6	1	3	0	0	0	0	0	0	0	0	0	0	0	0	11038739	
1242	1	G	9	N	2500	0	40	186	426	15	7	9	0	0	0	0	0	0	0	0	0	0	0	0	11038848	
1243	1	G	9	N	2500	0	40	22	26	4	1	1	0	0	0	0	0	0	0	0	0	0	0	0	11038879	
1244	1	G	9	N	2500	0	40	26	40	7	1	1	0	0	0	0	0	0	0	0	0	0	0	0	11039347	
1245	1	G	9	N	2500	0	40	23	56	11	3	4	0	0	0	0	0	0	0	0	0	0	0	0	11039441	
1246	1	G	9	N	2500	0	40	24	29	5	4	3	0	0	0	0	0	0	0	0	0	0	0	0	11039441	
1247	1	G	9	N	2500	0	40	301	925	44	20	18	0	0	0	0	0	0	0	0	0	0	0	0	11039644	
1248	1	G	9	N	2500	0	40	158	506	22	14	10	0	0	0	0	0	0	0	0	0	0	0	0	11039690	
1249	1	G	9	N	2500	0	40	115	499	21	12	10	0	0	0	0	0	0	0	0	0	0	0	0	11039706	
1250	1	G	9	N	2500	0	40	250	598	24	11	8	0	0	0	0	0	0	0	0	0	0	0	0	11039971	
1251	1	G	9	N	2500	0	40	23	30	2	1	1	0	0	0	0	0	0	0	0	0	0	0	0	11040049	
1252	1	G	9	N	2500	0	40	300	640	46	18	12	0	0	0	0	0	0	0	0	0	0	0	0	11040174	
1253	1	G	9	N	2500	0	40	228	704	32	17	10	0	0	0	0	0	0	0	0	0	0	0	0	11040673	
1254	1	G	9	N	2500	0	40	293	707	23	13	9	0	0	0	0	0	0	0	0	0	0	0	0	11040923	
1255	1	G	9	N	2500	0	40	20	25	1	0	0	0	0	0	0	0	0	0	0	0	0	0	0	11040985	
1256	1	H	9	N	2500	0	40	137	473	18	10	7	0	0	0	0	0	0	0	0	0	0	0	0	11051297	
1257	1	H	9	N	2500	0	40	21	31	6	2	2	0	0	0	0	0	0	0	0	0	0	0	0	11051515	
1258	1	B	10	N	2500	0	40	189	313	18	10	20	0	0	0	0	0	0	0	0	0	0	0	0	11085508	
1259	1	C	10	N	2500	0	40	25	38	0	0	0	0	0	0	0	0	0	0	0	0	0	0	0	11098175	
1260	1	D	10	N	2500	0	40	65	306	24	0	1	0	0	0	0	0	0	0	0	0	0	0	0	11107800	
1261	1	D	10	N	2500	0	40	24	30	1	0	1	0	0	0	0	0	0	0	0	0	0	0	0	11113931	
1262	1	E	10	N	2500	0	40	24	31	1	0	0	0	0	0	0	0	0	0	0	0	0	0	0	11124009	
1263	1	F	10	N	2500	0	40	32	58	4	5	9	0	0	0	0	0	0	0	0	0	0	0	0	11142432	
1264	1	F	10	N	2500	0	40	20	29	3	1	1	0	0	0	0	0	0	0	0	0	0	0	0	11143977	
1265	1	G	10	N	2500	0	40	36	65	9	5	6	0	0	0	0	0	0	0	0	0	0	0	0	11159077	
1266	1	A	11	N	2500	0	40	235	858	42	21	18	0	0	0	0	0	0	0	0	0	0	0	0	11183180	
1267	1	A	11	N	2500	0	40	45	80	5	4	7	0	0	0	0	0	0	0	0	0	0	0	0	11186705	
1268	1	A	11	N	2500	0	40	306	840	46	48	53	0	0	0	0	0	0	0	0	0	0	0	0	11187002	
1269	1	A	11	N	2500	0	40	226	1229	83	33	22	0	0	0	0	0	0	0	0	0	0	0	0	11187251	
1270	1	A	11	N	2500	0	40	32	35	1	1	1	0	0	0	0	0	0	0	0	0	0	0	0	11188920	
1271	1	B	11	N	2500	0	40	264	801	35	19	15	0	0	0	0	0	0	0	0	0	0	0	0	11199934	
1272	1	B	11	N	2500	0	40	58	164	16	11	15	0	0	0	0	0	0	0	0	0	0	0	0	11200059	
1273	1	B	11	N	2500	0	40	22	25	0	0	1	0	0	0	0	0	0	0	0	0	0	0	0	11200168	
1274	1	B	11	N	2500	0	40	94	120	2	1	1	0	0	0	0	0	0	0	0	0	0	0	0	11200371	
1275	1	B	11	N	2500	0	40	348	1049	54	27	22	0	0	0	0	0	0	0	0	0	0	0	0	11200511	
1276	1	B	11	N	2500	0	40	46	63	4	1	2	0	0	0	0	0	0	0	0	0	0	0	0	11200652	
1277	1	B	11	N	2500	0	40	238	1124	71	33	24	0	0	0	0	0	0	0	0	0	0	0	0	11204302	
1278	1	C	11	N	2500	0	40	35	38	2	2	2	0	0	0	0	0	0	0	0	0	0	0	0	11211915	
1279	1	C	11	N	2500	0	40	338	971	49	22	19	0	0	0	0	0	0	0	0	0	0	0	0	11213475	
1280	1	C	11	N	2500	0	40	318	829	50	21	15	0	0	0	0	0	0	0	0	0	0	0	0	11214598	
1281	1	C	11	N	2500	0	40	404	731	42	18	14	0	0	0	0	0	0	0	0	0	0	0	0	11214832	
1282	1	C	11	N	2500	0	40	154	471	24	11	11	0	0	0	0	0	0	0	0	0	0	0	0	11215284	
1283	1	E	11	N	2500	0	40	340	954	41	22	17	0	0	0	0	0	0	0	0	0	0	0	0	11244753	
1284	1	F	11	N	2500	0	40	23	39	1	2	2	0	0	0	0	0	0	0	0	0	0	0	0	11256188	
1285	1	F	11	N	2500	0	40	407	910	60	23	20	0	0	0	0	0	0	0	0	0	0	0	0	11258013	
1286	1	F	11	N	2500	0	40	325	939	42	21	15	0	0	0	0	0	0	0	0	0	0	0	0	11258418	
1287	1	F	11	N	2500	0	40	25	49	0	1	8	0	0	0	0	0	0	0	0	0	0	0	0	11260977	
1288	1	G	11	N	2500	0	40	25	36	6	1	1	0	0	0	0	0	0	0	0	0	0	0	0	11270430	
1289	1	G	11	N	2500	0	40	27	48	9	3	3	0	0	0	0	0	0	0	0	0	0	0	0	11271366	
1290	1	G	11	N	2500	0	40	33	81	4	3	4	0	0	0	0	0	0	0	0	0	0	0	0	11272864	
1291	1	G	11	N	2500	0	40	32	78	4	2	4	0	0	0	0	0	0	0	0	0	0	0	0	11272911	
1292	1	G	11	N	2500	0	40	32	60	11	3	4	0	0	0	0	0	0	0	0	0	0	0	0	11272989	
1293	1	G	11	N	2500	0	40	27	40	1	1	1	0	0	0	0	0	0	0	0	0	0	0	0	11273020	
1294	1	G	11	N	2500	0	40	29	62	5	2	3	0	0	0	0	0	0	0	0	0	0	0	0	11273067	
1295	1	G	11	N	2500	0	40	20	22	3	0	1	0	0	0	0	0	0	0	0	0	0	0	0	11273192	
1296	1	G	11	N	2500	0	40	39	66	2	1	3	0	0	0	0	0	0	0	0	0	0	0	0	11273192	
1297	1	G	11	N	2500	0	40	20	36	4	1	1	0	0	0	0	0	0	0	0	0	0	0	0	11273363	
1298	1	G	11	N	2500	0	40	28	61	7	3	2	0	0	0	0	0	0	0	0	0	0	0	0	11273800	
1299	1	G	11	N	2500	0	40	42	80	16	5	5	0	0	0	0	0	0	0	0	0	0	0	0	11273925	
1300	1	G	11	N	2500	0	40	21	31	6	1	2	0	0	0	0	0	0	0	0	0	0	0	0	11274580	
1301	1	G	11	N	2500	0	40	31	59	8	2	3	0	0	0	0	0	0	0	0	0	0	0	0	11274627	
1302	1	G	11	N	2500	0	40	20	19	3	1	0	0	0	0	0	0	0	0	0	0	0	0	0	11276140	
1303	1	G	11	N	2500	0	40	22	40	5	1	2	0	0	0	0	0	0	0	0	0	0	0	0	11276327	
1304	1	G	11	N	2500	0	40	25	35	1	0	1	0	0	0	0	0	0	0	0	0	0	0	0	11276561	
1305	1	G	11	N	2500	0	40	25	38	8	2	1	0	0	0	0	0	0	0	0	0	0	0	0	11276608	
1306	1	G	11	N	2500	0	40	399	761	37	17	14	0	0	0	0	0	0	0	0	0	0	0	0	11277638	
1307	1	G	11	N	2500	0	40	20	32	5	1	2	0	0	0	0	0	0	0	0	0	0	0	0	11277638	
1308	1	H	11	N	2500	0	40	22	35	5	1	2	0	0	0	0	0	0	0	0	0	0	0	0	11286296	
1309	1	H	11	N	2500	0	40	26	38	4	1	1	0	0	0	0	0	0	0	0	0	0	0	0	11288589	
1310	1	H	11	N	2500	0	40	20	37	1	1	1	0	0	0	0	0	0	0	0	0	0	0	0	11289041	


Threshold source: EXT,  value 50
Min TOF = 20
EXT signal gain 2.0
Green signal gain 3.0
Yellow signal gain 3.0
Red signal gain 3.0
Green PMT voltage 600
Yellow PMT voltage 600
Red PMT voltage 700
Signal multipliers: 5.0,5.0,5.0,5.0
C:\Users\unionbio\Desktop\COPAS Templates\USE for analysis.csv