Id	Plate	Row	Column	Clog	Scan rate	Status sort	Status sel	TOF	EXT	Green	Yellow	Red	PH Ext	PW Ext	PC Ext	PH Green	PW Green	PCGreen	PH Yellow	PW Yellow	PCYellow	PH Red	PW Red	PCRed	Time Stamp	
0	1	A	1	N	2500	0	40	25	25	1	1	1	0	0	0	0	0	0	0	0	0	0	0	0	24273294	
1	1	A	1	N	2500	0	40	357	1019	55	25	20	0	0	0	0	0	0	0	0	0	0	0	0	24273933	
2	1	A	1	N	2500	0	40	27	23	0	1	1	0	0	0	0	0	0	0	0	0	0	0	0	24274261	
3	1	A	1	N	2500	0	40	213	890	48	24	18	0	0	0	0	0	0	0	0	0	0	0	0	24274869	
4	1	A	1	N	2500	0	40	340	982	39	20	14	0	0	0	0	0	0	0	0	0	0	0	0	24275400	
5	1	A	1	N	2500	0	40	305	902	39	19	15	0	0	0	0	0	0	0	0	0	0	0	0	24275447	
6	1	A	1	N	2500	0	40	236	817	37	17	14	0	0	0	0	0	0	0	0	0	0	0	0	24275603	
7	1	A	1	N	2500	0	40	318	965	62	26	18	0	0	0	0	0	0	0	0	0	0	0	0	24276086	
8	1	A	1	N	2500	0	40	102	581	27	13	10	0	0	0	0	0	0	0	0	0	0	0	0	24276086	
9	1	A	1	N	2500	0	40	243	1222	71	30	22	0	0	0	0	0	0	0	0	0	0	0	0	24276882	
10	1	A	1	N	2500	0	40	338	928	42	19	17	0	0	0	0	0	0	0	0	0	0	0	0	24277085	
11	1	A	1	N	2500	0	40	412	1218	66	29	24	0	0	0	0	0	0	0	0	0	0	0	0	24277428	
12	1	A	1	N	2500	0	40	459	1585	83	45	42	0	0	0	0	0	0	0	0	0	0	0	0	24277677	
13	1	A	1	N	2500	0	40	64	213	15	12	16	0	0	0	0	0	0	0	0	0	0	0	0	24277880	
14	1	A	1	N	2500	0	40	205	1006	59	29	21	0	0	0	0	0	0	0	0	0	0	0	0	24278301	
15	1	A	1	N	2500	0	40	352	1112	59	28	19	0	0	0	0	0	0	0	0	0	0	0	0	24278567	
16	1	A	1	N	2500	0	40	172	883	42	20	14	0	0	0	0	0	0	0	0	0	0	0	0	24278754	
17	1	A	1	N	2500	0	40	422	1173	54	26	23	0	0	0	0	0	0	0	0	0	0	0	0	24278832	
18	1	A	1	N	2500	0	40	31	27	2	1	1	0	0	0	0	0	0	0	0	0	0	0	0	24278894	
19	1	A	1	N	2500	0	40	398	1356	72	32	27	0	0	0	0	0	0	0	0	0	0	0	0	24279269	
20	1	A	1	N	2500	0	40	208	976	44	22	17	0	0	0	0	0	0	0	0	0	0	0	0	24279846	
21	1	A	1	N	2500	0	40	449	1294	66	30	23	0	0	0	0	0	0	0	0	0	0	0	0	24280563	
22	1	B	1	N	2500	0	40	141	709	33	17	14	0	0	0	0	0	0	0	0	0	0	0	0	24288348	
23	1	B	1	N	2500	0	40	127	809	53	25	18	0	0	0	0	0	0	0	0	0	0	0	0	24289065	
24	1	B	1	N	2500	0	40	208	737	45	19	16	0	0	0	0	0	0	0	0	0	0	0	0	24289081	
25	1	B	1	N	2500	0	40	23	30	1	1	2	0	0	0	0	0	0	0	0	0	0	0	0	24289393	
26	1	B	1	N	2500	0	40	364	1067	71	26	23	0	0	0	0	0	0	0	0	0	0	0	0	24289487	
27	1	B	1	N	2500	0	40	39	62	10	10	24	0	0	0	0	0	0	0	0	0	0	0	0	24289658	
28	1	B	1	N	2500	0	40	162	608	34	18	12	0	0	0	0	0	0	0	0	0	0	0	0	24291780	
29	1	B	1	N	2500	0	40	217	584	27	12	11	0	0	0	0	0	0	0	0	0	0	0	0	24293979	
30	1	B	1	N	2500	0	40	100	335	18	10	8	0	0	0	0	0	0	0	0	0	0	0	0	24294323	
31	1	B	1	N	2500	0	40	35	45	1	1	1	0	0	0	0	0	0	0	0	0	0	0	0	24294931	
32	1	B	1	N	2500	0	40	249	764	47	22	15	0	0	0	0	0	0	0	0	0	0	0	0	24295134	
33	1	C	1	N	2500	0	40	25	42	9	10	10	0	0	0	0	0	0	0	0	0	0	0	0	24304073	
34	1	C	1	N	2500	0	40	285	869	34	18	16	0	0	0	0	0	0	0	0	0	0	0	0	24305024	
35	1	C	1	N	2500	0	40	100	203	58	74	88	0	0	0	0	0	0	0	0	0	0	0	0	24305274	
36	1	C	1	N	2500	0	40	132	762	49	24	17	0	0	0	0	0	0	0	0	0	0	0	0	24305898	
37	1	C	1	N	2500	0	40	246	924	47	23	20	0	0	0	0	0	0	0	0	0	0	0	0	24306007	
38	1	C	1	N	2500	0	40	122	400	17	11	9	0	0	0	0	0	0	0	0	0	0	0	0	24308004	
39	1	C	1	N	2500	0	40	25	28	1	0	1	0	0	0	0	0	0	0	0	0	0	0	0	24308441	
40	1	C	1	N	2500	0	40	232	678	34	16	12	0	0	0	0	0	0	0	0	0	0	0	0	24308565	


Threshold source: EXT,  value 50
Min TOF = 20
EXT signal gain 2.0
Green signal gain 3.0
Yellow signal gain 3.0
Red signal gain 3.0
Green PMT voltage 600
Yellow PMT voltage 600
Red PMT voltage 700
Signal multipliers: 5.0,5.0,5.0,5.0
C:\Users\unionbio\Desktop\COPAS Templates\USE for analysis.csv