Id	Plate	Row	Column	Clog	Scan rate	Status sort	Status sel	TOF	EXT	Green	Yellow	Red	PH Ext	PW Ext	PC Ext	PH Green	PW Green	PCGreen	PH Yellow	PW Yellow	PCYellow	PH Red	PW Red	PCRed	Time Stamp	
0	1	A	1	N	2500	0	40	365	1188	70	29	22	0	0	0	0	0	0	0	0	0	0	0	0	2026597	
1	1	A	1	N	2500	0	40	349	1115	61	27	25	0	0	0	0	0	0	0	0	0	0	0	0	2026675	
2	1	A	1	N	2500	0	40	25	41	7	8	9	0	0	0	0	0	0	0	0	0	0	0	0	2026753	
3	1	A	1	N	2500	0	40	59	90	16	8	4	0	0	0	0	0	0	0	0	0	0	0	0	2027033	
4	1	A	1	N	2500	0	40	148	464	18	12	9	0	0	0	0	0	0	0	0	0	0	0	0	2027283	
5	1	A	1	N	2500	0	40	97	165	5	3	3	0	0	0	0	0	0	0	0	0	0	0	0	2027751	
6	1	A	1	N	2500	0	40	264	1097	62	30	24	0	0	0	0	0	0	0	0	0	0	0	0	2027829	
7	1	A	1	N	2500	0	40	328	1134	58	30	24	0	0	0	0	0	0	0	0	0	0	0	0	2028656	
8	1	A	1	N	2500	0	40	72	97	4	5	5	0	0	0	0	0	0	0	0	0	0	0	0	2028890	
9	1	A	1	N	2500	0	40	306	708	34	14	11	0	0	0	0	0	0	0	0	0	0	0	0	2029030	
10	1	A	1	N	2500	0	40	131	645	26	15	10	0	0	0	0	0	0	0	0	0	0	0	0	2029280	
11	1	A	1	N	2500	0	40	80	173	31	20	9	0	0	0	0	0	0	0	0	0	0	0	0	2029420	
12	1	A	1	N	2500	0	40	339	1177	69	29	23	0	0	0	0	0	0	0	0	0	0	0	0	2029498	
13	1	A	1	N	2500	0	40	249	568	18	12	13	0	0	0	0	0	0	0	0	0	0	0	0	2029717	
14	1	A	1	N	2500	0	40	266	558	30	11	10	0	0	0	0	0	0	0	0	0	0	0	0	2030185	
15	1	A	1	N	2500	0	40	98	148	2	1	1	0	0	0	0	0	0	0	0	0	0	0	0	2030200	
16	1	A	1	N	2500	0	40	22	33	5	6	6	0	0	0	0	0	0	0	0	0	0	0	0	2030341	
17	1	A	1	N	2500	0	40	304	831	34	17	15	0	0	0	0	0	0	0	0	0	0	0	0	2030434	
18	1	A	1	N	2500	0	40	30	44	1	1	2	0	0	0	0	0	0	0	0	0	0	0	0	2030465	
19	1	A	1	N	2500	0	40	32	64	3	2	3	0	0	0	0	0	0	0	0	0	0	0	0	2030528	
20	1	A	1	N	2500	0	40	39	49	2	3	3	0	0	0	0	0	0	0	0	0	0	0	0	2030746	
21	1	A	1	N	2500	0	40	352	1119	75	32	24	0	0	0	0	0	0	0	0	0	0	0	0	2030980	
22	1	A	1	N	2500	0	40	21	33	5	5	7	0	0	0	0	0	0	0	0	0	0	0	0	2030996	
23	1	A	1	N	2500	0	40	24	21	0	1	1	0	0	0	0	0	0	0	0	0	0	0	0	2031308	
24	1	A	1	N	2500	0	40	35	73	3	4	5	0	0	0	0	0	0	0	0	0	0	0	0	2031495	
25	1	A	1	N	2500	0	40	338	1124	70	28	22	0	0	0	0	0	0	0	0	0	0	0	0	2031760	
26	1	A	1	N	2500	0	40	345	1007	53	23	19	0	0	0	0	0	0	0	0	0	0	0	0	2031791	
27	1	A	1	N	2500	0	40	320	967	53	23	16	0	0	0	0	0	0	0	0	0	0	0	0	2031963	
28	1	A	1	N	2500	0	40	307	1141	61	29	23	0	0	0	0	0	0	0	0	0	0	0	0	2032790	
29	1	A	1	N	2500	0	40	281	987	70	29	21	0	0	0	0	0	0	0	0	0	0	0	0	2033164	
30	1	A	1	N	2500	0	40	55	78	10	7	3	0	0	0	0	0	0	0	0	0	0	0	0	2033507	
31	1	A	1	N	2500	0	40	240	898	45	25	17	0	0	0	0	0	0	0	0	0	0	0	0	2033585	
32	1	A	1	N	2500	0	40	34	68	3	4	4	0	0	0	0	0	0	0	0	0	0	0	0	2033617	
33	1	B	1	N	2500	0	40	331	892	43	26	18	0	0	0	0	0	0	0	0	0	0	0	0	2040995	
34	1	B	1	N	2500	0	40	272	839	53	23	20	0	0	0	0	0	0	0	0	0	0	0	0	2041229	
35	1	B	1	N	2500	0	40	36	38	5	3	2	0	0	0	0	0	0	0	0	0	0	0	0	2041245	
36	1	B	1	N	2500	0	40	179	445	16	8	6	0	0	0	0	0	0	0	0	0	0	0	0	2041448	
37	1	B	1	N	2500	0	40	32	44	7	3	2	0	0	0	0	0	0	0	0	0	0	0	0	2041479	
38	1	B	1	N	2500	0	40	137	521	26	16	16	0	0	0	0	0	0	0	0	0	0	0	0	2041744	
39	1	B	1	N	2500	0	40	25	35	4	1	1	0	0	0	0	0	0	0	0	0	0	0	0	2041916	
40	1	B	1	N	2500	0	40	337	1099	60	33	28	0	0	0	0	0	0	0	0	0	0	0	0	2042243	
41	1	B	1	N	2500	0	40	323	752	34	22	17	0	0	0	0	0	0	0	0	0	0	0	0	2042555	
42	1	B	1	N	2500	0	40	256	763	47	19	12	0	0	0	0	0	0	0	0	0	0	0	0	2042618	
43	1	B	1	N	2500	0	40	30	52	9	10	10	0	0	0	0	0	0	0	0	0	0	0	0	2043273	
44	1	B	1	N	2500	0	40	245	887	51	28	21	0	0	0	0	0	0	0	0	0	0	0	0	2043320	
45	1	B	1	N	2500	0	40	293	971	59	27	25	0	0	0	0	0	0	0	0	0	0	0	0	2043413	
46	1	B	1	N	2500	0	40	24	52	3	3	3	0	0	0	0	0	0	0	0	0	0	0	0	2043429	
47	1	B	1	N	2500	0	40	166	460	24	10	8	0	0	0	0	0	0	0	0	0	0	0	0	2043725	
48	1	B	1	N	2500	0	40	277	912	58	23	19	0	0	0	0	0	0	0	0	0	0	0	0	2043819	
49	1	B	1	N	2500	0	40	277	1109	70	32	28	0	0	0	0	0	0	0	0	0	0	0	0	2044942	
50	1	B	1	N	2500	0	40	20	18	2	2	0	0	0	0	0	0	0	0	0	0	0	0	0	2044958	
51	1	B	1	N	2500	0	40	31	33	5	3	1	0	0	0	0	0	0	0	0	0	0	0	0	2044958	
52	1	B	1	N	2500	0	40	25	38	1	1	1	0	0	0	0	0	0	0	0	0	0	0	0	2045270	
53	1	B	1	N	2500	0	40	22	29	1	1	2	0	0	0	0	0	0	0	0	0	0	0	0	2045270	
54	1	B	1	N	2500	0	40	183	767	50	22	18	0	0	0	0	0	0	0	0	0	0	0	0	2045441	
55	1	B	1	N	2500	0	40	243	676	29	16	11	0	0	0	0	0	0	0	0	0	0	0	0	2045441	
56	1	B	1	N	2500	0	40	68	114	3	2	2	0	0	0	0	0	0	0	0	0	0	0	0	2045441	
57	1	B	1	N	2500	0	40	312	919	56	25	21	0	0	0	0	0	0	0	0	0	0	0	0	2045535	
58	1	B	1	N	2500	0	40	244	698	32	16	14	0	0	0	0	0	0	0	0	0	0	0	0	2045909	
59	1	B	1	N	2500	0	40	220	1032	58	26	18	0	0	0	0	0	0	0	0	0	0	0	0	2046081	
60	1	B	1	N	2500	0	40	346	923	58	23	21	0	0	0	0	0	0	0	0	0	0	0	0	2046237	
61	1	B	1	N	2500	0	40	22	39	6	8	8	0	0	0	0	0	0	0	0	0	0	0	0	2046253	
62	1	B	1	N	2500	0	40	299	925	67	25	19	0	0	0	0	0	0	0	0	0	0	0	0	2046268	
63	1	B	1	N	2500	0	40	182	586	17	12	11	0	0	0	0	0	0	0	0	0	0	0	0	2046315	
64	1	B	1	N	2500	0	40	229	708	30	17	14	0	0	0	0	0	0	0	0	0	0	0	0	2046346	
65	1	B	1	N	2500	0	40	328	1035	56	25	21	0	0	0	0	0	0	0	0	0	0	0	0	2046549	
66	1	B	1	N	2500	0	40	460	1258	73	33	26	0	0	0	0	0	0	0	0	0	0	0	0	2046565	
67	1	B	1	N	2500	0	40	354	1101	67	29	24	0	0	0	0	0	0	0	0	0	0	0	0	2046939	
68	1	B	1	N	2500	0	40	272	945	49	25	21	0	0	0	0	0	0	0	0	0	0	0	0	2047111	
69	1	B	1	N	2500	0	40	112	200	43	22	9	0	0	0	0	0	0	0	0	0	0	0	0	2047251	
70	1	B	1	N	2500	0	40	419	1317	100	32	30	0	0	0	0	0	0	0	0	0	0	0	0	2047360	
71	1	B	1	N	2500	0	40	318	726	30	14	12	0	0	0	0	0	0	0	0	0	0	0	0	2047407	
72	1	B	1	N	2500	0	40	241	823	44	22	15	0	0	0	0	0	0	0	0	0	0	0	0	2047454	
73	1	B	1	N	2500	0	40	242	763	35	18	14	0	0	0	0	0	0	0	0	0	0	0	0	2047672	
74	1	B	1	N	2500	0	40	24	25	0	1	0	0	0	0	0	0	0	0	0	0	0	0	0	2048015	
75	1	B	1	N	2500	0	40	42	80	3	2	3	0	0	0	0	0	0	0	0	0	0	0	0	2048015	
76	1	B	1	N	2500	0	40	58	110	5	5	5	0	0	0	0	0	0	0	0	0	0	0	0	2048031	
77	1	B	1	N	2500	0	40	37	68	4	3	3	0	0	0	0	0	0	0	0	0	0	0	0	2048031	
78	1	B	1	N	2500	0	40	450	1145	112	32	23	0	0	0	0	0	0	0	0	0	0	0	0	2048343	
79	1	B	1	N	2500	0	40	246	916	46	22	19	0	0	0	0	0	0	0	0	0	0	0	0	2048374	
80	1	C	1	N	2500	0	40	36	48	8	4	1	0	0	0	0	0	0	0	0	0	0	0	0	2055925	
81	1	C	1	N	2500	0	40	295	795	30	18	13	0	0	0	0	0	0	0	0	0	0	0	0	2056065	
82	1	C	1	N	2500	0	40	81	161	28	17	9	0	0	0	0	0	0	0	0	0	0	0	0	2056159	
83	1	C	1	N	2500	0	40	34	38	7	3	1	0	0	0	0	0	0	0	0	0	0	0	0	2056221	
84	1	C	1	N	2500	0	40	176	476	18	9	8	0	0	0	0	0	0	0	0	0	0	0	0	2056221	
85	1	C	1	N	2500	0	40	74	115	16	11	4	0	0	0	0	0	0	0	0	0	0	0	0	2056393	
86	1	C	1	N	2500	0	40	260	886	44	22	16	0	0	0	0	0	0	0	0	0	0	0	0	2056752	
87	1	C	1	N	2500	0	40	315	954	54	24	19	0	0	0	0	0	0	0	0	0	0	0	0	2057188	
88	1	C	1	N	2500	0	40	226	801	49	22	17	0	0	0	0	0	0	0	0	0	0	0	0	2057282	
89	1	C	1	N	2500	0	40	34	61	9	5	2	0	0	0	0	0	0	0	0	0	0	0	0	2057500	
90	1	C	1	N	2500	0	40	32	37	1	0	0	0	0	0	0	0	0	0	0	0	0	0	0	2057625	
91	1	C	1	N	2500	0	40	204	548	27	13	11	0	0	0	0	0	0	0	0	0	0	0	0	2057703	
92	1	C	1	N	2500	0	40	243	700	37	18	14	0	0	0	0	0	0	0	0	0	0	0	0	2057750	
93	1	C	1	N	2500	0	40	232	867	45	20	17	0	0	0	0	0	0	0	0	0	0	0	0	2057859	
94	1	C	1	N	2500	0	40	34	65	2	2	3	0	0	0	0	0	0	0	0	0	0	0	0	2058000	
95	1	C	1	N	2500	0	40	29	31	3	2	1	0	0	0	0	0	0	0	0	0	0	0	0	2058062	
96	1	C	1	N	2500	0	40	33	50	7	4	2	0	0	0	0	0	0	0	0	0	0	0	0	2058140	
97	1	C	1	N	2500	0	40	278	879	52	22	17	0	0	0	0	0	0	0	0	0	0	0	0	2058483	
98	1	C	1	N	2500	0	40	229	766	47	19	15	0	0	0	0	0	0	0	0	0	0	0	0	2058826	
99	1	C	1	N	2500	0	40	271	851	54	24	21	0	0	0	0	0	0	0	0	0	0	0	0	2059450	
100	1	C	1	N	2500	0	40	172	595	35	16	12	0	0	0	0	0	0	0	0	0	0	0	0	2059466	
101	1	C	1	N	2500	0	40	74	216	7	6	4	0	0	0	0	0	0	0	0	0	0	0	0	2059591	
102	1	C	1	N	2500	0	40	122	742	115	114	122	0	0	0	0	0	0	0	0	0	0	0	0	2059731	
103	1	C	1	N	2500	0	40	26	39	7	7	6	0	0	0	0	0	0	0	0	0	0	0	0	2059747	
104	1	C	1	N	2500	0	40	168	623	43	18	16	0	0	0	0	0	0	0	0	0	0	0	0	2059747	
105	1	C	1	N	2500	0	40	24	38	7	9	9	0	0	0	0	0	0	0	0	0	0	0	0	2060121	
106	1	C	1	N	2500	0	40	360	1262	68	33	24	0	0	0	0	0	0	0	0	0	0	0	0	2060199	
107	1	C	1	N	2500	0	40	22	40	5	6	6	0	0	0	0	0	0	0	0	0	0	0	0	2060246	
108	1	C	1	N	2500	0	40	25	20	0	0	1	0	0	0	0	0	0	0	0	0	0	0	0	2060683	
109	1	C	1	N	2500	0	40	335	966	57	23	17	0	0	0	0	0	0	0	0	0	0	0	0	2060698	
110	1	C	1	N	2500	0	40	28	32	5	3	1	0	0	0	0	0	0	0	0	0	0	0	0	2060730	
111	1	C	1	N	2500	0	40	85	104	17	11	5	0	0	0	0	0	0	0	0	0	0	0	0	2060870	
112	1	C	1	N	2500	0	40	361	1084	40	22	19	0	0	0	0	0	0	0	0	0	0	0	0	2060886	
113	1	C	1	N	2500	0	40	219	589	32	14	13	0	0	0	0	0	0	0	0	0	0	0	0	2061073	
114	1	C	1	N	2500	0	40	314	1067	70	33	27	0	0	0	0	0	0	0	0	0	0	0	0	2061104	
115	1	C	1	N	2500	0	40	1754	4423	222	26	42	0	0	0	0	0	0	0	0	0	0	0	0	2061213	
116	1	C	1	N	2500	0	40	193	755	35	19	16	0	0	0	0	0	0	0	0	0	0	0	0	2061478	
117	1	C	1	N	2500	0	40	44	66	1	1	2	0	0	0	0	0	0	0	0	0	0	0	0	2061666	
118	1	C	1	N	2500	0	40	27	52	7	8	8	0	0	0	0	0	0	0	0	0	0	0	0	2062430	
119	1	D	1	N	2500	0	40	289	396	25	9	7	0	0	0	0	0	0	0	0	0	0	0	0	2070542	
120	1	D	1	N	2500	0	40	125	484	26	12	9	0	0	0	0	0	0	0	0	0	0	0	0	2071338	
121	1	D	1	N	2500	0	40	34	60	2	1	1	0	0	0	0	0	0	0	0	0	0	0	0	2071603	
122	1	D	1	N	2500	0	40	25	48	7	9	10	0	0	0	0	0	0	0	0	0	0	0	0	2071743	
123	1	D	1	N	2500	0	40	23	25	4	3	1	0	0	0	0	0	0	0	0	0	0	0	0	2071930	
124	1	D	1	N	2500	0	40	46	92	16	6	2	0	0	0	0	0	0	0	0	0	0	0	0	2073007	
125	1	D	1	N	2500	0	40	21	32	3	3	3	0	0	0	0	0	0	0	0	0	0	0	0	2073116	
126	1	D	1	N	2500	0	40	297	638	24	15	11	0	0	0	0	0	0	0	0	0	0	0	0	2073350	
127	1	D	1	N	2500	0	40	26	22	2	1	2	0	0	0	0	0	0	0	0	0	0	0	0	2073475	
128	1	D	1	N	2500	0	40	65	65	1	1	1	0	0	0	0	0	0	0	0	0	0	0	0	2073631	
129	1	D	1	N	2500	0	40	150	413	15	10	9	0	0	0	0	0	0	0	0	0	0	0	0	2073740	
130	1	D	1	N	2500	0	40	22	38	7	6	7	0	0	0	0	0	0	0	0	0	0	0	0	2073756	
131	1	D	1	N	2500	0	40	43	81	3	1	1	0	0	0	0	0	0	0	0	0	0	0	0	2073958	
132	1	D	1	N	2500	0	40	221	675	34	16	12	0	0	0	0	0	0	0	0	0	0	0	0	2074021	
133	1	D	1	N	2500	0	40	23	21	3	2	1	0	0	0	0	0	0	0	0	0	0	0	0	2074177	
134	1	D	1	N	2500	0	40	232	469	25	9	8	0	0	0	0	0	0	0	0	0	0	0	0	2074192	
135	1	D	1	N	2500	0	40	23	29	2	2	3	0	0	0	0	0	0	0	0	0	0	0	0	2074239	
136	1	D	1	N	2500	0	40	161	525	21	12	10	0	0	0	0	0	0	0	0	0	0	0	0	2074411	
137	1	D	1	N	2500	0	40	235	728	35	17	10	0	0	0	0	0	0	0	0	0	0	0	0	2076174	
138	1	D	1	N	2500	0	40	309	790	35	17	14	0	0	0	0	0	0	0	0	0	0	0	0	2076205	
139	1	D	1	N	2500	0	40	182	452	17	9	7	0	0	0	0	0	0	0	0	0	0	0	0	2076735	
140	1	D	1	N	2500	0	40	71	81	1	1	1	0	0	0	0	0	0	0	0	0	0	0	0	2077484	
141	1	E	1	N	2500	0	40	40	55	2	2	3	0	0	0	0	0	0	0	0	0	0	0	0	2085128	
142	1	E	1	N	2500	0	40	26	42	8	9	8	0	0	0	0	0	0	0	0	0	0	0	0	2085456	
143	1	E	1	N	2500	0	40	56	191	28	12	5	0	0	0	0	0	0	0	0	0	0	0	0	2085534	
144	1	E	1	N	2500	0	40	96	197	4	3	2	0	0	0	0	0	0	0	0	0	0	0	0	2085565	
145	1	E	1	N	2500	0	40	195	541	21	13	8	0	0	0	0	0	0	0	0	0	0	0	0	2085830	
146	1	E	1	N	2500	0	40	174	431	17	7	6	0	0	0	0	0	0	0	0	0	0	0	0	2086672	
147	1	E	1	N	2500	0	40	38	34	1	1	1	0	0	0	0	0	0	0	0	0	0	0	0	2086953	
148	1	E	1	N	2500	0	40	22	36	6	8	7	0	0	0	0	0	0	0	0	0	0	0	0	2087109	
149	1	E	1	N	2500	0	40	26	29	0	0	0	0	0	0	0	0	0	0	0	0	0	0	0	2087281	
150	1	E	1	N	2500	0	40	233	524	23	9	8	0	0	0	0	0	0	0	0	0	0	0	0	2087733	
151	1	E	1	N	2500	0	40	27	40	3	2	1	0	0	0	0	0	0	0	0	0	0	0	0	2087796	
152	1	E	1	N	2500	0	40	32	53	1	0	0	0	0	0	0	0	0	0	0	0	0	0	0	2088014	
153	1	E	1	N	2500	0	40	229	539	19	11	9	0	0	0	0	0	0	0	0	0	0	0	0	2088232	
154	1	E	1	N	2500	0	40	198	441	16	8	8	0	0	0	0	0	0	0	0	0	0	0	0	2089293	
155	1	E	1	N	2500	0	40	20	28	1	0	0	0	0	0	0	0	0	0	0	0	0	0	0	2089605	
156	1	E	1	N	2500	0	40	208	508	31	11	10	0	0	0	0	0	0	0	0	0	0	0	0	2089636	
157	1	E	1	N	2500	0	40	209	495	22	9	8	0	0	0	0	0	0	0	0	0	0	0	0	2089995	
158	1	E	1	N	2500	0	40	91	347	33	34	39	0	0	0	0	0	0	0	0	0	0	0	0	2090182	
159	1	E	1	N	2500	0	40	132	217	5	3	4	0	0	0	0	0	0	0	0	0	0	0	0	2090292	
160	1	E	1	N	2500	0	40	23	27	0	1	1	0	0	0	0	0	0	0	0	0	0	0	0	2090416	
161	1	E	1	N	2500	0	40	234	618	25	13	11	0	0	0	0	0	0	0	0	0	0	0	0	2090900	
162	1	E	1	N	2500	0	40	207	618	26	12	11	0	0	0	0	0	0	0	0	0	0	0	0	2092491	
163	1	E	1	N	2500	0	40	281	718	24	13	9	0	0	0	0	0	0	0	0	0	0	0	0	2092507	
164	1	F	1	N	2500	0	40	34	74	17	8	3	0	0	0	0	0	0	0	0	0	0	0	0	2099761	
165	1	F	1	N	2500	0	40	164	275	10	6	7	0	0	0	0	0	0	0	0	0	0	0	0	2099979	
166	1	F	1	N	2500	0	40	37	88	5	4	6	0	0	0	0	0	0	0	0	0	0	0	0	2100307	
167	1	F	1	N	2500	0	40	24	28	0	0	0	0	0	0	0	0	0	0	0	0	0	0	0	2100650	
168	1	F	1	N	2500	0	40	120	189	6	4	4	0	0	0	0	0	0	0	0	0	0	0	0	2101212	
169	1	F	1	N	2500	0	40	107	153	5	4	4	0	0	0	0	0	0	0	0	0	0	0	0	2101352	
170	1	F	1	N	2500	0	40	23	24	0	0	0	0	0	0	0	0	0	0	0	0	0	0	0	2101804	
171	1	F	1	N	2500	0	40	26	53	2	2	3	0	0	0	0	0	0	0	0	0	0	0	0	2101867	
172	1	F	1	N	2500	0	40	142	244	8	4	4	0	0	0	0	0	0	0	0	0	0	0	0	2101898	
173	1	F	1	N	2500	0	40	43	69	1	1	1	0	0	0	0	0	0	0	0	0	0	0	0	2102054	
174	1	F	1	N	2500	0	40	20	19	0	0	0	0	0	0	0	0	0	0	0	0	0	0	0	2102163	
175	1	F	1	N	2500	0	40	46	61	2	1	2	0	0	0	0	0	0	0	0	0	0	0	0	2102319	
176	1	F	1	N	2500	0	40	21	29	2	3	3	0	0	0	0	0	0	0	0	0	0	0	0	2102569	
177	1	F	1	N	2500	0	40	36	63	2	1	1	0	0	0	0	0	0	0	0	0	0	0	0	2102803	
178	1	F	1	N	2500	0	40	57	83	16	9	3	0	0	0	0	0	0	0	0	0	0	0	0	2102912	
179	1	F	1	N	2500	0	40	48	42	1	0	1	0	0	0	0	0	0	0	0	0	0	0	0	2102928	
180	1	F	1	N	2500	0	40	37	45	7	5	2	0	0	0	0	0	0	0	0	0	0	0	0	2102974	
181	1	F	1	N	2500	0	40	101	218	9	5	3	0	0	0	0	0	0	0	0	0	0	0	0	2103864	
182	1	F	1	N	2500	0	40	29	38	1	1	1	0	0	0	0	0	0	0	0	0	0	0	0	2103895	
183	1	F	1	N	2500	0	40	24	42	2	1	1	0	0	0	0	0	0	0	0	0	0	0	0	2103895	
184	1	F	1	N	2500	0	40	280	529	27	10	8	0	0	0	0	0	0	0	0	0	0	0	0	2104051	
185	1	F	1	N	2500	0	40	28	37	1	0	1	0	0	0	0	0	0	0	0	0	0	0	0	2104519	
186	1	F	1	N	2500	0	40	140	367	10	6	3	0	0	0	0	0	0	0	0	0	0	0	0	2104940	
187	1	F	1	N	2500	0	40	143	286	7	4	4	0	0	0	0	0	0	0	0	0	0	0	0	2105018	
188	1	F	1	N	2500	0	40	173	327	12	9	7	0	0	0	0	0	0	0	0	0	0	0	0	2105096	
189	1	F	1	N	2500	0	40	109	199	5	5	5	0	0	0	0	0	0	0	0	0	0	0	0	2105299	
190	1	F	1	N	2500	0	40	87	118	4	3	3	0	0	0	0	0	0	0	0	0	0	0	0	2105564	
191	1	F	1	N	2500	0	40	131	284	8	6	4	0	0	0	0	0	0	0	0	0	0	0	0	2105564	
192	1	F	1	N	2500	0	40	31	37	1	0	1	0	0	0	0	0	0	0	0	0	0	0	0	2105626	
193	1	F	1	N	2500	0	40	25	28	0	0	0	0	0	0	0	0	0	0	0	0	0	0	0	2105923	
194	1	F	1	N	2500	0	40	153	325	8	6	5	0	0	0	0	0	0	0	0	0	0	0	0	2105923	
195	1	F	1	N	2500	0	40	71	262	10	5	6	0	0	0	0	0	0	0	0	0	0	0	0	2106079	
196	1	F	1	N	2500	0	40	20	23	0	0	0	0	0	0	0	0	0	0	0	0	0	0	0	2106313	
197	1	F	1	N	2500	0	40	25	35	0	0	0	0	0	0	0	0	0	0	0	0	0	0	0	2106328	
198	1	F	1	N	2500	0	40	21	19	3	2	0	0	0	0	0	0	0	0	0	0	0	0	0	2106453	
199	1	F	1	N	2500	0	40	101	163	5	2	2	0	0	0	0	0	0	0	0	0	0	0	0	2106469	
200	1	F	1	N	2500	0	40	75	288	13	10	12	0	0	0	0	0	0	0	0	0	0	0	0	2106594	
201	1	F	1	N	2500	0	40	28	30	5	2	1	0	0	0	0	0	0	0	0	0	0	0	0	2106672	
202	1	F	1	N	2500	0	40	75	198	14	8	9	0	0	0	0	0	0	0	0	0	0	0	0	2107171	
203	1	G	1	N	2500	0	40	58	205	18	5	5	0	0	0	0	0	0	0	0	0	0	0	0	2114472	
204	1	G	1	N	2500	0	40	20	17	0	0	0	0	0	0	0	0	0	0	0	0	0	0	0	2114472	
205	1	G	1	N	2500	0	40	27	34	2	1	1	0	0	0	0	0	0	0	0	0	0	0	0	2114581	
206	1	G	1	N	2500	0	40	21	24	1	0	0	0	0	0	0	0	0	0	0	0	0	0	0	2114862	
207	1	G	1	N	2500	0	40	31	54	3	1	1	0	0	0	0	0	0	0	0	0	0	0	0	2115330	
208	1	G	1	N	2500	0	40	48	96	9	3	2	0	0	0	0	0	0	0	0	0	0	0	0	2115423	
209	1	G	1	N	2500	0	40	23	35	1	0	1	0	0	0	0	0	0	0	0	0	0	0	0	2115595	
210	1	G	1	N	2500	0	40	21	31	3	1	2	0	0	0	0	0	0	0	0	0	0	0	0	2115642	
211	1	G	1	N	2500	0	40	20	21	1	0	0	0	0	0	0	0	0	0	0	0	0	0	0	2115735	
212	1	G	1	N	2500	0	40	21	30	1	0	0	0	0	0	0	0	0	0	0	0	0	0	0	2115782	
213	1	G	1	N	2500	0	40	24	35	1	0	0	0	0	0	0	0	0	0	0	0	0	0	0	2115813	
214	1	G	1	N	2500	0	40	74	237	19	5	5	0	0	0	0	0	0	0	0	0	0	0	0	2115813	
215	1	G	1	N	2500	0	40	21	21	1	0	0	0	0	0	0	0	0	0	0	0	0	0	0	2115829	
216	1	G	1	N	2500	0	40	44	75	4	1	1	0	0	0	0	0	0	0	0	0	0	0	0	2115829	
217	1	G	1	N	2500	0	40	20	34	2	0	1	0	0	0	0	0	0	0	0	0	0	0	0	2116078	
218	1	G	1	N	2500	0	40	108	139	3	2	3	0	0	0	0	0	0	0	0	0	0	0	0	2116188	
219	1	G	1	N	2500	0	40	24	29	1	0	0	0	0	0	0	0	0	0	0	0	0	0	0	2116250	
220	1	G	1	N	2500	0	40	28	55	3	1	1	0	0	0	0	0	0	0	0	0	0	0	0	2116375	
221	1	G	1	N	2500	0	40	65	166	20	3	2	0	0	0	0	0	0	0	0	0	0	0	0	2116406	
222	1	G	1	N	2500	0	40	34	77	8	2	2	0	0	0	0	0	0	0	0	0	0	0	0	2116578	
223	1	G	1	N	2500	0	40	20	23	1	0	0	0	0	0	0	0	0	0	0	0	0	0	0	2116780	
224	1	G	1	N	2500	0	40	23	26	1	0	0	0	0	0	0	0	0	0	0	0	0	0	0	2116827	
225	1	G	1	N	2500	0	40	144	438	49	19	24	0	0	0	0	0	0	0	0	0	0	0	0	2116921	
226	1	G	1	N	2500	0	40	29	34	1	0	0	0	0	0	0	0	0	0	0	0	0	0	0	2116921	
227	1	G	1	N	2500	0	40	20	23	1	0	0	0	0	0	0	0	0	0	0	0	0	0	0	2116921	
228	1	G	1	N	2500	0	40	46	90	4	1	2	0	0	0	0	0	0	0	0	0	0	0	0	2116968	
229	1	G	1	N	2500	0	40	21	35	1	0	0	0	0	0	0	0	0	0	0	0	0	0	0	2116968	
230	1	G	1	N	2500	0	40	64	195	17	5	5	0	0	0	0	0	0	0	0	0	0	0	0	2116968	
231	1	G	1	N	2500	0	40	26	35	2	0	0	0	0	0	0	0	0	0	0	0	0	0	0	2116968	
232	1	G	1	N	2500	0	40	38	76	3	1	1	0	0	0	0	0	0	0	0	0	0	0	0	2117014	
233	1	G	1	N	2500	0	40	22	32	1	0	0	0	0	0	0	0	0	0	0	0	0	0	0	2117077	
234	1	G	1	N	2500	0	40	25	40	3	0	0	0	0	0	0	0	0	0	0	0	0	0	0	2117139	
235	1	G	1	N	2500	0	40	34	69	8	1	0	0	0	0	0	0	0	0	0	0	0	0	0	2117186	
236	1	G	1	N	2500	0	40	35	67	3	1	0	0	0	0	0	0	0	0	0	0	0	0	0	2117202	
237	1	G	1	N	2500	0	40	77	139	3	2	3	0	0	0	0	0	0	0	0	0	0	0	0	2117326	
238	1	G	1	N	2500	0	40	27	56	3	1	1	0	0	0	0	0	0	0	0	0	0	0	0	2117326	
239	1	G	1	N	2500	0	40	37	82	6	2	2	0	0	0	0	0	0	0	0	0	0	0	0	2117326	
240	1	G	1	N	2500	0	40	30	42	2	0	0	0	0	0	0	0	0	0	0	0	0	0	0	2117342	
241	1	G	1	N	2500	0	40	120	171	4	2	2	0	0	0	0	0	0	0	0	0	0	0	0	2117389	
242	1	G	1	N	2500	0	40	24	26	1	0	0	0	0	0	0	0	0	0	0	0	0	0	0	2117404	
243	1	G	1	N	2500	0	40	28	49	2	1	1	0	0	0	0	0	0	0	0	0	0	0	0	2117529	
244	1	G	1	N	2500	0	40	29	59	4	1	1	0	0	0	0	0	0	0	0	0	0	0	0	2117716	
245	1	G	1	N	2500	0	40	20	25	1	0	0	0	0	0	0	0	0	0	0	0	0	0	0	2117763	
246	1	G	1	N	2500	0	40	29	64	3	0	1	0	0	0	0	0	0	0	0	0	0	0	0	2117810	
247	1	G	1	N	2500	0	40	66	168	12	4	3	0	0	0	0	0	0	0	0	0	0	0	0	2117810	
248	1	G	1	N	2500	0	40	24	32	1	0	0	0	0	0	0	0	0	0	0	0	0	0	0	2117872	
249	1	G	1	N	2500	0	40	22	32	2	0	0	0	0	0	0	0	0	0	0	0	0	0	0	2117982	
250	1	G	1	N	2500	0	40	53	125	9	4	5	0	0	0	0	0	0	0	0	0	0	0	0	2117982	
251	1	G	1	N	2500	0	40	24	39	3	1	1	0	0	0	0	0	0	0	0	0	0	0	0	2118294	
252	1	G	1	N	2500	0	40	40	49	3	1	1	0	0	0	0	0	0	0	0	0	0	0	0	2118309	
253	1	G	1	N	2500	0	40	44	117	7	2	1	0	0	0	0	0	0	0	0	0	0	0	0	2118325	
254	1	G	1	N	2500	0	40	38	111	8	3	4	0	0	0	0	0	0	0	0	0	0	0	0	2118340	
255	1	G	1	N	2500	0	40	20	32	1	1	0	0	0	0	0	0	0	0	0	0	0	0	0	2118356	
256	1	G	1	N	2500	0	40	21	24	0	0	1	0	0	0	0	0	0	0	0	0	0	0	0	2118356	
257	1	G	1	N	2500	0	40	29	45	2	0	1	0	0	0	0	0	0	0	0	0	0	0	0	2118637	
258	1	G	1	N	2500	0	40	20	26	1	0	0	0	0	0	0	0	0	0	0	0	0	0	0	2118637	
259	1	G	1	N	2500	0	40	33	49	3	0	1	0	0	0	0	0	0	0	0	0	0	0	0	2118668	
260	1	G	1	N	2500	0	40	92	121	3	2	2	0	0	0	0	0	0	0	0	0	0	0	0	2118762	
261	1	G	1	N	2500	0	40	26	41	2	0	1	0	0	0	0	0	0	0	0	0	0	0	0	2118808	
262	1	G	1	N	2500	0	40	23	23	1	0	0	0	0	0	0	0	0	0	0	0	0	0	0	2118808	
263	1	G	1	N	2500	0	40	39	107	8	1	2	0	0	0	0	0	0	0	0	0	0	0	0	2118840	
264	1	G	1	N	2500	0	40	104	130	4	3	4	0	0	0	0	0	0	0	0	0	0	0	0	2118840	
265	1	G	1	N	2500	0	40	269	681	26	14	17	0	0	0	0	0	0	0	0	0	0	0	0	2118980	
266	1	G	1	N	2500	0	40	100	283	10	6	7	0	0	0	0	0	0	0	0	0	0	0	0	2118980	
267	1	G	1	N	2500	0	40	57	102	2	2	2	0	0	0	0	0	0	0	0	0	0	0	0	2119027	
268	1	G	1	N	2500	0	40	28	55	2	1	0	0	0	0	0	0	0	0	0	0	0	0	0	2119058	
269	1	G	1	N	2500	0	40	66	87	1	1	2	0	0	0	0	0	0	0	0	0	0	0	0	2119074	
270	1	G	1	N	2500	0	40	75	173	14	4	4	0	0	0	0	0	0	0	0	0	0	0	0	2119183	
271	1	G	1	N	2500	0	40	42	73	4	1	2	0	0	0	0	0	0	0	0	0	0	0	0	2119198	
272	1	G	1	N	2500	0	40	20	24	1	0	0	0	0	0	0	0	0	0	0	0	0	0	0	2119198	
273	1	G	1	N	2500	0	40	28	44	1	0	0	0	0	0	0	0	0	0	0	0	0	0	0	2119230	
274	1	G	1	N	2500	0	40	72	118	2	1	2	0	0	0	0	0	0	0	0	0	0	0	0	2119276	
275	1	G	1	N	2500	0	40	57	143	12	4	5	0	0	0	0	0	0	0	0	0	0	0	0	2119308	
276	1	G	1	N	2500	0	40	29	41	2	0	1	0	0	0	0	0	0	0	0	0	0	0	0	2119323	
277	1	G	1	N	2500	0	40	24	35	2	0	0	0	0	0	0	0	0	0	0	0	0	0	0	2119370	
278	1	G	1	N	2500	0	40	28	48	8	7	5	0	0	0	0	0	0	0	0	0	0	0	0	2119417	
279	1	G	1	N	2500	0	40	33	100	4	1	2	0	0	0	0	0	0	0	0	0	0	0	0	2119464	
280	1	G	1	N	2500	0	40	20	21	0	0	0	0	0	0	0	0	0	0	0	0	0	0	0	2119479	
281	1	G	1	N	2500	0	40	101	117	3	2	5	0	0	0	0	0	0	0	0	0	0	0	0	2119526	
282	1	G	1	N	2500	0	40	21	25	1	0	0	0	0	0	0	0	0	0	0	0	0	0	0	2119557	
283	1	G	1	N	2500	0	40	62	153	16	5	6	0	0	0	0	0	0	0	0	0	0	0	0	2119651	
284	1	G	1	N	2500	0	40	29	45	2	0	0	0	0	0	0	0	0	0	0	0	0	0	0	2119651	
285	1	G	1	N	2500	0	40	20	19	0	0	0	0	0	0	0	0	0	0	0	0	0	0	0	2119666	
286	1	G	1	N	2500	0	40	36	53	2	0	1	0	0	0	0	0	0	0	0	0	0	0	0	2119666	
287	1	G	1	N	2500	0	40	46	71	3	2	2	0	0	0	0	0	0	0	0	0	0	0	0	2119807	
288	1	G	1	N	2500	0	40	51	56	4	2	0	0	0	0	0	0	0	0	0	0	0	0	0	2119978	
289	1	G	1	N	2500	0	40	92	127	3	2	1	0	0	0	0	0	0	0	0	0	0	0	0	2120025	
290	1	G	1	N	2500	0	40	46	148	12	3	3	0	0	0	0	0	0	0	0	0	0	0	0	2120041	
291	1	G	1	N	2500	0	40	101	132	3	2	2	0	0	0	0	0	0	0	0	0	0	0	0	2120088	
292	1	G	1	N	2500	0	40	33	41	2	0	0	0	0	0	0	0	0	0	0	0	0	0	0	2120103	
293	1	G	1	N	2500	0	40	27	38	2	0	0	0	0	0	0	0	0	0	0	0	0	0	0	2120353	
294	1	G	1	N	2500	0	40	61	155	10	3	6	0	0	0	0	0	0	0	0	0	0	0	0	2120431	
295	1	G	1	N	2500	0	40	24	31	2	0	0	0	0	0	0	0	0	0	0	0	0	0	0	2120431	
296	1	G	1	N	2500	0	40	63	112	6	2	2	0	0	0	0	0	0	0	0	0	0	0	0	2120431	
297	1	G	1	N	2500	0	40	70	125	6	2	3	0	0	0	0	0	0	0	0	0	0	0	0	2120431	
298	1	G	1	N	2500	0	40	99	218	16	4	5	0	0	0	0	0	0	0	0	0	0	0	0	2120431	
299	1	G	1	N	2500	0	40	68	178	18	5	6	0	0	0	0	0	0	0	0	0	0	0	0	2120446	
300	1	G	1	N	2500	0	40	20	22	0	0	0	0	0	0	0	0	0	0	0	0	0	0	0	2120446	
301	1	G	1	N	2500	0	40	64	106	5	1	3	0	0	0	0	0	0	0	0	0	0	0	0	2120446	
302	1	G	1	N	2500	0	40	25	23	0	0	0	0	0	0	0	0	0	0	0	0	0	0	0	2120446	
303	1	G	1	N	2500	0	40	30	32	0	0	0	0	0	0	0	0	0	0	0	0	0	0	0	2120446	
304	1	G	1	N	2500	0	40	22	23	0	0	0	0	0	0	0	0	0	0	0	0	0	0	0	2120446	
305	1	G	1	N	2500	0	40	30	28	1	0	0	0	0	0	0	0	0	0	0	0	0	0	0	2120493	
306	1	G	1	N	2500	0	40	33	33	2	0	0	0	0	0	0	0	0	0	0	0	0	0	0	2120540	
307	1	G	1	N	2500	0	40	25	27	1	0	0	0	0	0	0	0	0	0	0	0	0	0	0	2120540	
308	1	G	1	N	2500	0	40	67	195	16	5	3	0	0	0	0	0	0	0	0	0	0	0	0	2120540	
309	1	G	1	N	2500	0	40	87	290	24	7	8	0	0	0	0	0	0	0	0	0	0	0	0	2120556	
310	1	G	1	N	2500	0	40	22	25	1	0	0	0	0	0	0	0	0	0	0	0	0	0	0	2120556	
311	1	G	1	N	2500	0	40	20	19	1	0	0	0	0	0	0	0	0	0	0	0	0	0	0	2120556	
312	1	G	1	N	2500	0	40	31	28	1	0	0	0	0	0	0	0	0	0	0	0	0	0	0	2120556	
313	1	G	1	N	2500	0	40	28	57	2	0	1	0	0	0	0	0	0	0	0	0	0	0	0	2120665	
314	1	G	1	N	2500	0	40	21	35	3	0	0	0	0	0	0	0	0	0	0	0	0	0	0	2120836	
315	1	G	1	N	2500	0	40	30	50	3	1	2	0	0	0	0	0	0	0	0	0	0	0	0	2120961	
316	1	G	1	N	2500	0	40	46	81	6	2	1	0	0	0	0	0	0	0	0	0	0	0	0	2121086	
317	1	G	1	N	2500	0	40	41	56	1	0	0	0	0	0	0	0	0	0	0	0	0	0	0	2121289	
318	1	G	1	N	2500	0	40	42	103	5	6	5	0	0	0	0	0	0	0	0	0	0	0	0	2121320	
319	1	G	1	N	2500	0	40	30	35	1	0	0	0	0	0	0	0	0	0	0	0	0	0	0	2121538	
320	1	G	1	N	2500	0	40	36	75	13	14	12	0	0	0	0	0	0	0	0	0	0	0	0	2121601	
321	1	G	1	N	2500	0	40	31	68	5	1	1	0	0	0	0	0	0	0	0	0	0	0	0	2121632	
322	1	G	1	N	2500	0	40	56	138	15	5	6	0	0	0	0	0	0	0	0	0	0	0	0	2121632	
323	1	G	1	N	2500	0	40	50	106	6	5	7	0	0	0	0	0	0	0	0	0	0	0	0	2121694	
324	1	H	1	N	2500	0	40	28	60	2	1	1	0	0	0	0	0	0	0	0	0	0	0	0	2129167	
325	1	H	1	N	2500	0	40	34	44	1	1	1	0	0	0	0	0	0	0	0	0	0	0	0	2129167	
326	1	H	1	N	2500	0	40	29	28	0	0	0	0	0	0	0	0	0	0	0	0	0	0	0	2129276	
327	1	H	1	N	2500	0	40	22	29	1	0	0	0	0	0	0	0	0	0	0	0	0	0	0	2129354	
328	1	H	1	N	2500	0	40	36	55	3	0	1	0	0	0	0	0	0	0	0	0	0	0	0	2129479	
329	1	H	1	N	2500	0	40	29	31	1	0	0	0	0	0	0	0	0	0	0	0	0	0	0	2129619	
330	1	H	1	N	2500	0	40	24	31	1	0	1	0	0	0	0	0	0	0	0	0	0	0	0	2131039	
331	1	H	1	N	2500	0	40	21	37	1	0	0	0	0	0	0	0	0	0	0	0	0	0	0	2131413	
332	1	H	1	N	2500	0	40	27	45	1	0	0	0	0	0	0	0	0	0	0	0	0	0	0	2133769	
333	1	H	1	N	2500	0	40	107	231	17	7	6	0	0	0	0	0	0	0	0	0	0	0	0	2134112	
334	1	H	1	N	2500	0	40	72	233	20	7	4	0	0	0	0	0	0	0	0	0	0	0	0	2134112	
335	1	H	1	N	2500	0	40	21	32	2	0	0	0	0	0	0	0	0	0	0	0	0	0	0	2134393	
336	1	H	1	N	2500	0	40	30	43	4	1	0	0	0	0	0	0	0	0	0	0	0	0	0	2134533	
337	1	H	1	N	2500	0	40	21	26	1	0	0	0	0	0	0	0	0	0	0	0	0	0	0	2134642	
338	1	H	1	N	2500	0	40	24	34	2	1	1	0	0	0	0	0	0	0	0	0	0	0	0	2135500	
339	1	H	1	N	2500	0	40	38	64	5	2	1	0	0	0	0	0	0	0	0	0	0	0	0	2135766	
340	1	H	1	N	2500	0	40	101	131	3	2	3	0	0	0	0	0	0	0	0	0	0	0	0	2135875	
341	1	H	1	N	2500	0	40	36	112	14	1	1	0	0	0	0	0	0	0	0	0	0	0	0	2136234	
342	1	H	1	N	2500	0	40	31	40	2	1	0	0	0	0	0	0	0	0	0	0	0	0	0	2136530	
343	1	A	2	N	2500	0	40	81	338	38	38	48	0	0	0	0	0	0	0	0	0	0	0	0	2145032	
344	1	A	2	N	2500	0	40	310	1129	60	28	22	0	0	0	0	0	0	0	0	0	0	0	0	2145110	
345	1	A	2	N	2500	0	40	30	45	2	2	2	0	0	0	0	0	0	0	0	0	0	0	0	2145531	
346	1	A	2	N	2500	0	40	399	1389	81	32	25	0	0	0	0	0	0	0	0	0	0	0	0	2145999	
347	1	A	2	N	2500	0	40	22	25	4	3	6	0	0	0	0	0	0	0	0	0	0	0	0	2146467	
348	1	A	2	N	2500	0	40	363	1192	63	30	24	0	0	0	0	0	0	0	0	0	0	0	0	2146545	
349	1	A	2	N	2500	0	40	344	1292	62	34	26	0	0	0	0	0	0	0	0	0	0	0	0	2147122	
350	1	A	2	N	2500	0	40	245	1197	75	34	25	0	0	0	0	0	0	0	0	0	0	0	0	2147185	
351	1	A	2	N	2500	0	40	314	889	37	20	16	0	0	0	0	0	0	0	0	0	0	0	0	2148402	
352	1	A	2	N	2500	0	40	291	1150	72	34	27	0	0	0	0	0	0	0	0	0	0	0	0	2148573	
353	1	A	2	N	2500	0	40	28	49	2	2	3	0	0	0	0	0	0	0	0	0	0	0	0	2148870	
354	1	A	2	N	2500	0	40	25	38	6	6	8	0	0	0	0	0	0	0	0	0	0	0	0	2148885	
355	1	A	2	N	2500	0	40	211	1133	76	34	26	0	0	0	0	0	0	0	0	0	0	0	0	2149416	
356	1	A	2	N	2500	0	40	192	1038	63	30	21	0	0	0	0	0	0	0	0	0	0	0	0	2149993	
357	1	A	2	N	2500	0	40	254	793	43	21	17	0	0	0	0	0	0	0	0	0	0	0	0	2150508	
358	1	A	2	N	2500	0	40	34	46	2	2	2	0	0	0	0	0	0	0	0	0	0	0	0	2150788	
359	1	A	2	N	2500	0	40	22	35	1	0	1	0	0	0	0	0	0	0	0	0	0	0	0	2150960	
360	1	A	2	N	2500	0	40	325	1284	70	32	25	0	0	0	0	0	0	0	0	0	0	0	0	2150991	
361	1	A	2	N	2500	0	40	408	1524	84	35	30	0	0	0	0	0	0	0	0	0	0	0	0	2151085	
362	1	A	2	N	2500	0	40	27	38	1	1	1	0	0	0	0	0	0	0	0	0	0	0	0	2151132	
363	1	A	2	N	2500	0	40	22	40	6	6	5	0	0	0	0	0	0	0	0	0	0	0	0	2151288	
364	1	A	2	N	2500	0	40	20	23	1	0	0	0	0	0	0	0	0	0	0	0	0	0	0	2151834	
365	1	A	2	N	2500	0	40	25	26	0	1	0	0	0	0	0	0	0	0	0	0	0	0	0	2151849	
366	1	B	2	N	2500	0	40	288	922	56	26	21	0	0	0	0	0	0	0	0	0	0	0	0	2159852	
367	1	B	2	N	2500	0	40	356	1263	68	32	23	0	0	0	0	0	0	0	0	0	0	0	0	2159992	
368	1	B	2	N	2500	0	40	30	53	4	1	1	0	0	0	0	0	0	0	0	0	0	0	0	2160414	
369	1	B	2	N	2500	0	40	21	17	1	1	1	0	0	0	0	0	0	0	0	0	0	0	0	2161755	
370	1	B	2	N	2500	0	40	26	27	3	1	1	0	0	0	0	0	0	0	0	0	0	0	0	2161802	
371	1	B	2	N	2500	0	40	169	985	74	32	24	0	0	0	0	0	0	0	0	0	0	0	0	2162395	
372	1	B	2	N	2500	0	40	382	1087	57	23	19	0	0	0	0	0	0	0	0	0	0	0	0	2162488	
373	1	B	2	N	2500	0	40	385	1105	53	25	19	0	0	0	0	0	0	0	0	0	0	0	0	2162582	
374	1	B	2	N	2500	0	40	57	151	3	3	4	0	0	0	0	0	0	0	0	0	0	0	0	2162722	
375	1	B	2	N	2500	0	40	200	801	37	20	15	0	0	0	0	0	0	0	0	0	0	0	0	2163393	
376	1	B	2	N	2500	0	40	345	1075	62	28	24	0	0	0	0	0	0	0	0	0	0	0	0	2163674	
377	1	B	2	N	2500	0	40	130	636	32	17	13	0	0	0	0	0	0	0	0	0	0	0	0	2164938	
378	1	B	2	N	2500	0	40	304	979	43	25	22	0	0	0	0	0	0	0	0	0	0	0	0	2165281	
379	1	B	2	N	2500	0	40	371	1227	79	34	26	0	0	0	0	0	0	0	0	0	0	0	0	2165406	
380	1	B	2	N	2500	0	40	44	59	1	1	1	0	0	0	0	0	0	0	0	0	0	0	0	2166201	
381	1	B	2	N	2500	0	40	55	214	18	19	22	0	0	0	0	0	0	0	0	0	0	0	0	2166295	
382	1	B	2	N	2500	0	40	69	172	15	14	15	0	0	0	0	0	0	0	0	0	0	0	0	2166389	
383	1	C	2	N	2500	0	40	41	45	2	2	3	0	0	0	0	0	0	0	0	0	0	0	0	2174173	
384	1	C	2	N	2500	0	40	23	35	1	1	1	0	0	0	0	0	0	0	0	0	0	0	0	2174984	
385	1	C	2	N	2500	0	40	414	1138	48	27	22	0	0	0	0	0	0	0	0	0	0	0	0	2175343	
386	1	C	2	N	2500	0	40	243	643	23	12	9	0	0	0	0	0	0	0	0	0	0	0	0	2175405	
387	1	C	2	N	2500	0	40	55	308	199	245	265	0	0	0	0	0	0	0	0	0	0	0	0	2175686	
388	1	C	2	N	2500	0	40	90	165	27	15	8	0	0	0	0	0	0	0	0	0	0	0	0	2176279	
389	1	C	2	N	2500	0	40	44	61	1	1	1	0	0	0	0	0	0	0	0	0	0	0	0	2176295	
390	1	C	2	N	2500	0	40	56	62	2	2	1	0	0	0	0	0	0	0	0	0	0	0	0	2176700	
391	1	C	2	N	2500	0	40	443	1420	83	39	34	0	0	0	0	0	0	0	0	0	0	0	0	2176856	
392	1	C	2	N	2500	0	40	379	1202	63	28	18	0	0	0	0	0	0	0	0	0	0	0	0	2177153	
393	1	C	2	N	2500	0	40	42	47	1	1	2	0	0	0	0	0	0	0	0	0	0	0	0	2178073	
394	1	C	2	N	2500	0	40	287	1042	53	24	19	0	0	0	0	0	0	0	0	0	0	0	0	2178135	
395	1	C	2	N	2500	0	40	45	72	12	6	3	0	0	0	0	0	0	0	0	0	0	0	0	2178151	
396	1	C	2	N	2500	0	40	20	31	2	2	2	0	0	0	0	0	0	0	0	0	0	0	0	2178198	
397	1	C	2	N	2500	0	40	24	24	0	0	1	0	0	0	0	0	0	0	0	0	0	0	0	2178323	
398	1	C	2	N	2500	0	40	248	1007	65	27	21	0	0	0	0	0	0	0	0	0	0	0	0	2178494	
399	1	C	2	N	2500	0	40	247	904	38	21	16	0	0	0	0	0	0	0	0	0	0	0	0	2178697	
400	1	C	2	N	2500	0	40	199	1079	57	30	22	0	0	0	0	0	0	0	0	0	0	0	0	2178962	
401	1	C	2	N	2500	0	40	286	930	43	22	18	0	0	0	0	0	0	0	0	0	0	0	0	2179212	
402	1	C	2	N	2500	0	40	235	923	56	27	22	0	0	0	0	0	0	0	0	0	0	0	0	2179321	
403	1	C	2	N	2500	0	40	219	1035	59	27	20	0	0	0	0	0	0	0	0	0	0	0	0	2179727	
404	1	C	2	N	2500	0	40	218	1112	56	26	17	0	0	0	0	0	0	0	0	0	0	0	0	2179914	
405	1	C	2	N	2500	0	40	408	1222	72	32	26	0	0	0	0	0	0	0	0	0	0	0	0	2180553	
406	1	C	2	N	2500	0	40	192	965	60	27	21	0	0	0	0	0	0	0	0	0	0	0	0	2180850	
407	1	C	2	N	2500	0	40	223	800	39	21	15	0	0	0	0	0	0	0	0	0	0	0	0	2181021	
408	1	D	2	N	2500	0	40	250	978	64	30	21	0	0	0	0	0	0	0	0	0	0	0	0	2189055	
409	1	D	2	N	2500	0	40	21	29	0	0	1	0	0	0	0	0	0	0	0	0	0	0	0	2189352	
410	1	D	2	N	2500	0	40	205	891	46	23	16	0	0	0	0	0	0	0	0	0	0	0	0	2189601	
411	1	D	2	N	2500	0	40	26	26	0	0	1	0	0	0	0	0	0	0	0	0	0	0	0	2190475	
412	1	D	2	N	2500	0	40	259	748	31	16	12	0	0	0	0	0	0	0	0	0	0	0	0	2190849	
413	1	D	2	N	2500	0	40	300	1091	56	29	21	0	0	0	0	0	0	0	0	0	0	0	0	2190943	
414	1	D	2	N	2500	0	40	296	1028	54	25	16	0	0	0	0	0	0	0	0	0	0	0	0	2191676	
415	1	D	2	N	2500	0	40	210	908	59	28	20	0	0	0	0	0	0	0	0	0	0	0	0	2191801	
416	1	D	2	N	2500	0	40	44	44	1	1	2	0	0	0	0	0	0	0	0	0	0	0	0	2191988	
417	1	D	2	N	2500	0	40	21	26	0	0	1	0	0	0	0	0	0	0	0	0	0	0	0	2192004	
418	1	D	2	N	2500	0	40	287	856	38	17	12	0	0	0	0	0	0	0	0	0	0	0	0	2192160	
419	1	D	2	N	2500	0	40	152	902	70	30	21	0	0	0	0	0	0	0	0	0	0	0	0	2192534	
420	1	D	2	N	2500	0	40	165	653	39	18	14	0	0	0	0	0	0	0	0	0	0	0	0	2192846	
421	1	D	2	N	2500	0	40	128	433	130	164	180	0	0	0	0	0	0	0	0	0	0	0	0	2192846	
422	1	D	2	N	2500	0	40	158	482	133	172	205	0	0	0	0	0	0	0	0	0	0	0	0	2193174	
423	1	D	2	N	2500	0	40	344	1258	71	30	21	0	0	0	0	0	0	0	0	0	0	0	0	2193205	
424	1	D	2	N	2500	0	40	221	873	44	21	16	0	0	0	0	0	0	0	0	0	0	0	0	2193330	
425	1	D	2	N	2500	0	40	143	455	123	156	186	0	0	0	0	0	0	0	0	0	0	0	0	2194047	
426	1	D	2	N	2500	0	40	247	1227	59	29	19	0	0	0	0	0	0	0	0	0	0	0	0	2194141	
427	1	D	2	N	2500	0	40	50	102	5	2	3	0	0	0	0	0	0	0	0	0	0	0	0	2194172	
428	1	D	2	N	2500	0	40	37	33	4	2	1	0	0	0	0	0	0	0	0	0	0	0	0	2194453	
429	1	D	2	N	2500	0	40	24	32	1	1	0	0	0	0	0	0	0	0	0	0	0	0	0	2195373	
430	1	D	2	N	2500	0	40	46	89	5	5	6	0	0	0	0	0	0	0	0	0	0	0	0	2195639	
431	1	D	2	N	2500	0	40	34	44	2	1	1	0	0	0	0	0	0	0	0	0	0	0	0	2195654	
432	1	D	2	N	2500	0	40	323	1468	85	42	33	0	0	0	0	0	0	0	0	0	0	0	0	2196169	
433	1	E	2	N	2500	0	40	198	598	21	14	13	0	0	0	0	0	0	0	0	0	0	0	0	2203673	
434	1	E	2	N	2500	0	40	259	676	22	14	10	0	0	0	0	0	0	0	0	0	0	0	0	2203813	
435	1	E	2	N	2500	0	40	238	647	26	13	11	0	0	0	0	0	0	0	0	0	0	0	0	2203813	
436	1	E	2	N	2500	0	40	262	742	29	14	10	0	0	0	0	0	0	0	0	0	0	0	0	2204094	
437	1	E	2	N	2500	0	40	166	601	27	14	10	0	0	0	0	0	0	0	0	0	0	0	0	2204671	
438	1	E	2	N	2500	0	40	56	164	16	18	20	0	0	0	0	0	0	0	0	0	0	0	0	2204921	
439	1	E	2	N	2500	0	40	220	678	34	16	12	0	0	0	0	0	0	0	0	0	0	0	0	2205108	
440	1	E	2	N	2500	0	40	185	564	28	16	9	0	0	0	0	0	0	0	0	0	0	0	0	2205435	
441	1	E	2	N	2500	0	40	197	552	18	12	9	0	0	0	0	0	0	0	0	0	0	0	0	2206215	
442	1	E	2	N	2500	0	40	80	426	47	51	56	0	0	0	0	0	0	0	0	0	0	0	0	2206886	
443	1	E	2	N	2500	0	40	214	636	26	13	10	0	0	0	0	0	0	0	0	0	0	0	0	2207027	
444	1	E	2	N	2500	0	40	28	35	2	0	0	0	0	0	0	0	0	0	0	0	0	0	0	2209491	
445	1	E	2	N	2500	0	40	274	1041	54	25	16	0	0	0	0	0	0	0	0	0	0	0	0	2210303	
446	1	E	2	N	2500	0	40	32	33	0	1	1	0	0	0	0	0	0	0	0	0	0	0	0	2210490	
447	1	E	2	N	2500	0	40	193	537	20	10	10	0	0	0	0	0	0	0	0	0	0	0	0	2210973	
448	1	F	2	N	2500	0	40	131	333	13	6	7	0	0	0	0	0	0	0	0	0	0	0	0	2218259	
449	1	F	2	N	2500	0	40	197	373	12	6	5	0	0	0	0	0	0	0	0	0	0	0	0	2218633	
450	1	F	2	N	2500	0	40	51	88	13	4	2	0	0	0	0	0	0	0	0	0	0	0	0	2218727	
451	1	F	2	N	2500	0	40	28	48	1	1	2	0	0	0	0	0	0	0	0	0	0	0	0	2218727	
452	1	F	2	N	2500	0	40	115	473	20	10	7	0	0	0	0	0	0	0	0	0	0	0	0	2218789	
453	1	F	2	N	2500	0	40	164	421	17	8	5	0	0	0	0	0	0	0	0	0	0	0	0	2219335	
454	1	F	2	N	2500	0	40	46	56	12	5	1	0	0	0	0	0	0	0	0	0	0	0	0	2219397	
455	1	F	2	N	2500	0	40	20	18	2	1	1	0	0	0	0	0	0	0	0	0	0	0	0	2219397	
456	1	F	2	N	2500	0	40	132	554	23	12	9	0	0	0	0	0	0	0	0	0	0	0	0	2219787	
457	1	F	2	N	2500	0	40	202	446	17	8	6	0	0	0	0	0	0	0	0	0	0	0	0	2219990	
458	1	F	2	N	2500	0	40	145	320	8	4	4	0	0	0	0	0	0	0	0	0	0	0	0	2220817	
459	1	F	2	N	2500	0	40	24	21	3	2	1	0	0	0	0	0	0	0	0	0	0	0	0	2221145	
460	1	F	2	N	2500	0	40	111	284	9	5	6	0	0	0	0	0	0	0	0	0	0	0	0	2221301	
461	1	F	2	N	2500	0	40	35	51	1	0	1	0	0	0	0	0	0	0	0	0	0	0	0	2221332	
462	1	F	2	N	2500	0	40	47	51	7	5	2	0	0	0	0	0	0	0	0	0	0	0	0	2221363	
463	1	F	2	N	2500	0	40	84	267	9	5	2	0	0	0	0	0	0	0	0	0	0	0	0	2221659	
464	1	F	2	N	2500	0	40	151	615	34	15	14	0	0	0	0	0	0	0	0	0	0	0	0	2222174	
465	1	F	2	N	2500	0	40	134	502	18	9	6	0	0	0	0	0	0	0	0	0	0	0	0	2222299	
466	1	F	2	N	2500	0	40	98	411	16	8	5	0	0	0	0	0	0	0	0	0	0	0	0	2222658	
467	1	F	2	N	2500	0	40	220	616	76	82	78	0	0	0	0	0	0	0	0	0	0	0	0	2222954	
468	1	F	2	N	2500	0	40	45	53	2	1	1	0	0	0	0	0	0	0	0	0	0	0	0	2223157	
469	1	F	2	N	2500	0	40	216	566	21	11	9	0	0	0	0	0	0	0	0	0	0	0	0	2223173	
470	1	F	2	N	2500	0	40	31	33	0	0	1	0	0	0	0	0	0	0	0	0	0	0	0	2223282	
471	1	F	2	N	2500	0	40	25	30	1	1	1	0	0	0	0	0	0	0	0	0	0	0	0	2223282	
472	1	F	2	N	2500	0	40	30	29	5	3	1	0	0	0	0	0	0	0	0	0	0	0	0	2223469	
473	1	F	2	N	2500	0	40	181	478	19	10	8	0	0	0	0	0	0	0	0	0	0	0	0	2223921	
474	1	F	2	N	2500	0	40	53	66	10	7	4	0	0	0	0	0	0	0	0	0	0	0	0	2224093	
475	1	F	2	N	2500	0	40	180	460	22	10	8	0	0	0	0	0	0	0	0	0	0	0	0	2224889	
476	1	F	2	N	2500	0	40	208	529	18	12	7	0	0	0	0	0	0	0	0	0	0	0	0	2225575	
477	1	G	2	N	2500	0	40	45	77	6	2	0	0	0	0	0	0	0	0	0	0	0	0	0	2232907	
478	1	G	2	N	2500	0	40	42	61	4	1	0	0	0	0	0	0	0	0	0	0	0	0	0	2232969	
479	1	G	2	N	2500	0	40	36	36	5	2	2	0	0	0	0	0	0	0	0	0	0	0	0	2233219	
480	1	G	2	N	2500	0	40	49	105	12	3	2	0	0	0	0	0	0	0	0	0	0	0	0	2233422	
481	1	G	2	N	2500	0	40	65	171	15	5	4	0	0	0	0	0	0	0	0	0	0	0	0	2233422	
482	1	G	2	N	2500	0	40	22	31	2	0	0	0	0	0	0	0	0	0	0	0	0	0	0	2233593	
483	1	G	2	N	2500	0	40	20	31	1	0	0	0	0	0	0	0	0	0	0	0	0	0	0	2233656	
484	1	G	2	N	2500	0	40	48	111	6	2	3	0	0	0	0	0	0	0	0	0	0	0	0	2233734	
485	1	G	2	N	2500	0	40	41	112	10	2	3	0	0	0	0	0	0	0	0	0	0	0	0	2233734	
486	1	G	2	N	2500	0	40	53	195	17	6	6	0	0	0	0	0	0	0	0	0	0	0	0	2233734	
487	1	G	2	N	2500	0	40	23	30	2	0	0	0	0	0	0	0	0	0	0	0	0	0	0	2233734	
488	1	G	2	N	2500	0	40	22	27	1	0	0	0	0	0	0	0	0	0	0	0	0	0	0	2233874	
489	1	G	2	N	2500	0	40	39	68	4	1	2	0	0	0	0	0	0	0	0	0	0	0	0	2233999	
490	1	G	2	N	2500	0	40	325	1145	285	347	401	0	0	0	0	0	0	0	0	0	0	0	0	2234015	
491	1	G	2	N	2500	0	40	49	79	3	0	1	0	0	0	0	0	0	0	0	0	0	0	0	2234077	
492	1	G	2	N	2500	0	40	90	254	7	4	2	0	0	0	0	0	0	0	0	0	0	0	0	2234139	
493	1	G	2	N	2500	0	40	84	240	7	5	4	0	0	0	0	0	0	0	0	0	0	0	0	2234514	
494	1	G	2	N	2500	0	40	21	34	2	0	0	0	0	0	0	0	0	0	0	0	0	0	0	2234592	
495	1	G	2	N	2500	0	40	46	88	4	1	1	0	0	0	0	0	0	0	0	0	0	0	0	2234685	
496	1	G	2	N	2500	0	40	86	260	23	5	4	0	0	0	0	0	0	0	0	0	0	0	0	2234748	
497	1	G	2	N	2500	0	40	27	31	1	0	0	0	0	0	0	0	0	0	0	0	0	0	0	2234779	
498	1	G	2	N	2500	0	40	43	83	5	2	1	0	0	0	0	0	0	0	0	0	0	0	0	2234779	
499	1	G	2	N	2500	0	40	21	23	2	1	1	0	0	0	0	0	0	0	0	0	0	0	0	2234857	
500	1	G	2	N	2500	0	40	25	28	1	0	0	0	0	0	0	0	0	0	0	0	0	0	0	2234951	
501	1	G	2	N	2500	0	40	58	132	6	3	2	0	0	0	0	0	0	0	0	0	0	0	0	2234966	
502	1	G	2	N	2500	0	40	47	83	4	1	2	0	0	0	0	0	0	0	0	0	0	0	0	2234982	
503	1	G	2	N	2500	0	40	20	19	1	0	0	0	0	0	0	0	0	0	0	0	0	0	0	2234997	
504	1	G	2	N	2500	0	40	57	121	10	4	4	0	0	0	0	0	0	0	0	0	0	0	0	2235013	
505	1	G	2	N	2500	0	40	61	98	5	2	2	0	0	0	0	0	0	0	0	0	0	0	0	2235013	
506	1	G	2	N	2500	0	40	53	124	7	2	3	0	0	0	0	0	0	0	0	0	0	0	0	2235029	
507	1	G	2	N	2500	0	40	34	32	1	0	0	0	0	0	0	0	0	0	0	0	0	0	0	2235122	
508	1	G	2	N	2500	0	40	77	239	19	5	5	0	0	0	0	0	0	0	0	0	0	0	0	2235247	
509	1	G	2	N	2500	0	40	24	35	3	0	1	0	0	0	0	0	0	0	0	0	0	0	0	2235387	
510	1	G	2	N	2500	0	40	27	50	3	1	1	0	0	0	0	0	0	0	0	0	0	0	0	2235465	
511	1	G	2	N	2500	0	40	32	42	3	0	0	0	0	0	0	0	0	0	0	0	0	0	0	2235543	
512	1	G	2	N	2500	0	40	28	30	0	0	1	0	0	0	0	0	0	0	0	0	0	0	0	2235684	
513	1	G	2	N	2500	0	40	23	33	1	0	1	0	0	0	0	0	0	0	0	0	0	0	0	2235840	
514	1	G	2	N	2500	0	40	20	21	2	0	0	0	0	0	0	0	0	0	0	0	0	0	0	2235887	
515	1	G	2	N	2500	0	40	21	29	1	0	0	0	0	0	0	0	0	0	0	0	0	0	0	2235965	
516	1	G	2	N	2500	0	40	23	30	1	0	1	0	0	0	0	0	0	0	0	0	0	0	0	2235965	
517	1	G	2	N	2500	0	40	33	61	2	1	2	0	0	0	0	0	0	0	0	0	0	0	0	2235965	
518	1	G	2	N	2500	0	40	56	71	5	1	1	0	0	0	0	0	0	0	0	0	0	0	0	2235965	
519	1	G	2	N	2500	0	40	34	67	4	1	1	0	0	0	0	0	0	0	0	0	0	0	0	2236105	
520	1	G	2	N	2500	0	40	58	72	6	1	0	0	0	0	0	0	0	0	0	0	0	0	0	2236152	
521	1	G	2	N	2500	0	40	33	61	3	1	1	0	0	0	0	0	0	0	0	0	0	0	0	2236214	
522	1	G	2	N	2500	0	40	33	60	4	1	1	0	0	0	0	0	0	0	0	0	0	0	0	2236448	
523	1	G	2	N	2500	0	40	92	249	7	4	3	0	0	0	0	0	0	0	0	0	0	0	0	2236620	
524	1	G	2	N	2500	0	40	20	29	1	0	0	0	0	0	0	0	0	0	0	0	0	0	0	2236682	
525	1	G	2	N	2500	0	40	96	214	6	4	3	0	0	0	0	0	0	0	0	0	0	0	0	2236854	
526	1	G	2	N	2500	0	40	88	295	8	4	3	0	0	0	0	0	0	0	0	0	0	0	0	2236947	
527	1	G	2	N	2500	0	40	116	255	6	3	3	0	0	0	0	0	0	0	0	0	0	0	0	2236994	
528	1	G	2	N	2500	0	40	30	68	3	1	1	0	0	0	0	0	0	0	0	0	0	0	0	2236994	
529	1	G	2	N	2500	0	40	21	25	1	0	0	0	0	0	0	0	0	0	0	0	0	0	0	2237025	
530	1	G	2	N	2500	0	40	33	56	3	0	0	0	0	0	0	0	0	0	0	0	0	0	0	2237025	
531	1	G	2	N	2500	0	40	60	128	7	2	3	0	0	0	0	0	0	0	0	0	0	0	0	2237384	
532	1	G	2	N	2500	0	40	23	35	1	0	0	0	0	0	0	0	0	0	0	0	0	0	0	2237852	
533	1	G	2	N	2500	0	40	40	49	3	1	1	0	0	0	0	0	0	0	0	0	0	0	0	2237899	
534	1	G	2	N	2500	0	40	36	53	3	0	0	0	0	0	0	0	0	0	0	0	0	0	0	2237899	
535	1	G	2	N	2500	0	40	124	226	6	5	3	0	0	0	0	0	0	0	0	0	0	0	0	2238414	
536	1	G	2	N	2500	0	40	98	301	71	87	92	0	0	0	0	0	0	0	0	0	0	0	0	2238679	
537	1	G	2	N	2500	0	40	20	19	1	0	0	0	0	0	0	0	0	0	0	0	0	0	0	2238710	
538	1	G	2	N	2500	0	40	20	22	1	0	0	0	0	0	0	0	0	0	0	0	0	0	0	2238757	
539	1	G	2	N	2500	0	40	31	42	2	0	0	0	0	0	0	0	0	0	0	0	0	0	0	2238757	
540	1	G	2	N	2500	0	40	28	49	15	12	13	0	0	0	0	0	0	0	0	0	0	0	0	2238773	
541	1	G	2	N	2500	0	40	75	237	6	4	3	0	0	0	0	0	0	0	0	0	0	0	0	2238944	
542	1	G	2	N	2500	0	40	28	71	4	1	2	0	0	0	0	0	0	0	0	0	0	0	0	2239022	
543	1	G	2	N	2500	0	40	26	40	2	0	0	0	0	0	0	0	0	0	0	0	0	0	0	2239022	
544	1	G	2	N	2500	0	40	34	51	8	4	2	0	0	0	0	0	0	0	0	0	0	0	0	2239053	
545	1	G	2	N	2500	0	40	68	211	25	12	13	0	0	0	0	0	0	0	0	0	0	0	0	2239085	
546	1	G	2	N	2500	0	40	24	30	1	0	0	0	0	0	0	0	0	0	0	0	0	0	0	2239116	
547	1	G	2	N	2500	0	40	20	24	1	0	0	0	0	0	0	0	0	0	0	0	0	0	0	2239116	
548	1	G	2	N	2500	0	40	26	29	1	0	1	0	0	0	0	0	0	0	0	0	0	0	0	2239116	
549	1	G	2	N	2500	0	40	75	232	4	3	3	0	0	0	0	0	0	0	0	0	0	0	0	2239225	
550	1	G	2	N	2500	0	40	23	36	2	0	0	0	0	0	0	0	0	0	0	0	0	0	0	2239225	
551	1	G	2	N	2500	0	40	28	30	2	0	0	0	0	0	0	0	0	0	0	0	0	0	0	2239397	
552	1	G	2	N	2500	0	40	48	64	4	1	0	0	0	0	0	0	0	0	0	0	0	0	0	2239397	
553	1	G	2	N	2500	0	40	42	107	6	1	1	0	0	0	0	0	0	0	0	0	0	0	0	2239506	
554	1	G	2	N	2500	0	40	25	42	2	1	0	0	0	0	0	0	0	0	0	0	0	0	0	2239568	
555	1	G	2	N	2500	0	40	185	506	20	11	10	0	0	0	0	0	0	0	0	0	0	0	0	2239709	
556	1	G	2	N	2500	0	40	153	321	9	6	7	0	0	0	0	0	0	0	0	0	0	0	0	2239818	
557	1	G	2	N	2500	0	40	22	34	2	0	0	0	0	0	0	0	0	0	0	0	0	0	0	2239880	
558	1	G	2	N	2500	0	40	20	18	0	0	0	0	0	0	0	0	0	0	0	0	0	0	0	2240036	
559	1	G	2	N	2500	0	40	125	263	8	4	4	0	0	0	0	0	0	0	0	0	0	0	0	2240177	
560	1	G	2	N	2500	0	40	138	172	4	3	2	0	0	0	0	0	0	0	0	0	0	0	0	2240255	
561	1	G	2	N	2500	0	40	25	31	0	0	0	0	0	0	0	0	0	0	0	0	0	0	0	2240286	
562	1	G	2	N	2500	0	40	26	27	2	0	0	0	0	0	0	0	0	0	0	0	0	0	0	2240411	
563	1	H	2	N	2500	0	40	20	24	1	0	0	0	0	0	0	0	0	0	0	0	0	0	0	2247696	
564	1	H	2	N	2500	0	40	23	32	2	0	0	0	0	0	0	0	0	0	0	0	0	0	0	2248632	
565	1	H	2	N	2500	0	40	20	21	1	0	0	0	0	0	0	0	0	0	0	0	0	0	0	2248632	
566	1	H	2	N	2500	0	40	31	33	4	0	0	0	0	0	0	0	0	0	0	0	0	0	0	2249771	
567	1	H	2	N	2500	0	40	40	109	3	0	1	0	0	0	0	0	0	0	0	0	0	0	0	2249958	
568	1	H	2	N	2500	0	40	20	26	1	0	0	0	0	0	0	0	0	0	0	0	0	0	0	2250847	
569	1	H	2	N	2500	0	40	23	38	4	1	1	0	0	0	0	0	0	0	0	0	0	0	0	2250847	
570	1	H	2	N	2500	0	40	42	80	5	2	1	0	0	0	0	0	0	0	0	0	0	0	0	2251315	
571	1	H	2	N	2500	0	40	46	54	4	1	1	0	0	0	0	0	0	0	0	0	0	0	0	2253125	
572	1	H	2	N	2500	0	40	53	61	1	1	1	0	0	0	0	0	0	0	0	0	0	0	0	2254466	
573	1	H	2	N	2500	0	40	44	75	4	2	1	0	0	0	0	0	0	0	0	0	0	0	0	2254529	
574	1	H	2	N	2500	0	40	40	59	5	1	2	0	0	0	0	0	0	0	0	0	0	0	0	2254622	
575	1	H	2	N	2500	0	40	33	36	1	0	0	0	0	0	0	0	0	0	0	0	0	0	0	2255246	
576	1	A	3	N	2500	0	40	89	433	33	34	39	0	0	0	0	0	0	0	0	0	0	0	0	2263592	
577	1	A	3	N	2500	0	40	23	28	1	0	0	0	0	0	0	0	0	0	0	0	0	0	0	2263701	
578	1	A	3	N	2500	0	40	199	1041	64	29	23	0	0	0	0	0	0	0	0	0	0	0	0	2264263	
579	1	A	3	N	2500	0	40	54	61	1	1	0	0	0	0	0	0	0	0	0	0	0	0	0	2264372	
580	1	A	3	N	2500	0	40	31	59	0	0	1	0	0	0	0	0	0	0	0	0	0	0	0	2264669	
581	1	A	3	N	2500	0	40	353	1266	65	33	24	0	0	0	0	0	0	0	0	0	0	0	0	2264700	
582	1	A	3	N	2500	0	40	190	975	53	22	21	0	0	0	0	0	0	0	0	0	0	0	0	2265027	
583	1	A	3	N	2500	0	40	84	378	30	29	38	0	0	0	0	0	0	0	0	0	0	0	0	2265059	
584	1	A	3	N	2500	0	40	325	1225	69	31	27	0	0	0	0	0	0	0	0	0	0	0	0	2265121	
585	1	A	3	N	2500	0	40	309	1158	60	29	22	0	0	0	0	0	0	0	0	0	0	0	0	2265339	
586	1	A	3	N	2500	0	40	265	1157	73	33	25	0	0	0	0	0	0	0	0	0	0	0	0	2265542	
587	1	A	3	N	2500	0	40	34	41	1	1	1	0	0	0	0	0	0	0	0	0	0	0	0	2265542	
588	1	A	3	N	2500	0	40	33	44	3	4	2	0	0	0	0	0	0	0	0	0	0	0	0	2266010	
589	1	A	3	N	2500	0	40	214	921	37	22	18	0	0	0	0	0	0	0	0	0	0	0	0	2266416	
590	1	A	3	N	2500	0	40	197	817	66	30	22	0	0	0	0	0	0	0	0	0	0	0	0	2266603	
591	1	A	3	N	2500	0	40	208	660	27	14	11	0	0	0	0	0	0	0	0	0	0	0	0	2266728	
592	1	A	3	N	2500	0	40	243	1056	71	32	23	0	0	0	0	0	0	0	0	0	0	0	0	2267414	
593	1	A	3	N	2500	0	40	219	1022	64	32	22	0	0	0	0	0	0	0	0	0	0	0	0	2268147	
594	1	A	3	N	2500	0	40	272	901	50	23	17	0	0	0	0	0	0	0	0	0	0	0	0	2268257	
595	1	A	3	N	2500	0	40	267	613	22	10	11	0	0	0	0	0	0	0	0	0	0	0	0	2269239	
596	1	A	3	N	2500	0	40	276	1214	70	32	25	0	0	0	0	0	0	0	0	0	0	0	0	2269427	
597	1	A	3	N	2500	0	40	338	973	39	21	15	0	0	0	0	0	0	0	0	0	0	0	0	2269598	
598	1	A	3	N	2500	0	40	171	706	144	86	36	0	0	0	0	0	0	0	0	0	0	0	0	2269754	
599	1	A	3	N	2500	0	40	234	949	44	23	18	0	0	0	0	0	0	0	0	0	0	0	0	2269895	
600	1	A	3	N	2500	0	40	21	22	1	1	2	0	0	0	0	0	0	0	0	0	0	0	0	2270269	
601	1	B	3	N	2500	0	40	238	938	48	22	17	0	0	0	0	0	0	0	0	0	0	0	0	2277897	
602	1	B	3	N	2500	0	40	215	982	47	26	22	0	0	0	0	0	0	0	0	0	0	0	0	2278288	
603	1	B	3	N	2500	0	40	251	1024	66	33	25	0	0	0	0	0	0	0	0	0	0	0	0	2278490	
604	1	B	3	N	2500	0	40	57	114	14	9	5	0	0	0	0	0	0	0	0	0	0	0	0	2278506	
605	1	B	3	N	2500	0	40	28	32	3	2	0	0	0	0	0	0	0	0	0	0	0	0	0	2278506	
606	1	B	3	N	2500	0	40	196	742	29	16	12	0	0	0	0	0	0	0	0	0	0	0	0	2279302	
607	1	B	3	N	2500	0	40	29	51	3	3	3	0	0	0	0	0	0	0	0	0	0	0	0	2280690	
608	1	B	3	N	2500	0	40	299	941	45	21	19	0	0	0	0	0	0	0	0	0	0	0	0	2280784	
609	1	B	3	N	2500	0	40	23	20	1	0	1	0	0	0	0	0	0	0	0	0	0	0	0	2280971	
610	1	B	3	N	2500	0	40	34	37	2	2	2	0	0	0	0	0	0	0	0	0	0	0	0	2281111	
611	1	B	3	N	2500	0	40	279	1150	60	30	24	0	0	0	0	0	0	0	0	0	0	0	0	2281267	
612	1	B	3	N	2500	0	40	301	1175	63	28	23	0	0	0	0	0	0	0	0	0	0	0	0	2281314	
613	1	B	3	N	2500	0	40	254	1009	51	23	16	0	0	0	0	0	0	0	0	0	0	0	0	2281610	
614	1	B	3	N	2500	0	40	333	1152	60	23	18	0	0	0	0	0	0	0	0	0	0	0	0	2282016	
615	1	B	3	N	2500	0	40	225	830	51	25	18	0	0	0	0	0	0	0	0	0	0	0	0	2282406	
616	1	B	3	N	2500	0	40	320	1232	64	30	25	0	0	0	0	0	0	0	0	0	0	0	0	2282718	
617	1	B	3	N	2500	0	40	26	21	1	1	1	0	0	0	0	0	0	0	0	0	0	0	0	2283108	
618	1	B	3	N	2500	0	40	279	1070	53	23	18	0	0	0	0	0	0	0	0	0	0	0	0	2283202	
619	1	B	3	N	2500	0	40	236	1064	55	27	21	0	0	0	0	0	0	0	0	0	0	0	0	2283217	
620	1	B	3	N	2500	0	40	31	30	3	2	1	0	0	0	0	0	0	0	0	0	0	0	0	2283982	
621	1	B	3	N	2500	0	40	268	963	47	20	20	0	0	0	0	0	0	0	0	0	0	0	0	2284278	
622	1	B	3	N	2500	0	40	46	85	6	6	7	0	0	0	0	0	0	0	0	0	0	0	0	2284387	
623	1	B	3	N	2500	0	40	21	20	1	1	0	0	0	0	0	0	0	0	0	0	0	0	0	2284528	
624	1	B	3	N	2500	0	40	481	1649	90	38	29	0	0	0	0	0	0	0	0	0	0	0	0	2284777	
625	1	C	3	N	2500	0	40	23	32	0	0	0	0	0	0	0	0	0	0	0	0	0	0	0	2292702	
626	1	C	3	N	2500	0	40	285	1111	73	32	25	0	0	0	0	0	0	0	0	0	0	0	0	2292718	
627	1	C	3	N	2500	0	40	323	934	46	20	17	0	0	0	0	0	0	0	0	0	0	0	0	2293186	
628	1	C	3	N	2500	0	40	40	87	1	1	1	0	0	0	0	0	0	0	0	0	0	0	0	2293357	
629	1	C	3	N	2500	0	40	263	1189	73	35	25	0	0	0	0	0	0	0	0	0	0	0	0	2293420	
630	1	C	3	N	2500	0	40	303	768	28	15	14	0	0	0	0	0	0	0	0	0	0	0	0	2293420	
631	1	C	3	N	2500	0	40	163	597	22	14	10	0	0	0	0	0	0	0	0	0	0	0	0	2293466	
632	1	C	3	N	2500	0	40	21	25	1	1	1	0	0	0	0	0	0	0	0	0	0	0	0	2294168	
633	1	C	3	N	2500	0	40	138	698	33	17	12	0	0	0	0	0	0	0	0	0	0	0	0	2294636	
634	1	C	3	N	2500	0	40	82	382	49	45	53	0	0	0	0	0	0	0	0	0	0	0	0	2295026	
635	1	C	3	N	2500	0	40	65	251	24	24	25	0	0	0	0	0	0	0	0	0	0	0	0	2295089	
636	1	C	3	N	2500	0	40	150	260	37	42	47	0	0	0	0	0	0	0	0	0	0	0	0	2295619	
637	1	C	3	N	2500	0	40	32	36	3	2	1	0	0	0	0	0	0	0	0	0	0	0	0	2295806	
638	1	C	3	N	2500	0	40	106	338	119	156	194	0	0	0	0	0	0	0	0	0	0	0	0	2295994	
639	1	C	3	N	2500	0	40	135	682	28	16	13	0	0	0	0	0	0	0	0	0	0	0	0	2296056	
640	1	C	3	N	2500	0	40	230	878	47	27	22	0	0	0	0	0	0	0	0	0	0	0	0	2296228	
641	1	C	3	N	2500	0	40	168	642	46	24	16	0	0	0	0	0	0	0	0	0	0	0	0	2296274	
642	1	C	3	N	2500	0	40	331	1078	54	23	18	0	0	0	0	0	0	0	0	0	0	0	0	2296992	
643	1	C	3	N	2500	0	40	48	142	14	9	8	0	0	0	0	0	0	0	0	0	0	0	0	2297928	
644	1	C	3	N	2500	0	40	253	1246	81	35	27	0	0	0	0	0	0	0	0	0	0	0	0	2297928	
645	1	C	3	N	2500	0	40	26	25	3	1	0	0	0	0	0	0	0	0	0	0	0	0	0	2297959	
646	1	C	3	N	2500	0	40	299	1112	57	27	22	0	0	0	0	0	0	0	0	0	0	0	0	2298193	
647	1	C	3	N	2500	0	40	167	1075	89	40	28	0	0	0	0	0	0	0	0	0	0	0	0	2298536	
648	1	C	3	N	2500	0	40	25	27	3	1	0	0	0	0	0	0	0	0	0	0	0	0	0	2299036	
649	1	C	3	N	2500	0	40	276	961	44	20	19	0	0	0	0	0	0	0	0	0	0	0	0	2299285	
650	1	C	3	N	2500	0	40	36	42	1	1	1	0	0	0	0	0	0	0	0	0	0	0	0	2299878	
651	1	D	3	N	2500	0	40	404	1368	75	35	23	0	0	0	0	0	0	0	0	0	0	0	0	2307319	
652	1	D	3	N	2500	0	40	395	1252	61	27	22	0	0	0	0	0	0	0	0	0	0	0	0	2307881	
653	1	D	3	N	2500	0	40	205	447	19	12	10	0	0	0	0	0	0	0	0	0	0	0	0	2307928	
654	1	D	3	N	2500	0	40	37	45	3	2	3	0	0	0	0	0	0	0	0	0	0	0	0	2309347	
655	1	D	3	N	2500	0	40	24	36	3	4	4	0	0	0	0	0	0	0	0	0	0	0	0	2310299	
656	1	D	3	N	2500	0	40	215	792	37	20	15	0	0	0	0	0	0	0	0	0	0	0	0	2310954	
657	1	D	3	N	2500	0	40	345	1108	58	27	19	0	0	0	0	0	0	0	0	0	0	0	0	2311874	
658	1	D	3	N	2500	0	40	315	1009	55	23	17	0	0	0	0	0	0	0	0	0	0	0	0	2311906	
659	1	D	3	N	2500	0	40	279	1406	85	41	24	0	0	0	0	0	0	0	0	0	0	0	0	2312155	
660	1	D	3	N	2500	0	40	212	781	55	27	18	0	0	0	0	0	0	0	0	0	0	0	0	2312452	
661	1	D	3	N	2500	0	40	24	38	5	5	4	0	0	0	0	0	0	0	0	0	0	0	0	2312514	
662	1	D	3	N	2500	0	40	320	1029	62	26	17	0	0	0	0	0	0	0	0	0	0	0	0	2312561	
663	1	D	3	N	2500	0	40	243	1071	54	26	17	0	0	0	0	0	0	0	0	0	0	0	0	2312654	
664	1	D	3	N	2500	0	40	277	904	54	22	16	0	0	0	0	0	0	0	0	0	0	0	0	2312795	
665	1	D	3	N	2500	0	40	250	583	21	12	10	0	0	0	0	0	0	0	0	0	0	0	0	2313278	
666	1	D	3	N	2500	0	40	57	78	1	1	1	0	0	0	0	0	0	0	0	0	0	0	0	2313746	
667	1	D	3	N	2500	0	40	204	774	52	21	16	0	0	0	0	0	0	0	0	0	0	0	0	2314308	
668	1	E	3	N	2500	0	40	45	77	1	1	1	0	0	0	0	0	0	0	0	0	0	0	0	2322170	
669	1	E	3	N	2500	0	40	23	27	1	0	1	0	0	0	0	0	0	0	0	0	0	0	0	2322670	
670	1	E	3	N	2500	0	40	25	41	2	2	1	0	0	0	0	0	0	0	0	0	0	0	0	2322732	
671	1	E	3	N	2500	0	40	152	433	21	10	9	0	0	0	0	0	0	0	0	0	0	0	0	2322857	
672	1	E	3	N	2500	0	40	36	70	2	0	0	0	0	0	0	0	0	0	0	0	0	0	0	2322950	
673	1	E	3	N	2500	0	40	117	487	17	10	8	0	0	0	0	0	0	0	0	0	0	0	0	2322982	
674	1	E	3	N	2500	0	40	259	698	38	18	13	0	0	0	0	0	0	0	0	0	0	0	0	2323028	
675	1	E	3	N	2500	0	40	285	1068	84	30	24	0	0	0	0	0	0	0	0	0	0	0	0	2323060	
676	1	E	3	N	2500	0	40	21	21	0	1	2	0	0	0	0	0	0	0	0	0	0	0	0	2323138	
677	1	E	3	N	2500	0	40	20	29	1	1	1	0	0	0	0	0	0	0	0	0	0	0	0	2323574	
678	1	E	3	N	2500	0	40	149	905	62	29	23	0	0	0	0	0	0	0	0	0	0	0	0	2323762	
679	1	E	3	N	2500	0	40	123	528	23	11	8	0	0	0	0	0	0	0	0	0	0	0	0	2323808	
680	1	E	3	N	2500	0	40	57	83	4	1	1	0	0	0	0	0	0	0	0	0	0	0	0	2323871	
681	1	E	3	N	2500	0	40	182	547	26	14	11	0	0	0	0	0	0	0	0	0	0	0	0	2323871	
682	1	E	3	N	2500	0	40	233	639	33	18	15	0	0	0	0	0	0	0	0	0	0	0	0	2324214	
683	1	E	3	N	2500	0	40	107	542	20	13	7	0	0	0	0	0	0	0	0	0	0	0	0	2324760	
684	1	E	3	N	2500	0	40	200	588	26	13	10	0	0	0	0	0	0	0	0	0	0	0	0	2324822	
685	1	E	3	N	2500	0	40	181	481	17	11	11	0	0	0	0	0	0	0	0	0	0	0	0	2325025	
686	1	E	3	N	2500	0	40	213	536	21	13	14	0	0	0	0	0	0	0	0	0	0	0	0	2326882	
687	1	E	3	N	2500	0	40	227	689	40	18	14	0	0	0	0	0	0	0	0	0	0	0	0	2326975	
688	1	E	3	N	2500	0	40	52	66	1	0	0	0	0	0	0	0	0	0	0	0	0	0	0	2327053	
689	1	E	3	N	2500	0	40	407	1276	57	26	16	0	0	0	0	0	0	0	0	0	0	0	0	2327256	
690	1	E	3	N	2500	0	40	83	139	5	3	2	0	0	0	0	0	0	0	0	0	0	0	0	2327599	
691	1	E	3	N	2500	0	40	151	440	18	10	6	0	0	0	0	0	0	0	0	0	0	0	0	2327599	
692	1	E	3	N	2500	0	40	158	548	21	12	9	0	0	0	0	0	0	0	0	0	0	0	0	2327818	
693	1	E	3	N	2500	0	40	240	641	29	14	10	0	0	0	0	0	0	0	0	0	0	0	0	2327833	
694	1	E	3	N	2500	0	40	230	687	28	15	13	0	0	0	0	0	0	0	0	0	0	0	0	2327989	
695	1	E	3	N	2500	0	40	31	43	2	1	1	0	0	0	0	0	0	0	0	0	0	0	0	2328223	
696	1	E	3	N	2500	0	40	116	341	10	6	5	0	0	0	0	0	0	0	0	0	0	0	0	2328270	
697	1	E	3	N	2500	0	40	180	685	29	16	11	0	0	0	0	0	0	0	0	0	0	0	0	2328379	
698	1	E	3	N	2500	0	40	126	564	21	12	9	0	0	0	0	0	0	0	0	0	0	0	0	2329409	
699	1	F	3	N	2500	0	40	37	57	8	3	2	0	0	0	0	0	0	0	0	0	0	0	0	2337068	
700	1	F	3	N	2500	0	40	116	515	22	12	8	0	0	0	0	0	0	0	0	0	0	0	0	2337614	
701	1	F	3	N	2500	0	40	45	89	17	10	4	0	0	0	0	0	0	0	0	0	0	0	0	2337833	
702	1	F	3	N	2500	0	40	96	330	12	8	7	0	0	0	0	0	0	0	0	0	0	0	0	2338051	
703	1	F	3	N	2500	0	40	54	137	20	14	6	0	0	0	0	0	0	0	0	0	0	0	0	2338192	
704	1	F	3	N	2500	0	40	187	453	21	8	7	0	0	0	0	0	0	0	0	0	0	0	0	2338270	
705	1	F	3	N	2500	0	40	50	124	6	4	6	0	0	0	0	0	0	0	0	0	0	0	0	2338550	
706	1	F	3	N	2500	0	40	138	400	17	9	7	0	0	0	0	0	0	0	0	0	0	0	0	2338956	
707	1	F	3	N	2500	0	40	178	667	173	227	275	0	0	0	0	0	0	0	0	0	0	0	0	2339174	
708	1	F	3	N	2500	0	40	149	343	12	6	6	0	0	0	0	0	0	0	0	0	0	0	0	2339876	
709	1	F	3	N	2500	0	40	146	533	25	12	9	0	0	0	0	0	0	0	0	0	0	0	0	2339892	
710	1	F	3	N	2500	0	40	31	36	5	3	1	0	0	0	0	0	0	0	0	0	0	0	0	2339908	
711	1	F	3	N	2500	0	40	64	113	2	1	1	0	0	0	0	0	0	0	0	0	0	0	0	2340048	
712	1	F	3	N	2500	0	40	33	73	4	2	4	0	0	0	0	0	0	0	0	0	0	0	0	2340298	
713	1	F	3	N	2500	0	40	161	382	19	10	7	0	0	0	0	0	0	0	0	0	0	0	0	2340422	
714	1	F	3	N	2500	0	40	109	333	9	6	4	0	0	0	0	0	0	0	0	0	0	0	0	2340469	
715	1	F	3	N	2500	0	40	171	405	15	9	7	0	0	0	0	0	0	0	0	0	0	0	0	2340688	
716	1	F	3	N	2500	0	40	241	649	20	15	13	0	0	0	0	0	0	0	0	0	0	0	0	2341202	
717	1	F	3	N	2500	0	40	271	665	25	13	10	0	0	0	0	0	0	0	0	0	0	0	0	2341514	
718	1	F	3	N	2500	0	40	120	350	17	7	5	0	0	0	0	0	0	0	0	0	0	0	0	2341608	
719	1	F	3	N	2500	0	40	142	307	8	5	4	0	0	0	0	0	0	0	0	0	0	0	0	2342310	
720	1	F	3	N	2500	0	40	22	40	2	1	1	0	0	0	0	0	0	0	0	0	0	0	0	2342466	
721	1	F	3	N	2500	0	40	25	37	1	1	2	0	0	0	0	0	0	0	0	0	0	0	0	2342482	
722	1	F	3	N	2500	0	40	132	548	25	12	9	0	0	0	0	0	0	0	0	0	0	0	0	2342497	
723	1	F	3	N	2500	0	40	155	317	13	6	5	0	0	0	0	0	0	0	0	0	0	0	0	2342684	
724	1	F	3	N	2500	0	40	203	635	27	13	8	0	0	0	0	0	0	0	0	0	0	0	0	2342872	
725	1	F	3	N	2500	0	40	93	335	11	6	5	0	0	0	0	0	0	0	0	0	0	0	0	2342965	
726	1	F	3	N	2500	0	40	224	675	21	13	11	0	0	0	0	0	0	0	0	0	0	0	0	2343028	
727	1	G	3	N	2500	0	40	27	26	1	0	0	0	0	0	0	0	0	0	0	0	0	0	0	2351358	
728	1	G	3	N	2500	0	40	216	416	12	5	4	0	0	0	0	0	0	0	0	0	0	0	0	2351483	
729	1	G	3	N	2500	0	40	82	193	6	5	6	0	0	0	0	0	0	0	0	0	0	0	0	2351592	
730	1	G	3	N	2500	0	40	69	198	4	3	5	0	0	0	0	0	0	0	0	0	0	0	0	2351732	
731	1	G	3	N	2500	0	40	155	268	7	4	5	0	0	0	0	0	0	0	0	0	0	0	0	2351779	
732	1	G	3	N	2500	0	40	20	40	6	5	4	0	0	0	0	0	0	0	0	0	0	0	0	2351873	
733	1	G	3	N	2500	0	40	20	26	1	0	0	0	0	0	0	0	0	0	0	0	0	0	0	2351904	
734	1	G	3	N	2500	0	40	20	25	1	0	0	0	0	0	0	0	0	0	0	0	0	0	0	2352044	
735	1	G	3	N	2500	0	40	87	227	20	3	2	0	0	0	0	0	0	0	0	0	0	0	0	2352278	
736	1	G	3	N	2500	0	40	26	27	1	0	0	0	0	0	0	0	0	0	0	0	0	0	0	2352278	
737	1	G	3	N	2500	0	40	34	52	3	0	1	0	0	0	0	0	0	0	0	0	0	0	0	2352278	
738	1	G	3	N	2500	0	40	29	58	3	1	1	0	0	0	0	0	0	0	0	0	0	0	0	2352310	
739	1	G	3	N	2500	0	40	29	49	3	0	0	0	0	0	0	0	0	0	0	0	0	0	0	2352388	
740	1	G	3	N	2500	0	40	22	34	2	2	1	0	0	0	0	0	0	0	0	0	0	0	0	2352388	
741	1	G	3	N	2500	0	40	29	59	2	1	1	0	0	0	0	0	0	0	0	0	0	0	0	2352590	
742	1	G	3	N	2500	0	40	22	35	2	0	1	0	0	0	0	0	0	0	0	0	0	0	0	2352590	
743	1	G	3	N	2500	0	40	20	28	1	0	0	0	0	0	0	0	0	0	0	0	0	0	0	2352606	
744	1	G	3	N	2500	0	40	54	122	10	3	2	0	0	0	0	0	0	0	0	0	0	0	0	2352715	
745	1	G	3	N	2500	0	40	94	194	5	3	3	0	0	0	0	0	0	0	0	0	0	0	0	2352746	
746	1	G	3	N	2500	0	40	62	122	19	12	4	0	0	0	0	0	0	0	0	0	0	0	0	2352746	
747	1	G	3	N	2500	0	40	41	75	15	8	3	0	0	0	0	0	0	0	0	0	0	0	0	2352871	
748	1	G	3	N	2500	0	40	44	75	5	2	4	0	0	0	0	0	0	0	0	0	0	0	0	2352887	
749	1	G	3	N	2500	0	40	20	32	1	0	1	0	0	0	0	0	0	0	0	0	0	0	0	2352902	
750	1	G	3	N	2500	0	40	110	211	4	3	4	0	0	0	0	0	0	0	0	0	0	0	0	2352934	
751	1	G	3	N	2500	0	40	30	53	2	1	1	0	0	0	0	0	0	0	0	0	0	0	0	2352949	
752	1	G	3	N	2500	0	40	46	108	5	2	2	0	0	0	0	0	0	0	0	0	0	0	0	2353105	
753	1	G	3	N	2500	0	40	20	28	1	0	0	0	0	0	0	0	0	0	0	0	0	0	0	2353168	
754	1	G	3	N	2500	0	40	47	158	11	3	4	0	0	0	0	0	0	0	0	0	0	0	0	2353168	
755	1	G	3	N	2500	0	40	23	34	2	0	1	0	0	0	0	0	0	0	0	0	0	0	0	2353214	
756	1	G	3	N	2500	0	40	30	46	2	1	0	0	0	0	0	0	0	0	0	0	0	0	0	2353246	
757	1	G	3	N	2500	0	40	44	51	4	1	1	0	0	0	0	0	0	0	0	0	0	0	0	2353339	
758	1	G	3	N	2500	0	40	20	28	1	0	0	0	0	0	0	0	0	0	0	0	0	0	0	2353448	
759	1	G	3	N	2500	0	40	22	39	2	0	1	0	0	0	0	0	0	0	0	0	0	0	0	2353448	
760	1	G	3	N	2500	0	40	25	39	1	0	0	0	0	0	0	0	0	0	0	0	0	0	0	2353558	
761	1	G	3	N	2500	0	40	39	41	3	0	0	0	0	0	0	0	0	0	0	0	0	0	0	2353558	
762	1	G	3	N	2500	0	40	53	57	5	1	1	0	0	0	0	0	0	0	0	0	0	0	0	2353558	
763	1	G	3	N	2500	0	40	37	77	5	2	1	0	0	0	0	0	0	0	0	0	0	0	0	2353558	
764	1	G	3	N	2500	0	40	27	61	6	1	1	0	0	0	0	0	0	0	0	0	0	0	0	2353838	
765	1	G	3	N	2500	0	40	22	27	0	0	1	0	0	0	0	0	0	0	0	0	0	0	0	2353901	
766	1	G	3	N	2500	0	40	41	59	3	1	1	0	0	0	0	0	0	0	0	0	0	0	0	2354104	
767	1	G	3	N	2500	0	40	37	61	3	1	0	0	0	0	0	0	0	0	0	0	0	0	0	2354166	
768	1	G	3	N	2500	0	40	67	145	10	3	3	0	0	0	0	0	0	0	0	0	0	0	0	2354213	
769	1	G	3	N	2500	0	40	40	47	2	0	1	0	0	0	0	0	0	0	0	0	0	0	0	2354400	
770	1	G	3	N	2500	0	40	24	41	7	8	6	0	0	0	0	0	0	0	0	0	0	0	0	2354416	
771	1	G	3	N	2500	0	40	26	39	1	0	0	0	0	0	0	0	0	0	0	0	0	0	0	2354494	
772	1	G	3	N	2500	0	40	23	31	2	0	0	0	0	0	0	0	0	0	0	0	0	0	0	2354525	
773	1	G	3	N	2500	0	40	41	65	2	2	2	0	0	0	0	0	0	0	0	0	0	0	0	2354572	
774	1	G	3	N	2500	0	40	27	50	3	0	1	0	0	0	0	0	0	0	0	0	0	0	0	2354681	
775	1	G	3	N	2500	0	40	61	128	7	2	2	0	0	0	0	0	0	0	0	0	0	0	0	2354681	
776	1	G	3	N	2500	0	40	21	26	1	0	0	0	0	0	0	0	0	0	0	0	0	0	0	2354681	
777	1	G	3	N	2500	0	40	29	69	4	1	1	0	0	0	0	0	0	0	0	0	0	0	0	2354681	
778	1	G	3	N	2500	0	40	24	34	2	0	0	0	0	0	0	0	0	0	0	0	0	0	0	2354696	
779	1	G	3	N	2500	0	40	37	97	3	2	2	0	0	0	0	0	0	0	0	0	0	0	0	2354696	
780	1	G	3	N	2500	0	40	21	25	1	0	0	0	0	0	0	0	0	0	0	0	0	0	0	2354743	
781	1	G	3	N	2500	0	40	31	81	5	1	0	0	0	0	0	0	0	0	0	0	0	0	0	2354837	
782	1	G	3	N	2500	0	40	77	181	4	3	2	0	0	0	0	0	0	0	0	0	0	0	0	2355008	
783	1	G	3	N	2500	0	40	76	208	7	4	3	0	0	0	0	0	0	0	0	0	0	0	0	2355055	
784	1	G	3	N	2500	0	40	30	27	1	0	0	0	0	0	0	0	0	0	0	0	0	0	0	2355164	
785	1	G	3	N	2500	0	40	43	101	6	2	1	0	0	0	0	0	0	0	0	0	0	0	0	2355180	
786	1	G	3	N	2500	0	40	99	257	9	4	3	0	0	0	0	0	0	0	0	0	0	0	0	2355227	
787	1	G	3	N	2500	0	40	180	383	15	8	6	0	0	0	0	0	0	0	0	0	0	0	0	2355242	
788	1	G	3	N	2500	0	40	23	35	3	0	0	0	0	0	0	0	0	0	0	0	0	0	0	2355508	
789	1	G	3	N	2500	0	40	61	144	7	2	4	0	0	0	0	0	0	0	0	0	0	0	0	2355601	
790	1	G	3	N	2500	0	40	34	64	4	1	1	0	0	0	0	0	0	0	0	0	0	0	0	2355648	
791	1	G	3	N	2500	0	40	82	179	6	3	2	0	0	0	0	0	0	0	0	0	0	0	0	2355851	
792	1	G	3	N	2500	0	40	60	108	8	2	2	0	0	0	0	0	0	0	0	0	0	0	0	2355898	
793	1	G	3	N	2500	0	40	30	57	4	1	1	0	0	0	0	0	0	0	0	0	0	0	0	2355898	
794	1	G	3	N	2500	0	40	22	30	3	0	1	0	0	0	0	0	0	0	0	0	0	0	0	2355976	
795	1	G	3	N	2500	0	40	20	32	1	0	0	0	0	0	0	0	0	0	0	0	0	0	0	2356054	
796	1	G	3	N	2500	0	40	53	103	6	1	3	0	0	0	0	0	0	0	0	0	0	0	0	2356132	
797	1	G	3	N	2500	0	40	25	36	2	0	0	0	0	0	0	0	0	0	0	0	0	0	0	2356194	
798	1	G	3	N	2500	0	40	22	24	1	0	1	0	0	0	0	0	0	0	0	0	0	0	0	2356662	
799	1	G	3	N	2500	0	40	30	55	8	8	9	0	0	0	0	0	0	0	0	0	0	0	0	2356678	
800	1	G	3	N	2500	0	40	56	206	5	4	3	0	0	0	0	0	0	0	0	0	0	0	0	2356678	
801	1	G	3	N	2500	0	40	29	62	4	1	2	0	0	0	0	0	0	0	0	0	0	0	0	2356740	
802	1	G	3	N	2500	0	40	73	175	6	3	3	0	0	0	0	0	0	0	0	0	0	0	0	2356849	
803	1	G	3	N	2500	0	40	28	41	2	0	0	0	0	0	0	0	0	0	0	0	0	0	0	2356865	
804	1	G	3	N	2500	0	40	21	23	0	0	0	0	0	0	0	0	0	0	0	0	0	0	0	2356865	
805	1	G	3	N	2500	0	40	36	85	5	2	2	0	0	0	0	0	0	0	0	0	0	0	0	2356943	
806	1	G	3	N	2500	0	40	22	25	1	0	0	0	0	0	0	0	0	0	0	0	0	0	0	2357005	
807	1	G	3	N	2500	0	40	36	60	3	1	1	0	0	0	0	0	0	0	0	0	0	0	0	2357208	
808	1	G	3	N	2500	0	40	56	111	6	2	3	0	0	0	0	0	0	0	0	0	0	0	0	2357208	
809	1	G	3	N	2500	0	40	20	18	2	1	1	0	0	0	0	0	0	0	0	0	0	0	0	2357286	
810	1	G	3	N	2500	0	40	40	116	8	2	2	0	0	0	0	0	0	0	0	0	0	0	0	2357333	
811	1	G	3	N	2500	0	40	42	166	16	4	6	0	0	0	0	0	0	0	0	0	0	0	0	2357333	
812	1	G	3	N	2500	0	40	32	54	8	3	1	0	0	0	0	0	0	0	0	0	0	0	0	2357426	
813	1	G	3	N	2500	0	40	20	25	1	0	0	0	0	0	0	0	0	0	0	0	0	0	0	2357582	
814	1	G	3	N	2500	0	40	122	255	11	4	5	0	0	0	0	0	0	0	0	0	0	0	0	2357582	
815	1	G	3	N	2500	0	40	43	90	5	1	1	0	0	0	0	0	0	0	0	0	0	0	0	2357723	
816	1	G	3	N	2500	0	40	51	211	27	18	19	0	0	0	0	0	0	0	0	0	0	0	0	2357926	
817	1	G	3	N	2500	0	40	84	206	5	3	2	0	0	0	0	0	0	0	0	0	0	0	0	2357972	
818	1	G	3	N	2500	0	40	21	20	1	0	0	0	0	0	0	0	0	0	0	0	0	0	0	2358222	
819	1	G	3	N	2500	0	40	21	28	1	0	0	0	0	0	0	0	0	0	0	0	0	0	0	2358222	
820	1	G	3	N	2500	0	40	32	53	2	1	0	0	0	0	0	0	0	0	0	0	0	0	0	2358316	
821	1	G	3	N	2500	0	40	41	106	6	2	3	0	0	0	0	0	0	0	0	0	0	0	0	2358659	
822	1	G	3	N	2500	0	40	24	26	0	0	0	0	0	0	0	0	0	0	0	0	0	0	0	2358659	
823	1	G	3	N	2500	0	40	149	293	8	4	4	0	0	0	0	0	0	0	0	0	0	0	0	2358706	
824	1	G	3	N	2500	0	40	94	214	5	3	3	0	0	0	0	0	0	0	0	0	0	0	0	2358815	
825	1	G	3	N	2500	0	40	26	29	1	0	1	0	0	0	0	0	0	0	0	0	0	0	0	2358815	
826	1	H	3	N	2500	0	40	21	24	4	2	1	0	0	0	0	0	0	0	0	0	0	0	0	2369844	
827	1	H	3	N	2500	0	40	39	70	3	1	1	0	0	0	0	0	0	0	0	0	0	0	0	2370406	
828	1	H	3	N	2500	0	40	29	50	3	1	1	0	0	0	0	0	0	0	0	0	0	0	0	2372231	
829	1	H	3	N	2500	0	40	35	41	5	3	1	0	0	0	0	0	0	0	0	0	0	0	0	2372543	
830	1	H	3	N	2500	0	40	27	27	1	0	0	0	0	0	0	0	0	0	0	0	0	0	0	2372730	
831	1	H	3	N	2500	0	40	31	65	6	1	1	0	0	0	0	0	0	0	0	0	0	0	0	2372730	
832	1	H	3	N	2500	0	40	23	21	1	0	1	0	0	0	0	0	0	0	0	0	0	0	0	2373104	
833	1	H	3	N	2500	0	40	23	25	1	0	0	0	0	0	0	0	0	0	0	0	0	0	0	2373276	
834	1	H	3	N	2500	0	40	28	55	3	1	1	0	0	0	0	0	0	0	0	0	0	0	0	2373323	
835	1	H	3	N	2500	0	40	52	161	15	6	3	0	0	0	0	0	0	0	0	0	0	0	0	2373354	
836	1	H	3	N	2500	0	40	42	65	3	1	0	0	0	0	0	0	0	0	0	0	0	0	0	2373354	
837	1	H	3	N	2500	0	40	47	62	4	2	1	0	0	0	0	0	0	0	0	0	0	0	0	2373354	
838	1	H	3	N	2500	0	40	21	34	2	0	0	0	0	0	0	0	0	0	0	0	0	0	0	2373526	
839	1	A	4	N	2500	0	40	149	984	63	30	23	0	0	0	0	0	0	0	0	0	0	0	0	2381794	
840	1	A	4	N	2500	0	40	26	32	2	1	1	0	0	0	0	0	0	0	0	0	0	0	0	2381856	
841	1	A	4	N	2500	0	40	118	449	19	10	8	0	0	0	0	0	0	0	0	0	0	0	0	2382277	
842	1	A	4	N	2500	0	40	349	1103	59	30	22	0	0	0	0	0	0	0	0	0	0	0	0	2382527	
843	1	A	4	N	2500	0	40	293	1015	57	29	21	0	0	0	0	0	0	0	0	0	0	0	0	2382636	
844	1	A	4	N	2500	0	40	31	56	11	13	17	0	0	0	0	0	0	0	0	0	0	0	0	2382636	
845	1	A	4	N	2500	0	40	316	1327	81	34	25	0	0	0	0	0	0	0	0	0	0	0	0	2382698	
846	1	A	4	N	2500	0	40	232	1039	62	30	24	0	0	0	0	0	0	0	0	0	0	0	0	2382823	
847	1	A	4	N	2500	0	40	188	890	45	24	19	0	0	0	0	0	0	0	0	0	0	0	0	2383291	
848	1	A	4	N	2500	0	40	234	1024	49	28	22	0	0	0	0	0	0	0	0	0	0	0	0	2383463	
849	1	A	4	N	2500	0	40	185	365	11	7	8	0	0	0	0	0	0	0	0	0	0	0	0	2383525	
850	1	A	4	N	2500	0	40	27	45	7	8	11	0	0	0	0	0	0	0	0	0	0	0	0	2383666	
851	1	A	4	N	2500	0	40	423	1336	65	31	26	0	0	0	0	0	0	0	0	0	0	0	0	2383806	
852	1	A	4	N	2500	0	40	248	1114	85	33	25	0	0	0	0	0	0	0	0	0	0	0	0	2384071	
853	1	A	4	N	2500	0	40	176	729	49	22	15	0	0	0	0	0	0	0	0	0	0	0	0	2384383	
854	1	A	4	N	2500	0	40	208	850	36	21	17	0	0	0	0	0	0	0	0	0	0	0	0	2385241	
855	1	A	4	N	2500	0	40	401	1039	51	25	22	0	0	0	0	0	0	0	0	0	0	0	0	2385241	
856	1	A	4	N	2500	0	40	101	651	34	23	17	0	0	0	0	0	0	0	0	0	0	0	0	2385444	
857	1	A	4	N	2500	0	40	432	1475	77	34	23	0	0	0	0	0	0	0	0	0	0	0	0	2385475	
858	1	A	4	N	2500	0	40	264	980	66	28	25	0	0	0	0	0	0	0	0	0	0	0	0	2385647	
859	1	A	4	N	2500	0	40	277	682	28	15	11	0	0	0	0	0	0	0	0	0	0	0	0	2385678	
860	1	A	4	N	2500	0	40	283	1128	57	27	18	0	0	0	0	0	0	0	0	0	0	0	0	2385834	
861	1	A	4	N	2500	0	40	286	1048	53	25	19	0	0	0	0	0	0	0	0	0	0	0	0	2385896	
862	1	A	4	N	2500	0	40	239	1033	63	31	24	0	0	0	0	0	0	0	0	0	0	0	0	2385959	
863	1	A	4	N	2500	0	40	179	697	29	16	13	0	0	0	0	0	0	0	0	0	0	0	0	2385974	
864	1	A	4	N	2500	0	40	319	1357	90	38	35	0	0	0	0	0	0	0	0	0	0	0	0	2386349	
865	1	A	4	N	2500	0	40	208	1020	59	26	21	0	0	0	0	0	0	0	0	0	0	0	0	2386364	
866	1	A	4	N	2500	0	40	208	1167	77	34	28	0	0	0	0	0	0	0	0	0	0	0	0	2386552	
867	1	A	4	N	2500	0	40	165	687	36	16	13	0	0	0	0	0	0	0	0	0	0	0	0	2386583	
868	1	A	4	N	2500	0	40	295	980	42	23	19	0	0	0	0	0	0	0	0	0	0	0	0	2386645	
869	1	A	4	N	2500	0	40	164	1010	54	30	24	0	0	0	0	0	0	0	0	0	0	0	0	2386708	
870	1	A	4	N	2500	0	40	317	1101	64	31	20	0	0	0	0	0	0	0	0	0	0	0	0	2386973	
871	1	A	4	N	2500	0	40	272	1251	74	32	22	0	0	0	0	0	0	0	0	0	0	0	0	2387254	
872	1	A	4	N	2500	0	40	218	1082	65	31	22	0	0	0	0	0	0	0	0	0	0	0	0	2387347	
873	1	A	4	N	2500	0	40	463	1555	87	35	27	0	0	0	0	0	0	0	0	0	0	0	0	2387581	
874	1	A	4	N	2500	0	40	192	778	30	17	12	0	0	0	0	0	0	0	0	0	0	0	0	2387753	
875	1	A	4	N	2500	0	40	25	53	6	1	0	0	0	0	0	0	0	0	0	0	0	0	0	2388205	
876	1	A	4	N	2500	0	40	163	711	26	14	10	0	0	0	0	0	0	0	0	0	0	0	0	2388704	
877	1	A	4	N	2500	0	40	34	32	2	2	1	0	0	0	0	0	0	0	0	0	0	0	0	2388923	
878	1	B	4	N	2500	0	40	229	862	44	20	15	0	0	0	0	0	0	0	0	0	0	0	0	2396536	
879	1	B	4	N	2500	0	40	23	32	2	1	1	0	0	0	0	0	0	0	0	0	0	0	0	2396754	
880	1	B	4	N	2500	0	40	22	39	5	6	7	0	0	0	0	0	0	0	0	0	0	0	0	2397753	
881	1	B	4	N	2500	0	40	53	263	23	26	30	0	0	0	0	0	0	0	0	0	0	0	0	2397893	
882	1	B	4	N	2500	0	40	273	1174	66	33	24	0	0	0	0	0	0	0	0	0	0	0	0	2398189	
883	1	B	4	N	2500	0	40	24	35	0	0	0	0	0	0	0	0	0	0	0	0	0	0	0	2398236	
884	1	B	4	N	2500	0	40	506	1467	75	45	36	0	0	0	0	0	0	0	0	0	0	0	0	2399032	
885	1	B	4	N	2500	0	40	279	886	39	20	16	0	0	0	0	0	0	0	0	0	0	0	0	2399562	
886	1	B	4	N	2500	0	40	222	1092	62	30	22	0	0	0	0	0	0	0	0	0	0	0	0	2399625	
887	1	B	4	N	2500	0	40	25	37	2	1	2	0	0	0	0	0	0	0	0	0	0	0	0	2399656	
888	1	B	4	N	2500	0	40	25	43	2	2	3	0	0	0	0	0	0	0	0	0	0	0	0	2399656	
889	1	B	4	N	2500	0	40	81	403	36	39	46	0	0	0	0	0	0	0	0	0	0	0	0	2399781	
890	1	B	4	N	2500	0	40	235	938	45	24	21	0	0	0	0	0	0	0	0	0	0	0	0	2400295	
891	1	B	4	N	2500	0	40	135	721	28	17	14	0	0	0	0	0	0	0	0	0	0	0	0	2400545	
892	1	B	4	N	2500	0	40	210	794	39	21	16	0	0	0	0	0	0	0	0	0	0	0	0	2400639	
893	1	B	4	N	2500	0	40	20	45	9	11	13	0	0	0	0	0	0	0	0	0	0	0	0	2400670	
894	1	B	4	N	2500	0	40	392	1258	68	27	28	0	0	0	0	0	0	0	0	0	0	0	0	2401575	
895	1	B	4	N	2500	0	40	35	44	2	2	4	0	0	0	0	0	0	0	0	0	0	0	0	2401902	
896	1	B	4	N	2500	0	40	267	843	39	22	17	0	0	0	0	0	0	0	0	0	0	0	0	2401933	
897	1	B	4	N	2500	0	40	332	1059	55	26	19	0	0	0	0	0	0	0	0	0	0	0	0	2401949	
898	1	B	4	N	2500	0	40	341	866	34	19	15	0	0	0	0	0	0	0	0	0	0	0	0	2402698	
899	1	B	4	N	2500	0	40	61	68	2	3	3	0	0	0	0	0	0	0	0	0	0	0	0	2403213	
900	1	B	4	N	2500	0	40	38	66	3	3	3	0	0	0	0	0	0	0	0	0	0	0	0	2403462	
901	1	B	4	N	2500	0	40	24	34	1	1	2	0	0	0	0	0	0	0	0	0	0	0	0	2403743	
902	1	C	4	N	2500	0	40	360	991	52	22	18	0	0	0	0	0	0	0	0	0	0	0	0	2411403	
903	1	C	4	N	2500	0	40	237	802	44	22	17	0	0	0	0	0	0	0	0	0	0	0	0	2411605	
904	1	C	4	N	2500	0	40	359	1258	80	32	23	0	0	0	0	0	0	0	0	0	0	0	0	2411652	
905	1	C	4	N	2500	0	40	320	833	37	21	15	0	0	0	0	0	0	0	0	0	0	0	0	2411871	
906	1	C	4	N	2500	0	40	184	661	35	20	16	0	0	0	0	0	0	0	0	0	0	0	0	2411949	
907	1	C	4	N	2500	0	40	330	1109	67	30	22	0	0	0	0	0	0	0	0	0	0	0	0	2412323	
908	1	C	4	N	2500	0	40	45	58	1	0	0	0	0	0	0	0	0	0	0	0	0	0	0	2412370	
909	1	C	4	N	2500	0	40	33	33	4	1	1	0	0	0	0	0	0	0	0	0	0	0	0	2412385	
910	1	C	4	N	2500	0	40	134	908	71	31	22	0	0	0	0	0	0	0	0	0	0	0	0	2412635	
911	1	C	4	N	2500	0	40	231	839	43	20	19	0	0	0	0	0	0	0	0	0	0	0	0	2412697	
912	1	C	4	N	2500	0	40	56	64	1	1	2	0	0	0	0	0	0	0	0	0	0	0	0	2413165	
913	1	C	4	N	2500	0	40	22	33	6	6	6	0	0	0	0	0	0	0	0	0	0	0	0	2413243	
914	1	C	4	N	2500	0	40	382	1157	54	23	17	0	0	0	0	0	0	0	0	0	0	0	0	2413353	
915	1	C	4	N	2500	0	40	463	1525	98	37	32	0	0	0	0	0	0	0	0	0	0	0	0	2413821	
916	1	C	4	N	2500	0	40	212	1103	69	32	25	0	0	0	0	0	0	0	0	0	0	0	0	2413914	
917	1	C	4	N	2500	0	40	268	946	54	25	21	0	0	0	0	0	0	0	0	0	0	0	0	2414101	
918	1	C	4	N	2500	0	40	367	1237	82	34	25	0	0	0	0	0	0	0	0	0	0	0	0	2414335	
919	1	C	4	N	2500	0	40	21	33	10	14	15	0	0	0	0	0	0	0	0	0	0	0	0	2414772	
920	1	C	4	N	2500	0	40	32	62	1	0	0	0	0	0	0	0	0	0	0	0	0	0	0	2414772	
921	1	C	4	N	2500	0	40	192	941	56	25	21	0	0	0	0	0	0	0	0	0	0	0	0	2414944	
922	1	C	4	N	2500	0	40	214	1037	62	28	17	0	0	0	0	0	0	0	0	0	0	0	0	2415053	
923	1	C	4	N	2500	0	40	340	1105	62	23	21	0	0	0	0	0	0	0	0	0	0	0	0	2415100	
924	1	C	4	N	2500	0	40	173	893	56	27	20	0	0	0	0	0	0	0	0	0	0	0	0	2415131	
925	1	C	4	N	2500	0	40	31	52	1	0	0	0	0	0	0	0	0	0	0	0	0	0	0	2415162	
926	1	C	4	N	2500	0	40	281	1160	59	32	22	0	0	0	0	0	0	0	0	0	0	0	0	2415427	
927	1	C	4	N	2500	0	40	195	926	59	25	20	0	0	0	0	0	0	0	0	0	0	0	0	2415817	
928	1	C	4	N	2500	0	40	260	954	48	24	19	0	0	0	0	0	0	0	0	0	0	0	0	2416597	
929	1	C	4	N	2500	0	40	31	75	5	4	3	0	0	0	0	0	0	0	0	0	0	0	0	2416800	
930	1	C	4	N	2500	0	40	255	821	39	20	15	0	0	0	0	0	0	0	0	0	0	0	0	2417097	
931	1	C	4	N	2500	0	40	189	1001	63	23	20	0	0	0	0	0	0	0	0	0	0	0	0	2417331	
932	1	C	4	N	2500	0	40	26	39	7	8	9	0	0	0	0	0	0	0	0	0	0	0	0	2418345	
933	1	C	4	N	2500	0	40	21	24	0	0	0	0	0	0	0	0	0	0	0	0	0	0	0	2418438	
934	1	D	4	N	2500	0	40	35	39	5	1	2	0	0	0	0	0	0	0	0	0	0	0	0	2426613	
935	1	D	4	N	2500	0	40	216	695	41	20	14	0	0	0	0	0	0	0	0	0	0	0	0	2426956	
936	1	D	4	N	2500	0	40	177	774	39	21	15	0	0	0	0	0	0	0	0	0	0	0	0	2427159	
937	1	D	4	N	2500	0	40	180	834	37	20	14	0	0	0	0	0	0	0	0	0	0	0	0	2427299	
938	1	D	4	N	2500	0	40	310	1036	61	29	21	0	0	0	0	0	0	0	0	0	0	0	0	2427330	
939	1	D	4	N	2500	0	40	158	699	35	18	15	0	0	0	0	0	0	0	0	0	0	0	0	2427408	
940	1	D	4	N	2500	0	40	320	1166	67	30	20	0	0	0	0	0	0	0	0	0	0	0	0	2427455	
941	1	D	4	N	2500	0	40	305	1100	60	31	21	0	0	0	0	0	0	0	0	0	0	0	0	2427627	
942	1	D	4	N	2500	0	40	25	28	1	0	0	0	0	0	0	0	0	0	0	0	0	0	0	2427642	
943	1	D	4	N	2500	0	40	155	818	56	25	20	0	0	0	0	0	0	0	0	0	0	0	0	2428110	
944	1	D	4	N	2500	0	40	275	1082	72	32	27	0	0	0	0	0	0	0	0	0	0	0	0	2428703	
945	1	D	4	N	2500	0	40	209	892	50	27	20	0	0	0	0	0	0	0	0	0	0	0	0	2428921	
946	1	D	4	N	2500	0	40	225	1158	77	33	21	0	0	0	0	0	0	0	0	0	0	0	0	2429093	
947	1	D	4	N	2500	0	40	188	716	34	18	13	0	0	0	0	0	0	0	0	0	0	0	0	2429327	
948	1	D	4	N	2500	0	40	252	843	52	24	15	0	0	0	0	0	0	0	0	0	0	0	0	2429655	
949	1	D	4	N	2500	0	40	138	787	42	22	16	0	0	0	0	0	0	0	0	0	0	0	0	2429951	
950	1	D	4	N	2500	0	40	296	1009	56	25	20	0	0	0	0	0	0	0	0	0	0	0	0	2430045	
951	1	D	4	N	2500	0	40	60	62	0	1	0	0	0	0	0	0	0	0	0	0	0	0	0	2430201	
952	1	D	4	N	2500	0	40	218	1010	63	28	23	0	0	0	0	0	0	0	0	0	0	0	0	2430294	
953	1	D	4	N	2500	0	40	286	907	50	24	18	0	0	0	0	0	0	0	0	0	0	0	0	2430466	
954	1	D	4	N	2500	0	40	280	914	42	18	12	0	0	0	0	0	0	0	0	0	0	0	0	2430762	
955	1	D	4	N	2500	0	40	142	565	23	13	10	0	0	0	0	0	0	0	0	0	0	0	0	2430762	
956	1	D	4	N	2500	0	40	178	682	25	13	10	0	0	0	0	0	0	0	0	0	0	0	0	2431371	
957	1	D	4	N	2500	0	40	200	515	23	14	12	0	0	0	0	0	0	0	0	0	0	0	0	2431464	
958	1	D	4	N	2500	0	40	28	27	1	1	2	0	0	0	0	0	0	0	0	0	0	0	0	2431558	
959	1	D	4	N	2500	0	40	181	733	36	16	11	0	0	0	0	0	0	0	0	0	0	0	0	2431651	
960	1	D	4	N	2500	0	40	158	1090	79	35	27	0	0	0	0	0	0	0	0	0	0	0	0	2431776	
961	1	D	4	N	2500	0	40	173	925	65	33	25	0	0	0	0	0	0	0	0	0	0	0	0	2432119	
962	1	D	4	N	2500	0	40	171	729	37	19	11	0	0	0	0	0	0	0	0	0	0	0	0	2432353	
963	1	D	4	N	2500	0	40	250	789	49	22	16	0	0	0	0	0	0	0	0	0	0	0	0	2432681	
964	1	E	4	N	2500	0	40	210	856	37	19	15	0	0	0	0	0	0	0	0	0	0	0	0	2440387	
965	1	E	4	N	2500	0	40	26	44	9	12	14	0	0	0	0	0	0	0	0	0	0	0	0	2440497	
966	1	E	4	N	2500	0	40	195	846	44	23	17	0	0	0	0	0	0	0	0	0	0	0	0	2440590	
967	1	E	4	N	2500	0	40	189	533	26	13	13	0	0	0	0	0	0	0	0	0	0	0	0	2440793	
968	1	E	4	N	2500	0	40	113	352	13	7	5	0	0	0	0	0	0	0	0	0	0	0	0	2440902	
969	1	E	4	N	2500	0	40	150	497	26	13	10	0	0	0	0	0	0	0	0	0	0	0	0	2441245	
970	1	E	4	N	2500	0	40	376	1107	51	24	19	0	0	0	0	0	0	0	0	0	0	0	0	2441604	
971	1	E	4	N	2500	0	40	128	426	23	12	8	0	0	0	0	0	0	0	0	0	0	0	0	2441745	
972	1	E	4	N	2500	0	40	213	867	49	23	20	0	0	0	0	0	0	0	0	0	0	0	0	2441776	
973	1	E	4	N	2500	0	40	222	565	28	14	11	0	0	0	0	0	0	0	0	0	0	0	0	2442228	
974	1	E	4	N	2500	0	40	42	75	5	5	3	0	0	0	0	0	0	0	0	0	0	0	0	2442322	
975	1	E	4	N	2500	0	40	124	480	28	15	10	0	0	0	0	0	0	0	0	0	0	0	0	2442400	
976	1	E	4	N	2500	0	40	140	378	16	9	7	0	0	0	0	0	0	0	0	0	0	0	0	2442915	
977	1	E	4	N	2500	0	40	161	548	18	13	14	0	0	0	0	0	0	0	0	0	0	0	0	2443258	
978	1	E	4	N	2500	0	40	254	639	25	13	13	0	0	0	0	0	0	0	0	0	0	0	0	2443726	
979	1	E	4	N	2500	0	40	176	793	33	19	13	0	0	0	0	0	0	0	0	0	0	0	0	2443897	
980	1	E	4	N	2500	0	40	260	733	38	22	17	0	0	0	0	0	0	0	0	0	0	0	0	2444209	
981	1	E	4	N	2500	0	40	268	854	37	18	15	0	0	0	0	0	0	0	0	0	0	0	0	2444350	
982	1	E	4	N	2500	0	40	37	43	2	3	4	0	0	0	0	0	0	0	0	0	0	0	0	2444459	
983	1	E	4	N	2500	0	40	20	42	6	6	7	0	0	0	0	0	0	0	0	0	0	0	0	2444475	
984	1	E	4	N	2500	0	40	204	635	32	16	14	0	0	0	0	0	0	0	0	0	0	0	0	2444615	
985	1	E	4	N	2500	0	40	141	569	26	13	11	0	0	0	0	0	0	0	0	0	0	0	0	2444974	
986	1	E	4	N	2500	0	40	150	601	24	13	8	0	0	0	0	0	0	0	0	0	0	0	0	2445145	
987	1	E	4	N	2500	0	40	199	495	20	10	9	0	0	0	0	0	0	0	0	0	0	0	0	2445177	
988	1	E	4	N	2500	0	40	340	950	44	20	15	0	0	0	0	0	0	0	0	0	0	0	0	2445208	
989	1	E	4	N	2500	0	40	55	230	19	22	24	0	0	0	0	0	0	0	0	0	0	0	0	2445239	
990	1	E	4	N	2500	0	40	151	571	25	14	11	0	0	0	0	0	0	0	0	0	0	0	0	2445255	
991	1	E	4	N	2500	0	40	50	56	1	0	1	0	0	0	0	0	0	0	0	0	0	0	0	2445301	
992	1	E	4	N	2500	0	40	127	522	26	14	11	0	0	0	0	0	0	0	0	0	0	0	0	2445629	
993	1	E	4	N	2500	0	40	52	63	1	1	0	0	0	0	0	0	0	0	0	0	0	0	0	2445707	
994	1	E	4	N	2500	0	40	131	614	27	15	12	0	0	0	0	0	0	0	0	0	0	0	0	2446284	
995	1	E	4	N	2500	0	40	245	693	32	15	12	0	0	0	0	0	0	0	0	0	0	0	0	2446300	
996	1	E	4	N	2500	0	40	206	995	47	24	15	0	0	0	0	0	0	0	0	0	0	0	0	2446362	
997	1	E	4	N	2500	0	40	21	49	2	1	1	0	0	0	0	0	0	0	0	0	0	0	0	2446425	
998	1	E	4	N	2500	0	40	145	477	22	13	10	0	0	0	0	0	0	0	0	0	0	0	0	2446471	
999	1	E	4	N	2500	0	40	151	625	27	14	11	0	0	0	0	0	0	0	0	0	0	0	0	2446799	
1000	1	E	4	N	2500	0	40	192	614	28	15	14	0	0	0	0	0	0	0	0	0	0	0	0	2447267	
1001	1	F	4	N	2500	0	40	150	681	34	18	13	0	0	0	0	0	0	0	0	0	0	0	0	2455348	
1002	1	F	4	N	2500	0	40	37	82	3	2	3	0	0	0	0	0	0	0	0	0	0	0	0	2455613	
1003	1	F	4	N	2500	0	40	266	688	25	14	11	0	0	0	0	0	0	0	0	0	0	0	0	2455644	
1004	1	F	4	N	2500	0	40	146	424	15	10	8	0	0	0	0	0	0	0	0	0	0	0	0	2455691	
1005	1	F	4	N	2500	0	40	221	447	16	8	7	0	0	0	0	0	0	0	0	0	0	0	0	2455925	
1006	1	F	4	N	2500	0	40	155	484	17	10	7	0	0	0	0	0	0	0	0	0	0	0	0	2456050	
1007	1	F	4	N	2500	0	40	29	45	1	1	1	0	0	0	0	0	0	0	0	0	0	0	0	2456143	
1008	1	F	4	N	2500	0	40	44	73	2	2	2	0	0	0	0	0	0	0	0	0	0	0	0	2456143	
1009	1	F	4	N	2500	0	40	72	130	5	4	7	0	0	0	0	0	0	0	0	0	0	0	0	2456143	
1010	1	F	4	N	2500	0	40	184	543	25	14	12	0	0	0	0	0	0	0	0	0	0	0	0	2456440	
1011	1	F	4	N	2500	0	40	27	49	1	1	3	0	0	0	0	0	0	0	0	0	0	0	0	2456502	
1012	1	F	4	N	2500	0	40	21	28	0	0	0	0	0	0	0	0	0	0	0	0	0	0	0	2456923	
1013	1	F	4	N	2500	0	40	33	33	1	1	2	0	0	0	0	0	0	0	0	0	0	0	0	2457017	
1014	1	F	4	N	2500	0	40	145	420	17	10	7	0	0	0	0	0	0	0	0	0	0	0	0	2457282	
1015	1	F	4	N	2500	0	40	145	568	24	13	10	0	0	0	0	0	0	0	0	0	0	0	0	2457703	
1016	1	F	4	N	2500	0	40	106	128	5	2	3	0	0	0	0	0	0	0	0	0	0	0	0	2458296	
1017	1	F	4	N	2500	0	40	158	288	9	5	4	0	0	0	0	0	0	0	0	0	0	0	0	2458296	
1018	1	F	4	N	2500	0	40	173	350	12	6	5	0	0	0	0	0	0	0	0	0	0	0	0	2458780	
1019	1	F	4	N	2500	0	40	25	34	1	0	1	0	0	0	0	0	0	0	0	0	0	0	0	2458842	
1020	1	F	4	N	2500	0	40	175	408	19	9	9	0	0	0	0	0	0	0	0	0	0	0	0	2458967	
1021	1	F	4	N	2500	0	40	119	419	16	8	6	0	0	0	0	0	0	0	0	0	0	0	0	2459185	
1022	1	F	4	N	2500	0	40	21	28	1	0	1	0	0	0	0	0	0	0	0	0	0	0	0	2459373	
1023	1	F	4	N	2500	0	40	96	415	48	53	61	0	0	0	0	0	0	0	0	0	0	0	0	2459575	
1024	1	F	4	N	2500	0	40	181	588	25	14	10	0	0	0	0	0	0	0	0	0	0	0	0	2459591	
1025	1	F	4	N	2500	0	40	164	453	16	9	8	0	0	0	0	0	0	0	0	0	0	0	0	2459763	
1026	1	F	4	N	2500	0	40	70	76	1	1	1	0	0	0	0	0	0	0	0	0	0	0	0	2459778	
1027	1	F	4	N	2500	0	40	347	775	27	17	14	0	0	0	0	0	0	0	0	0	0	0	0	2459919	
1028	1	F	4	N	2500	0	40	26	32	1	1	1	0	0	0	0	0	0	0	0	0	0	0	0	2460745	
1029	1	F	4	N	2500	0	40	209	377	13	10	8	0	0	0	0	0	0	0	0	0	0	0	0	2460839	
1030	1	F	4	N	2500	0	40	205	491	17	9	6	0	0	0	0	0	0	0	0	0	0	0	0	2460901	
1031	1	F	4	N	2500	0	40	188	361	11	6	3	0	0	0	0	0	0	0	0	0	0	0	0	2461011	
1032	1	F	4	N	2500	0	40	132	503	24	14	10	0	0	0	0	0	0	0	0	0	0	0	0	2461026	
1033	1	F	4	N	2500	0	40	138	245	7	5	4	0	0	0	0	0	0	0	0	0	0	0	0	2461104	
1034	1	F	4	N	2500	0	40	168	445	15	9	4	0	0	0	0	0	0	0	0	0	0	0	0	2461120	
1035	1	F	4	N	2500	0	40	187	454	20	11	10	0	0	0	0	0	0	0	0	0	0	0	0	2461962	
1036	1	F	4	N	2500	0	40	232	614	26	13	11	0	0	0	0	0	0	0	0	0	0	0	0	2462212	
1037	1	G	4	N	2500	0	40	146	286	8	1	0	0	0	0	0	0	0	0	0	0	0	0	0	2469731	
1038	1	G	4	N	2500	0	40	26	33	1	0	0	0	0	0	0	0	0	0	0	0	0	0	0	2470027	
1039	1	G	4	N	2500	0	40	50	46	1	1	1	0	0	0	0	0	0	0	0	0	0	0	0	2470152	
1040	1	G	4	N	2500	0	40	86	130	11	2	5	0	0	0	0	0	0	0	0	0	0	0	0	2470183	
1041	1	G	4	N	2500	0	40	110	268	6	5	5	0	0	0	0	0	0	0	0	0	0	0	0	2470230	
1042	1	G	4	N	2500	0	40	157	264	7	4	6	0	0	0	0	0	0	0	0	0	0	0	0	2470355	
1043	1	G	4	N	2500	0	40	97	201	6	4	4	0	0	0	0	0	0	0	0	0	0	0	0	2470480	
1044	1	G	4	N	2500	0	40	21	27	1	0	0	0	0	0	0	0	0	0	0	0	0	0	0	2470589	
1045	1	G	4	N	2500	0	40	21	26	1	0	0	0	0	0	0	0	0	0	0	0	0	0	0	2470589	
1046	1	G	4	N	2500	0	40	22	32	1	0	0	0	0	0	0	0	0	0	0	0	0	0	0	2470589	
1047	1	G	4	N	2500	0	40	27	35	1	0	0	0	0	0	0	0	0	0	0	0	0	0	0	2470589	
1048	1	G	4	N	2500	0	40	32	39	1	0	0	0	0	0	0	0	0	0	0	0	0	0	0	2470745	
1049	1	G	4	N	2500	0	40	23	35	1	1	1	0	0	0	0	0	0	0	0	0	0	0	0	2470776	
1050	1	G	4	N	2500	0	40	27	41	3	1	0	0	0	0	0	0	0	0	0	0	0	0	0	2470792	
1051	1	G	4	N	2500	0	40	151	212	4	3	3	0	0	0	0	0	0	0	0	0	0	0	0	2471026	
1052	1	G	4	N	2500	0	40	132	368	30	11	11	0	0	0	0	0	0	0	0	0	0	0	0	2471229	
1053	1	G	4	N	2500	0	40	51	86	4	1	1	0	0	0	0	0	0	0	0	0	0	0	0	2471229	
1054	1	G	4	N	2500	0	40	41	52	2	1	0	0	0	0	0	0	0	0	0	0	0	0	0	2471229	
1055	1	G	4	N	2500	0	40	38	68	3	1	1	0	0	0	0	0	0	0	0	0	0	0	0	2471385	
1056	1	G	4	N	2500	0	40	21	28	1	0	0	0	0	0	0	0	0	0	0	0	0	0	0	2471463	
1057	1	G	4	N	2500	0	40	27	43	1	0	1	0	0	0	0	0	0	0	0	0	0	0	0	2471463	
1058	1	G	4	N	2500	0	40	45	63	2	1	2	0	0	0	0	0	0	0	0	0	0	0	0	2471681	
1059	1	G	4	N	2500	0	40	29	55	2	1	1	0	0	0	0	0	0	0	0	0	0	0	0	2471681	
1060	1	G	4	N	2500	0	40	97	237	6	4	3	0	0	0	0	0	0	0	0	0	0	0	0	2471806	
1061	1	G	4	N	2500	0	40	27	34	2	0	0	0	0	0	0	0	0	0	0	0	0	0	0	2471915	
1062	1	G	4	N	2500	0	40	108	284	8	5	2	0	0	0	0	0	0	0	0	0	0	0	0	2472180	
1063	1	G	4	N	2500	0	40	145	266	8	4	4	0	0	0	0	0	0	0	0	0	0	0	0	2472227	
1064	1	G	4	N	2500	0	40	109	303	9	6	4	0	0	0	0	0	0	0	0	0	0	0	0	2472321	
1065	1	G	4	N	2500	0	40	153	278	10	4	6	0	0	0	0	0	0	0	0	0	0	0	0	2472570	
1066	1	G	4	N	2500	0	40	40	53	5	1	0	0	0	0	0	0	0	0	0	0	0	0	0	2472711	
1067	1	G	4	N	2500	0	40	140	224	5	3	3	0	0	0	0	0	0	0	0	0	0	0	0	2472757	
1068	1	G	4	N	2500	0	40	84	245	8	4	2	0	0	0	0	0	0	0	0	0	0	0	0	2472804	
1069	1	G	4	N	2500	0	40	173	323	9	7	5	0	0	0	0	0	0	0	0	0	0	0	0	2472898	
1070	1	G	4	N	2500	0	40	22	26	1	0	0	0	0	0	0	0	0	0	0	0	0	0	0	2472960	
1071	1	G	4	N	2500	0	40	42	55	3	0	0	0	0	0	0	0	0	0	0	0	0	0	0	2473210	
1072	1	G	4	N	2500	0	40	54	65	4	2	1	0	0	0	0	0	0	0	0	0	0	0	0	2473303	
1073	1	G	4	N	2500	0	40	31	85	6	2	2	0	0	0	0	0	0	0	0	0	0	0	0	2473319	
1074	1	G	4	N	2500	0	40	104	242	6	3	4	0	0	0	0	0	0	0	0	0	0	0	0	2473335	
1075	1	G	4	N	2500	0	40	97	258	7	4	4	0	0	0	0	0	0	0	0	0	0	0	0	2473335	
1076	1	G	4	N	2500	0	40	27	48	2	0	0	0	0	0	0	0	0	0	0	0	0	0	0	2473413	
1077	1	G	4	N	2500	0	40	167	282	6	5	4	0	0	0	0	0	0	0	0	0	0	0	0	2473459	
1078	1	G	4	N	2500	0	40	23	19	1	0	0	0	0	0	0	0	0	0	0	0	0	0	0	2473506	
1079	1	G	4	N	2500	0	40	188	319	9	6	5	0	0	0	0	0	0	0	0	0	0	0	0	2473615	
1080	1	G	4	N	2500	0	40	79	160	6	3	3	0	0	0	0	0	0	0	0	0	0	0	0	2473615	
1081	1	G	4	N	2500	0	40	21	38	2	0	0	0	0	0	0	0	0	0	0	0	0	0	0	2473662	
1082	1	G	4	N	2500	0	40	105	273	9	5	5	0	0	0	0	0	0	0	0	0	0	0	0	2473756	
1083	1	G	4	N	2500	0	40	75	254	6	4	5	0	0	0	0	0	0	0	0	0	0	0	0	2473803	
1084	1	G	4	N	2500	0	40	67	178	23	6	7	0	0	0	0	0	0	0	0	0	0	0	0	2473927	
1085	1	G	4	N	2500	0	40	58	159	15	5	7	0	0	0	0	0	0	0	0	0	0	0	0	2473943	
1086	1	G	4	N	2500	0	40	78	174	14	4	6	0	0	0	0	0	0	0	0	0	0	0	0	2473990	
1087	1	G	4	N	2500	0	40	45	95	6	2	2	0	0	0	0	0	0	0	0	0	0	0	0	2473990	
1088	1	G	4	N	2500	0	40	60	112	5	1	2	0	0	0	0	0	0	0	0	0	0	0	0	2473990	
1089	1	G	4	N	2500	0	40	44	113	9	3	2	0	0	0	0	0	0	0	0	0	0	0	0	2473990	
1090	1	G	4	N	2500	0	40	147	253	7	4	4	0	0	0	0	0	0	0	0	0	0	0	0	2474005	
1091	1	G	4	N	2500	0	40	33	82	6	1	1	0	0	0	0	0	0	0	0	0	0	0	0	2474068	
1092	1	G	4	N	2500	0	40	77	190	14	4	5	0	0	0	0	0	0	0	0	0	0	0	0	2474068	
1093	1	G	4	N	2500	0	40	25	39	3	1	1	0	0	0	0	0	0	0	0	0	0	0	0	2474193	
1094	1	G	4	N	2500	0	40	43	74	4	1	1	0	0	0	0	0	0	0	0	0	0	0	0	2474224	
1095	1	G	4	N	2500	0	40	64	185	14	5	5	0	0	0	0	0	0	0	0	0	0	0	0	2474224	
1096	1	G	4	N	2500	0	40	41	88	5	1	1	0	0	0	0	0	0	0	0	0	0	0	0	2474224	
1097	1	G	4	N	2500	0	40	92	221	8	5	3	0	0	0	0	0	0	0	0	0	0	0	0	2474224	
1098	1	G	4	N	2500	0	40	41	130	8	3	3	0	0	0	0	0	0	0	0	0	0	0	0	2474333	
1099	1	G	4	N	2500	0	40	166	263	6	3	3	0	0	0	0	0	0	0	0	0	0	0	0	2474395	
1100	1	G	4	N	2500	0	40	43	125	12	5	3	0	0	0	0	0	0	0	0	0	0	0	0	2474427	
1101	1	G	4	N	2500	0	40	153	242	5	3	3	0	0	0	0	0	0	0	0	0	0	0	0	2474520	
1102	1	G	4	N	2500	0	40	76	226	5	4	4	0	0	0	0	0	0	0	0	0	0	0	0	2474536	
1103	1	G	4	N	2500	0	40	74	213	16	5	6	0	0	0	0	0	0	0	0	0	0	0	0	2474614	
1104	1	G	4	N	2500	0	40	48	116	10	3	2	0	0	0	0	0	0	0	0	0	0	0	0	2474614	
1105	1	G	4	N	2500	0	40	23	30	1	0	0	0	0	0	0	0	0	0	0	0	0	0	0	2474754	
1106	1	G	4	N	2500	0	40	120	444	28	9	9	0	0	0	0	0	0	0	0	0	0	0	0	2474817	
1107	1	G	4	N	2500	0	40	105	238	5	4	3	0	0	0	0	0	0	0	0	0	0	0	0	2474863	
1108	1	G	4	N	2500	0	40	138	178	4	2	3	0	0	0	0	0	0	0	0	0	0	0	0	2475004	
1109	1	G	4	N	2500	0	40	22	24	0	0	0	0	0	0	0	0	0	0	0	0	0	0	0	2475066	
1110	1	G	4	N	2500	0	40	145	277	11	5	4	0	0	0	0	0	0	0	0	0	0	0	0	2475144	
1111	1	G	4	N	2500	0	40	144	266	7	4	3	0	0	0	0	0	0	0	0	0	0	0	0	2475207	
1112	1	G	4	N	2500	0	40	23	35	2	2	1	0	0	0	0	0	0	0	0	0	0	0	0	2475207	
1113	1	G	4	N	2500	0	40	24	37	4	4	4	0	0	0	0	0	0	0	0	0	0	0	0	2475222	
1114	1	G	4	N	2500	0	40	146	289	8	4	3	0	0	0	0	0	0	0	0	0	0	0	0	2475269	
1115	1	G	4	N	2500	0	40	42	112	6	2	3	0	0	0	0	0	0	0	0	0	0	0	0	2475285	
1116	1	G	4	N	2500	0	40	21	31	1	0	0	0	0	0	0	0	0	0	0	0	0	0	0	2475285	
1117	1	G	4	N	2500	0	40	36	39	2	0	0	0	0	0	0	0	0	0	0	0	0	0	0	2475409	
1118	1	G	4	N	2500	0	40	42	80	4	1	1	0	0	0	0	0	0	0	0	0	0	0	0	2475441	
1119	1	G	4	N	2500	0	40	27	34	1	0	0	0	0	0	0	0	0	0	0	0	0	0	0	2475441	
1120	1	G	4	N	2500	0	40	180	251	7	3	2	0	0	0	0	0	0	0	0	0	0	0	0	2475565	
1121	1	G	4	N	2500	0	40	112	262	8	4	3	0	0	0	0	0	0	0	0	0	0	0	0	2475628	
1122	1	G	4	N	2500	0	40	34	44	3	1	0	0	0	0	0	0	0	0	0	0	0	0	0	2475862	
1123	1	G	4	N	2500	0	40	132	192	4	2	2	0	0	0	0	0	0	0	0	0	0	0	0	2475971	
1124	1	G	4	N	2500	0	40	20	22	2	0	0	0	0	0	0	0	0	0	0	0	0	0	0	2476127	
1125	1	G	4	N	2500	0	40	38	74	4	1	1	0	0	0	0	0	0	0	0	0	0	0	0	2476267	
1126	1	G	4	N	2500	0	40	36	65	6	1	2	0	0	0	0	0	0	0	0	0	0	0	0	2476267	
1127	1	G	4	N	2500	0	40	32	84	9	2	3	0	0	0	0	0	0	0	0	0	0	0	0	2476345	
1128	1	G	4	N	2500	0	40	27	52	3	1	1	0	0	0	0	0	0	0	0	0	0	0	0	2476455	
1129	1	G	4	N	2500	0	40	46	101	6	2	2	0	0	0	0	0	0	0	0	0	0	0	0	2476455	
1130	1	G	4	N	2500	0	40	20	18	0	0	0	0	0	0	0	0	0	0	0	0	0	0	0	2476455	
1131	1	G	4	N	2500	0	40	54	124	8	2	2	0	0	0	0	0	0	0	0	0	0	0	0	2476455	
1132	1	G	4	N	2500	0	40	44	44	0	0	0	0	0	0	0	0	0	0	0	0	0	0	0	2476548	
1133	1	G	4	N	2500	0	40	23	48	3	0	1	0	0	0	0	0	0	0	0	0	0	0	0	2476673	
1134	1	G	4	N	2500	0	40	46	112	5	1	1	0	0	0	0	0	0	0	0	0	0	0	0	2476689	
1135	1	G	4	N	2500	0	40	39	77	3	1	1	0	0	0	0	0	0	0	0	0	0	0	0	2476689	
1136	1	G	4	N	2500	0	40	28	42	4	1	2	0	0	0	0	0	0	0	0	0	0	0	0	2476720	
1137	1	G	4	N	2500	0	40	94	221	5	4	3	0	0	0	0	0	0	0	0	0	0	0	0	2476751	
1138	1	G	4	N	2500	0	40	23	29	1	0	0	0	0	0	0	0	0	0	0	0	0	0	0	2476767	
1139	1	G	4	N	2500	0	40	48	88	5	1	1	0	0	0	0	0	0	0	0	0	0	0	0	2476829	
1140	1	G	4	N	2500	0	40	24	38	2	0	0	0	0	0	0	0	0	0	0	0	0	0	0	2476985	
1141	1	G	4	N	2500	0	40	55	58	2	0	0	0	0	0	0	0	0	0	0	0	0	0	0	2476985	
1142	1	G	4	N	2500	0	40	28	42	2	0	0	0	0	0	0	0	0	0	0	0	0	0	0	2476985	
1143	1	G	4	N	2500	0	40	46	71	3	1	1	0	0	0	0	0	0	0	0	0	0	0	0	2477016	
1144	1	G	4	N	2500	0	40	20	26	0	0	0	0	0	0	0	0	0	0	0	0	0	0	0	2477141	
1145	1	H	4	N	2500	0	40	39	91	9	2	1	0	0	0	0	0	0	0	0	0	0	0	0	2485300	
1146	1	H	4	N	2500	0	40	20	27	1	0	0	0	0	0	0	0	0	0	0	0	0	0	0	2486361	
1147	1	H	4	N	2500	0	40	22	34	2	0	0	0	0	0	0	0	0	0	0	0	0	0	0	2487265	
1148	1	H	4	N	2500	0	40	106	239	6	5	4	0	0	0	0	0	0	0	0	0	0	0	0	2491197	
1149	1	A	5	N	2500	0	40	59	173	16	17	19	0	0	0	0	0	0	0	0	0	0	0	0	2500806	
1150	1	A	5	N	2500	0	40	30	58	4	3	5	0	0	0	0	0	0	0	0	0	0	0	0	2500931	
1151	1	A	5	N	2500	0	40	20	20	2	1	1	0	0	0	0	0	0	0	0	0	0	0	0	2502241	
1152	1	A	5	N	2500	0	40	244	1118	64	30	21	0	0	0	0	0	0	0	0	0	0	0	0	2502335	
1153	1	A	5	N	2500	0	40	300	691	23	13	13	0	0	0	0	0	0	0	0	0	0	0	0	2502585	
1154	1	A	5	N	2500	0	40	296	1238	81	35	27	0	0	0	0	0	0	0	0	0	0	0	0	2502694	
1155	1	A	5	N	2500	0	40	29	51	8	8	9	0	0	0	0	0	0	0	0	0	0	0	0	2503146	
1156	1	A	5	N	2500	0	40	199	1086	67	28	22	0	0	0	0	0	0	0	0	0	0	0	0	2504769	
1157	1	A	5	N	2500	0	40	20	28	3	0	0	0	0	0	0	0	0	0	0	0	0	0	0	2505299	
1158	1	A	5	N	2500	0	40	380	1159	65	28	22	0	0	0	0	0	0	0	0	0	0	0	0	2505611	
1159	1	A	5	N	2500	0	40	252	837	56	26	20	0	0	0	0	0	0	0	0	0	0	0	0	2505705	
1160	1	A	5	N	2500	0	40	251	926	70	30	25	0	0	0	0	0	0	0	0	0	0	0	0	2506110	
1161	1	A	5	N	2500	0	40	26	46	6	7	7	0	0	0	0	0	0	0	0	0	0	0	0	2507265	
1162	1	A	5	N	2500	0	40	47	84	3	4	4	0	0	0	0	0	0	0	0	0	0	0	0	2507499	
1163	1	B	5	N	2500	0	40	37	67	5	3	3	0	0	0	0	0	0	0	0	0	0	0	0	2515049	
1164	1	B	5	N	2500	0	40	47	77	3	3	4	0	0	0	0	0	0	0	0	0	0	0	0	2515205	
1165	1	B	5	N	2500	0	40	322	1036	64	27	18	0	0	0	0	0	0	0	0	0	0	0	0	2516578	
1166	1	B	5	N	2500	0	40	30	45	2	3	3	0	0	0	0	0	0	0	0	0	0	0	0	2516750	
1167	1	B	5	N	2500	0	40	332	1199	64	28	21	0	0	0	0	0	0	0	0	0	0	0	0	2516906	
1168	1	B	5	N	2500	0	40	178	834	44	22	17	0	0	0	0	0	0	0	0	0	0	0	0	2517093	
1169	1	B	5	N	2500	0	40	316	1105	68	34	27	0	0	0	0	0	0	0	0	0	0	0	0	2517280	
1170	1	B	5	N	2500	0	40	212	967	49	25	17	0	0	0	0	0	0	0	0	0	0	0	0	2517592	
1171	1	B	5	N	2500	0	40	110	585	57	58	73	0	0	0	0	0	0	0	0	0	0	0	0	2517982	
1172	1	B	5	N	2500	0	40	26	35	2	2	2	0	0	0	0	0	0	0	0	0	0	0	0	2518185	
1173	1	B	5	N	2500	0	40	397	1252	63	30	22	0	0	0	0	0	0	0	0	0	0	0	0	2520431	
1174	1	B	5	N	2500	0	40	297	1284	74	34	25	0	0	0	0	0	0	0	0	0	0	0	0	2520509	
1175	1	B	5	N	2500	0	40	36	81	42	36	29	0	0	0	0	0	0	0	0	0	0	0	0	2520915	
1176	1	B	5	N	2500	0	40	27	26	2	1	1	0	0	0	0	0	0	0	0	0	0	0	0	2521726	
1177	1	B	5	N	2500	0	40	45	52	1	0	0	0	0	0	0	0	0	0	0	0	0	0	0	2522241	
1178	1	C	5	N	2500	0	40	34	63	7	5	1	0	0	0	0	0	0	0	0	0	0	0	0	2529807	
1179	1	C	5	N	2500	0	40	21	26	1	2	2	0	0	0	0	0	0	0	0	0	0	0	0	2530836	
1180	1	C	5	N	2500	0	40	340	1057	52	24	22	0	0	0	0	0	0	0	0	0	0	0	0	2532350	
1181	1	C	5	N	2500	0	40	295	1209	62	30	27	0	0	0	0	0	0	0	0	0	0	0	0	2532989	
1182	1	C	5	N	2500	0	40	24	24	2	1	1	0	0	0	0	0	0	0	0	0	0	0	0	2533520	
1183	1	C	5	N	2500	0	40	314	974	47	24	17	0	0	0	0	0	0	0	0	0	0	0	0	2534877	
1184	1	C	5	N	2500	0	40	22	25	3	1	1	0	0	0	0	0	0	0	0	0	0	0	0	2536874	
1185	1	D	5	N	2500	0	40	388	995	49	24	17	0	0	0	0	0	0	0	0	0	0	0	0	2544159	
1186	1	D	5	N	2500	0	40	253	933	45	22	15	0	0	0	0	0	0	0	0	0	0	0	0	2545500	
1187	1	D	5	N	2500	0	40	21	17	1	1	1	0	0	0	0	0	0	0	0	0	0	0	0	2545781	
1188	1	D	5	N	2500	0	40	96	370	37	37	41	0	0	0	0	0	0	0	0	0	0	0	0	2547014	
1189	1	D	5	N	2500	0	40	274	905	46	28	20	0	0	0	0	0	0	0	0	0	0	0	0	2548262	
1190	1	D	5	N	2500	0	40	286	845	41	20	16	0	0	0	0	0	0	0	0	0	0	0	0	2549338	
1191	1	D	5	N	2500	0	40	22	23	0	0	0	0	0	0	0	0	0	0	0	0	0	0	0	2549946	
1192	1	D	5	N	2500	0	40	264	921	56	27	22	0	0	0	0	0	0	0	0	0	0	0	0	2550087	
1193	1	D	5	N	2500	0	40	214	888	54	26	18	0	0	0	0	0	0	0	0	0	0	0	0	2550414	
1194	1	E	5	N	2500	0	40	44	115	14	2	2	0	0	0	0	0	0	0	0	0	0	0	0	2560804	
1195	1	E	5	N	2500	0	40	170	775	38	18	13	0	0	0	0	0	0	0	0	0	0	0	0	2561163	
1196	1	E	5	N	2500	0	40	248	814	38	20	13	0	0	0	0	0	0	0	0	0	0	0	0	2561990	
1197	1	E	5	N	2500	0	40	24	40	6	8	10	0	0	0	0	0	0	0	0	0	0	0	0	2562302	
1198	1	E	5	N	2500	0	40	180	737	32	19	14	0	0	0	0	0	0	0	0	0	0	0	0	2562302	
1199	1	E	5	N	2500	0	40	150	425	16	12	8	0	0	0	0	0	0	0	0	0	0	0	0	2564298	
1200	1	E	5	N	2500	0	40	414	1239	47	28	21	0	0	0	0	0	0	0	0	0	0	0	0	2564954	
1201	1	F	5	N	2500	0	40	217	426	15	9	9	0	0	0	0	0	0	0	0	0	0	0	0	2574844	
1202	1	F	5	N	2500	0	40	184	320	13	5	4	0	0	0	0	0	0	0	0	0	0	0	0	2575842	
1203	1	F	5	N	2500	0	40	38	84	4	4	4	0	0	0	0	0	0	0	0	0	0	0	0	2576591	
1204	1	F	5	N	2500	0	40	190	460	15	9	7	0	0	0	0	0	0	0	0	0	0	0	0	2577122	
1205	1	F	5	N	2500	0	40	187	537	19	10	11	0	0	0	0	0	0	0	0	0	0	0	0	2578432	
1206	1	F	5	N	2500	0	40	168	431	15	8	7	0	0	0	0	0	0	0	0	0	0	0	0	2579306	
1207	1	F	5	N	2500	0	40	206	372	17	7	6	0	0	0	0	0	0	0	0	0	0	0	0	2579555	
1208	1	F	5	N	2500	0	40	75	199	14	13	13	0	0	0	0	0	0	0	0	0	0	0	0	2579727	
1209	1	F	5	N	2500	0	40	56	182	16	17	21	0	0	0	0	0	0	0	0	0	0	0	0	2580600	
1210	1	G	5	N	2500	0	40	127	371	45	15	11	0	0	0	0	0	0	0	0	0	0	0	0	2588650	
1211	1	G	5	N	2500	0	40	28	30	2	1	0	0	0	0	0	0	0	0	0	0	0	0	0	2588697	
1212	1	G	5	N	2500	0	40	21	30	3	0	0	0	0	0	0	0	0	0	0	0	0	0	0	2588759	
1213	1	G	5	N	2500	0	40	150	246	10	5	3	0	0	0	0	0	0	0	0	0	0	0	0	2588868	
1214	1	G	5	N	2500	0	40	31	31	2	0	0	0	0	0	0	0	0	0	0	0	0	0	0	2588868	
1215	1	G	5	N	2500	0	40	29	44	3	0	0	0	0	0	0	0	0	0	0	0	0	0	0	2588931	
1216	1	G	5	N	2500	0	40	176	355	13	7	5	0	0	0	0	0	0	0	0	0	0	0	0	2589056	
1217	1	G	5	N	2500	0	40	51	90	7	3	2	0	0	0	0	0	0	0	0	0	0	0	0	2589134	
1218	1	G	5	N	2500	0	40	31	46	4	1	1	0	0	0	0	0	0	0	0	0	0	0	0	2589134	
1219	1	G	5	N	2500	0	40	23	30	1	0	0	0	0	0	0	0	0	0	0	0	0	0	0	2589258	
1220	1	G	5	N	2500	0	40	21	20	1	0	0	0	0	0	0	0	0	0	0	0	0	0	0	2589321	
1221	1	G	5	N	2500	0	40	53	82	7	2	1	0	0	0	0	0	0	0	0	0	0	0	0	2589321	
1222	1	G	5	N	2500	0	40	29	31	2	1	0	0	0	0	0	0	0	0	0	0	0	0	0	2589336	
1223	1	G	5	N	2500	0	40	28	54	5	1	1	0	0	0	0	0	0	0	0	0	0	0	0	2589617	
1224	1	G	5	N	2500	0	40	99	605	75	62	73	0	0	0	0	0	0	0	0	0	0	0	0	2589648	
1225	1	G	5	N	2500	0	40	23	26	1	0	0	0	0	0	0	0	0	0	0	0	0	0	0	2589882	
1226	1	G	5	N	2500	0	40	20	28	1	0	0	0	0	0	0	0	0	0	0	0	0	0	0	2590023	
1227	1	G	5	N	2500	0	40	47	129	13	1	1	0	0	0	0	0	0	0	0	0	0	0	0	2590023	
1228	1	G	5	N	2500	0	40	55	100	5	1	1	0	0	0	0	0	0	0	0	0	0	0	0	2590148	
1229	1	G	5	N	2500	0	40	24	34	2	0	1	0	0	0	0	0	0	0	0	0	0	0	0	2590179	
1230	1	G	5	N	2500	0	40	22	36	2	0	0	0	0	0	0	0	0	0	0	0	0	0	0	2590194	
1231	1	G	5	N	2500	0	40	21	30	0	0	0	0	0	0	0	0	0	0	0	0	0	0	0	2590319	
1232	1	G	5	N	2500	0	40	24	23	0	0	0	0	0	0	0	0	0	0	0	0	0	0	0	2590678	
1233	1	G	5	N	2500	0	40	32	56	3	0	0	0	0	0	0	0	0	0	0	0	0	0	0	2590772	
1234	1	G	5	N	2500	0	40	31	35	1	0	0	0	0	0	0	0	0	0	0	0	0	0	0	2591021	
1235	1	G	5	N	2500	0	40	76	148	9	3	3	0	0	0	0	0	0	0	0	0	0	0	0	2591021	
1236	1	G	5	N	2500	0	40	38	69	4	1	1	0	0	0	0	0	0	0	0	0	0	0	0	2591021	
1237	1	G	5	N	2500	0	40	54	120	7	2	3	0	0	0	0	0	0	0	0	0	0	0	0	2591021	
1238	1	G	5	N	2500	0	40	28	42	2	0	0	0	0	0	0	0	0	0	0	0	0	0	0	2591021	
1239	1	G	5	N	2500	0	40	31	55	2	0	1	0	0	0	0	0	0	0	0	0	0	0	0	2591021	
1240	1	G	5	N	2500	0	40	29	71	3	1	1	0	0	0	0	0	0	0	0	0	0	0	0	2591021	
1241	1	G	5	N	2500	0	40	24	25	0	0	0	0	0	0	0	0	0	0	0	0	0	0	0	2591037	
1242	1	G	5	N	2500	0	40	23	40	2	0	1	0	0	0	0	0	0	0	0	0	0	0	0	2591084	
1243	1	G	5	N	2500	0	40	21	25	1	0	0	0	0	0	0	0	0	0	0	0	0	0	0	2591130	
1244	1	G	5	N	2500	0	40	40	49	2	0	1	0	0	0	0	0	0	0	0	0	0	0	0	2591130	
1245	1	G	5	N	2500	0	40	22	28	1	0	0	0	0	0	0	0	0	0	0	0	0	0	0	2591224	
1246	1	G	5	N	2500	0	40	20	25	1	0	0	0	0	0	0	0	0	0	0	0	0	0	0	2591536	
1247	1	G	5	N	2500	0	40	42	66	3	0	1	0	0	0	0	0	0	0	0	0	0	0	0	2591536	
1248	1	G	5	N	2500	0	40	20	29	2	0	1	0	0	0	0	0	0	0	0	0	0	0	0	2591630	
1249	1	G	5	N	2500	0	40	24	28	1	0	1	0	0	0	0	0	0	0	0	0	0	0	0	2591692	
1250	1	G	5	N	2500	0	40	27	28	1	0	0	0	0	0	0	0	0	0	0	0	0	0	0	2591770	
1251	1	G	5	N	2500	0	40	20	28	1	0	0	0	0	0	0	0	0	0	0	0	0	0	0	2591770	
1252	1	G	5	N	2500	0	40	45	87	5	1	2	0	0	0	0	0	0	0	0	0	0	0	0	2591770	
1253	1	G	5	N	2500	0	40	64	96	5	2	3	0	0	0	0	0	0	0	0	0	0	0	0	2591770	
1254	1	G	5	N	2500	0	40	24	29	1	0	0	0	0	0	0	0	0	0	0	0	0	0	0	2591770	
1255	1	G	5	N	2500	0	40	29	53	3	1	1	0	0	0	0	0	0	0	0	0	0	0	0	2591973	
1256	1	G	5	N	2500	0	40	22	29	1	0	0	0	0	0	0	0	0	0	0	0	0	0	0	2592098	
1257	1	G	5	N	2500	0	40	37	67	3	1	1	0	0	0	0	0	0	0	0	0	0	0	0	2592316	
1258	1	G	5	N	2500	0	40	131	422	31	9	10	0	0	0	0	0	0	0	0	0	0	0	0	2592316	
1259	1	G	5	N	2500	0	40	33	60	4	1	0	0	0	0	0	0	0	0	0	0	0	0	0	2592316	
1260	1	G	5	N	2500	0	40	138	546	50	14	18	0	0	0	0	0	0	0	0	0	0	0	0	2592316	
1261	1	G	5	N	2500	0	40	43	74	5	1	0	0	0	0	0	0	0	0	0	0	0	0	0	2592316	
1262	1	G	5	N	2500	0	40	23	27	1	0	0	0	0	0	0	0	0	0	0	0	0	0	0	2592316	
1263	1	G	5	N	2500	0	40	99	326	27	9	9	0	0	0	0	0	0	0	0	0	0	0	0	2592316	
1264	1	G	5	N	2500	0	40	28	46	2	0	1	0	0	0	0	0	0	0	0	0	0	0	0	2592316	
1265	1	G	5	N	2500	0	40	26	30	2	0	0	0	0	0	0	0	0	0	0	0	0	0	0	2592316	
1266	1	G	5	N	2500	0	40	34	55	2	1	1	0	0	0	0	0	0	0	0	0	0	0	0	2592519	
1267	1	G	5	N	2500	0	40	94	294	7	5	5	0	0	0	0	0	0	0	0	0	0	0	0	2592581	
1268	1	G	5	N	2500	0	40	25	28	1	0	1	0	0	0	0	0	0	0	0	0	0	0	0	2592659	
1269	1	G	5	N	2500	0	40	123	314	12	7	8	0	0	0	0	0	0	0	0	0	0	0	0	2592753	
1270	1	G	5	N	2500	0	40	24	47	3	1	1	0	0	0	0	0	0	0	0	0	0	0	0	2592784	
1271	1	G	5	N	2500	0	40	53	99	5	1	2	0	0	0	0	0	0	0	0	0	0	0	0	2592971	
1272	1	G	5	N	2500	0	40	22	31	2	1	2	0	0	0	0	0	0	0	0	0	0	0	0	2592971	
1273	1	G	5	N	2500	0	40	31	72	5	1	2	0	0	0	0	0	0	0	0	0	0	0	0	2593065	
1274	1	G	5	N	2500	0	40	33	38	2	0	0	0	0	0	0	0	0	0	0	0	0	0	0	2593096	
1275	1	G	5	N	2500	0	40	24	35	2	0	0	0	0	0	0	0	0	0	0	0	0	0	0	2593158	
1276	1	G	5	N	2500	0	40	36	59	4	1	1	0	0	0	0	0	0	0	0	0	0	0	0	2593283	
1277	1	G	5	N	2500	0	40	35	107	7	2	2	0	0	0	0	0	0	0	0	0	0	0	0	2593283	
1278	1	G	5	N	2500	0	40	22	25	1	0	0	0	0	0	0	0	0	0	0	0	0	0	0	2593283	
1279	1	G	5	N	2500	0	40	26	35	1	0	0	0	0	0	0	0	0	0	0	0	0	0	0	2593314	
1280	1	G	5	N	2500	0	40	31	59	2	1	0	0	0	0	0	0	0	0	0	0	0	0	0	2593392	
1281	1	G	5	N	2500	0	40	31	47	2	0	0	0	0	0	0	0	0	0	0	0	0	0	0	2593439	
1282	1	G	5	N	2500	0	40	24	30	1	0	1	0	0	0	0	0	0	0	0	0	0	0	0	2593486	
1283	1	G	5	N	2500	0	40	82	276	22	8	8	0	0	0	0	0	0	0	0	0	0	0	0	2593486	
1284	1	G	5	N	2500	0	40	28	30	1	0	0	0	0	0	0	0	0	0	0	0	0	0	0	2593486	
1285	1	G	5	N	2500	0	40	36	72	3	4	4	0	0	0	0	0	0	0	0	0	0	0	0	2593970	
1286	1	G	5	N	2500	0	40	20	29	1	1	0	0	0	0	0	0	0	0	0	0	0	0	0	2594110	
1287	1	G	5	N	2500	0	40	61	257	21	21	24	0	0	0	0	0	0	0	0	0	0	0	0	2594172	
1288	1	G	5	N	2500	0	40	25	47	3	0	0	0	0	0	0	0	0	0	0	0	0	0	0	2594219	
1289	1	G	5	N	2500	0	40	39	60	3	1	0	0	0	0	0	0	0	0	0	0	0	0	0	2594219	
1290	1	G	5	N	2500	0	40	35	51	2	0	1	0	0	0	0	0	0	0	0	0	0	0	0	2594235	
1291	1	G	5	N	2500	0	40	22	28	1	0	0	0	0	0	0	0	0	0	0	0	0	0	0	2594282	
1292	1	G	5	N	2500	0	40	24	31	1	0	1	0	0	0	0	0	0	0	0	0	0	0	0	2594328	
1293	1	G	5	N	2500	0	40	152	279	8	4	5	0	0	0	0	0	0	0	0	0	0	0	0	2595186	
1294	1	G	5	N	2500	0	40	52	155	14	4	5	0	0	0	0	0	0	0	0	0	0	0	0	2595545	
1295	1	G	5	N	2500	0	40	29	63	4	1	1	0	0	0	0	0	0	0	0	0	0	0	0	2595545	
1296	1	G	5	N	2500	0	40	22	20	1	0	0	0	0	0	0	0	0	0	0	0	0	0	0	2595608	
1297	1	H	5	N	2500	0	40	30	41	1	0	0	0	0	0	0	0	0	0	0	0	0	0	0	2604063	
1298	1	H	5	N	2500	0	40	67	228	17	5	4	0	0	0	0	0	0	0	0	0	0	0	0	2604609	
1299	1	H	5	N	2500	0	40	38	77	9	1	1	0	0	0	0	0	0	0	0	0	0	0	0	2605077	
1300	1	H	5	N	2500	0	40	33	37	5	0	0	0	0	0	0	0	0	0	0	0	0	0	0	2606668	
1301	1	H	5	N	2500	0	40	38	67	5	1	1	0	0	0	0	0	0	0	0	0	0	0	0	2609055	
1302	1	H	5	N	2500	0	40	25	27	0	0	0	0	0	0	0	0	0	0	0	0	0	0	0	2610038	
1303	1	A	6	N	2500	0	40	254	715	34	19	15	0	0	0	0	0	0	0	0	0	0	0	0	2618586	
1304	1	A	6	N	2500	0	40	175	1033	58	27	20	0	0	0	0	0	0	0	0	0	0	0	0	2619117	
1305	1	A	6	N	2500	0	40	272	1166	69	34	24	0	0	0	0	0	0	0	0	0	0	0	0	2620521	
1306	1	A	6	N	2500	0	40	451	1332	66	31	23	0	0	0	0	0	0	0	0	0	0	0	0	2620552	
1307	1	A	6	N	2500	0	40	20	22	2	2	1	0	0	0	0	0	0	0	0	0	0	0	0	2620739	
1308	1	A	6	N	2500	0	40	341	1186	64	30	25	0	0	0	0	0	0	0	0	0	0	0	0	2621161	
1309	1	A	6	N	2500	0	40	323	1216	70	30	22	0	0	0	0	0	0	0	0	0	0	0	0	2622393	
1310	1	A	6	N	2500	0	40	166	763	32	19	15	0	0	0	0	0	0	0	0	0	0	0	0	2622736	
1311	1	A	6	N	2500	0	40	404	1250	70	29	26	0	0	0	0	0	0	0	0	0	0	0	0	2623142	
1312	1	A	6	N	2500	0	40	296	814	40	22	19	0	0	0	0	0	0	0	0	0	0	0	0	2623204	
1313	1	A	6	N	2500	0	40	237	1398	94	43	33	0	0	0	0	0	0	0	0	0	0	0	0	2623797	
1314	1	A	6	N	2500	0	40	168	869	49	26	16	0	0	0	0	0	0	0	0	0	0	0	0	2623797	
1315	1	A	6	N	2500	0	40	506	1521	80	35	30	0	0	0	0	0	0	0	0	0	0	0	0	2623813	
1316	1	A	6	N	2500	0	40	279	1233	82	35	25	0	0	0	0	0	0	0	0	0	0	0	0	2623828	
1317	1	A	6	N	2500	0	40	375	1159	60	29	22	0	0	0	0	0	0	0	0	0	0	0	0	2624156	
1318	1	A	6	N	2500	0	40	204	466	18	10	9	0	0	0	0	0	0	0	0	0	0	0	0	2624452	
1319	1	A	6	N	2500	0	40	348	967	47	22	17	0	0	0	0	0	0	0	0	0	0	0	0	2624717	
1320	1	A	6	N	2500	0	40	201	682	43	23	16	0	0	0	0	0	0	0	0	0	0	0	0	2624795	
1321	1	A	6	N	2500	0	40	367	1108	66	29	24	0	0	0	0	0	0	0	0	0	0	0	0	2625107	
1322	1	A	6	N	2500	0	40	444	1573	79	38	30	0	0	0	0	0	0	0	0	0	0	0	0	2625482	
