Id	Plate	Row	Column	Clog	Scan rate	Status sort	Status sel	TOF	EXT	Green	Yellow	Red	PH Ext	PW Ext	PC Ext	PH Green	PW Green	PCGreen	PH Yellow	PW Yellow	PCYellow	PH Red	PW Red	PCRed	Time Stamp	
0	1	C	11	N	2500	0	40	338	807	33	16	14	0	0	0	0	0	0	0	0	0	0	0	0	19239846	
1	1	C	11	N	2500	0	40	404	1001	47	26	25	0	0	0	0	0	0	0	0	0	0	0	0	19239924	
2	1	C	11	N	2500	0	40	383	994	52	22	19	0	0	0	0	0	0	0	0	0	0	0	0	19240813	
3	1	C	11	N	2500	0	40	42	41	4	0	0	0	0	0	0	0	0	0	0	0	0	0	0	19240906	
4	1	C	11	N	2500	0	40	470	1172	60	26	26	0	0	0	0	0	0	0	0	0	0	0	0	19241234	
5	1	C	11	N	2500	0	40	160	148	3	3	4	0	0	0	0	0	0	0	0	0	0	0	0	19241234	
6	1	C	11	N	2500	0	40	267	1140	73	28	20	0	0	0	0	0	0	0	0	0	0	0	0	19241828	
7	1	C	11	N	2500	0	40	187	631	26	13	12	0	0	0	0	0	0	0	0	0	0	0	0	19241953	
8	1	C	11	N	2500	0	40	30	41	9	3	3	0	0	0	0	0	0	0	0	0	0	0	0	19242187	
9	1	C	11	N	2500	0	40	32	34	1	1	2	0	0	0	0	0	0	0	0	0	0	0	0	19242233	
10	1	C	11	N	2500	0	40	495	1133	44	21	20	0	0	0	0	0	0	0	0	0	0	0	0	19242249	
11	1	C	11	N	2500	0	40	395	838	45	19	20	0	0	0	0	0	0	0	0	0	0	0	0	19242296	
12	1	C	11	N	2500	0	40	424	1043	59	22	19	0	0	0	0	0	0	0	0	0	0	0	0	19242421	
13	1	C	11	N	2500	0	40	376	986	58	23	15	0	0	0	0	0	0	0	0	0	0	0	0	19242421	
14	1	C	11	N	2500	0	40	21	34	5	5	7	0	0	0	0	0	0	0	0	0	0	0	0	19242561	
15	1	C	11	N	2500	0	40	461	1346	72	32	25	0	0	0	0	0	0	0	0	0	0	0	0	19242608	
16	1	C	11	N	2500	0	40	354	800	38	15	11	0	0	0	0	0	0	0	0	0	0	0	0	19242826	
17	1	C	11	N	2500	0	40	586	1362	79	35	29	0	0	0	0	0	0	0	0	0	0	0	0	19242951	
18	1	C	11	N	2500	0	40	216	775	35	17	12	0	0	0	0	0	0	0	0	0	0	0	0	19243045	
19	1	C	11	N	2500	0	40	55	107	12	4	1	0	0	0	0	0	0	0	0	0	0	0	0	19243232	
20	1	C	11	N	2500	0	40	89	221	23	6	3	0	0	0	0	0	0	0	0	0	0	0	0	19243232	
21	1	C	11	N	2500	0	40	602	1275	104	29	23	0	0	0	0	0	0	0	0	0	0	0	0	19243263	
22	1	C	11	N	2500	0	40	307	586	17	9	8	0	0	0	0	0	0	0	0	0	0	0	0	19243263	
23	1	C	11	N	2500	0	40	296	528	18	10	10	0	0	0	0	0	0	0	0	0	0	0	0	19243466	
24	1	C	11	N	2500	0	40	360	895	38	16	15	0	0	0	0	0	0	0	0	0	0	0	0	19243622	
25	1	C	11	N	2500	0	40	348	786	38	14	12	0	0	0	0	0	0	0	0	0	0	0	0	19243825	
26	1	C	11	N	2500	0	40	331	749	37	14	13	0	0	0	0	0	0	0	0	0	0	0	0	19243887	
27	1	C	11	N	2500	0	40	41	53	3	3	6	0	0	0	0	0	0	0	0	0	0	0	0	19244012	
28	1	C	11	N	2500	0	40	374	840	41	16	13	0	0	0	0	0	0	0	0	0	0	0	0	19244246	
29	1	C	11	N	2500	0	40	52	112	8	7	11	0	0	0	0	0	0	0	0	0	0	0	0	19244308	
30	1	C	11	N	2500	0	40	29	60	4	3	3	0	0	0	0	0	0	0	0	0	0	0	0	19244308	
31	1	C	11	N	2500	0	40	343	840	48	16	14	0	0	0	0	0	0	0	0	0	0	0	0	19244355	
32	1	C	11	N	2500	0	40	401	863	36	14	13	0	0	0	0	0	0	0	0	0	0	0	0	19244402	
33	1	C	11	N	2500	0	40	22	31	1	2	2	0	0	0	0	0	0	0	0	0	0	0	0	19244559	
34	1	C	11	N	2500	0	40	648	1539	132	37	29	0	0	0	0	0	0	0	0	0	0	0	0	19244559	
35	1	C	11	N	2500	0	40	188	835	42	20	17	0	0	0	0	0	0	0	0	0	0	0	0	19244793	
36	1	C	11	N	2500	0	40	379	851	43	17	14	0	0	0	0	0	0	0	0	0	0	0	0	19244840	
37	1	C	11	N	2500	0	40	23	38	1	0	0	0	0	0	0	0	0	0	0	0	0	0	0	19244871	
38	1	C	11	N	2500	0	40	32	54	3	3	4	0	0	0	0	0	0	0	0	0	0	0	0	19244918	
39	1	C	11	N	2500	0	40	41	112	10	9	9	0	0	0	0	0	0	0	0	0	0	0	0	19245011	
40	1	C	11	N	2500	0	40	125	167	7	2	1	0	0	0	0	0	0	0	0	0	0	0	0	19245292	
41	1	C	11	N	2500	0	40	165	493	25	17	14	0	0	0	0	0	0	0	0	0	0	0	0	19245292	
42	1	C	11	N	2500	0	40	588	1541	54	28	27	0	0	0	0	0	0	0	0	0	0	0	0	19245479	
43	1	C	11	N	2500	0	40	280	504	21	8	4	0	0	0	0	0	0	0	0	0	0	0	0	19245620	
44	1	C	11	N	2500	0	40	439	997	60	26	23	0	0	0	0	0	0	0	0	0	0	0	0	19245635	
45	1	C	11	N	2500	0	40	383	780	32	13	12	0	0	0	0	0	0	0	0	0	0	0	0	19245713	
46	1	C	11	N	2500	0	40	173	567	20	10	9	0	0	0	0	0	0	0	0	0	0	0	0	19245729	
47	1	C	11	N	2500	0	40	340	771	35	14	13	0	0	0	0	0	0	0	0	0	0	0	0	19245760	
48	1	C	11	N	2500	0	40	32	56	1	1	1	0	0	0	0	0	0	0	0	0	0	0	0	19245807	
49	1	C	11	N	2500	0	40	381	932	44	19	16	0	0	0	0	0	0	0	0	0	0	0	0	19245869	
50	1	C	11	N	2500	0	40	42	91	4	5	4	0	0	0	0	0	0	0	0	0	0	0	0	19245900	
51	1	C	11	N	2500	0	40	40	67	3	5	3	0	0	0	0	0	0	0	0	0	0	0	0	19245963	
52	1	C	11	N	2500	0	40	345	727	29	14	13	0	0	0	0	0	0	0	0	0	0	0	0	19246166	
53	1	C	11	N	2500	0	40	27	38	2	3	2	0	0	0	0	0	0	0	0	0	0	0	0	19246166	
54	1	C	11	N	2500	0	40	387	899	44	18	15	0	0	0	0	0	0	0	0	0	0	0	0	19246212	
55	1	C	11	N	2500	0	40	37	65	3	3	4	0	0	0	0	0	0	0	0	0	0	0	0	19246415	
56	1	C	11	N	2500	0	40	54	139	9	9	11	0	0	0	0	0	0	0	0	0	0	0	0	19246509	
57	1	C	11	N	2500	0	40	91	114	5	4	6	0	0	0	0	0	0	0	0	0	0	0	0	19246649	
58	1	C	11	N	2500	0	40	22	24	1	1	2	0	0	0	0	0	0	0	0	0	0	0	0	19246649	
59	1	C	11	N	2500	0	40	32	95	12	0	1	0	0	0	0	0	0	0	0	0	0	0	0	19246680	
60	1	C	11	N	2500	0	40	269	537	21	9	7	0	0	0	0	0	0	0	0	0	0	0	0	19246696	
61	1	C	11	N	2500	0	40	37	87	5	4	4	0	0	0	0	0	0	0	0	0	0	0	0	19246821	
62	1	C	11	N	2500	0	40	320	637	21	10	10	0	0	0	0	0	0	0	0	0	0	0	0	19246883	
63	1	C	11	N	2500	0	40	336	813	33	15	14	0	0	0	0	0	0	0	0	0	0	0	0	19247039	
64	1	D	11	N	2500	0	40	61	225	28	2	2	0	0	0	0	0	0	0	0	0	0	0	0	19254748	
65	1	D	11	N	2500	0	40	27	49	6	7	5	0	0	0	0	0	0	0	0	0	0	0	0	19254763	
66	1	D	11	N	2500	0	40	359	896	39	17	15	0	0	0	0	0	0	0	0	0	0	0	0	19254919	
67	1	D	11	N	2500	0	40	22	21	1	1	0	0	0	0	0	0	0	0	0	0	0	0	0	19255294	
68	1	D	11	N	2500	0	40	28	53	2	1	0	0	0	0	0	0	0	0	0	0	0	0	0	19255933	
69	1	D	11	N	2500	0	40	391	1027	54	21	17	0	0	0	0	0	0	0	0	0	0	0	0	19256011	
70	1	D	11	N	2500	0	40	402	1048	56	21	16	0	0	0	0	0	0	0	0	0	0	0	0	19256058	
71	1	D	11	N	2500	0	40	336	778	39	15	11	0	0	0	0	0	0	0	0	0	0	0	0	19256667	
72	1	D	11	N	2500	0	40	356	842	36	16	11	0	0	0	0	0	0	0	0	0	0	0	0	19256714	
73	1	D	11	N	2500	0	40	343	788	32	16	13	0	0	0	0	0	0	0	0	0	0	0	0	19256901	
74	1	D	11	N	2500	0	40	31	42	3	1	0	0	0	0	0	0	0	0	0	0	0	0	0	19256995	
75	1	D	11	N	2500	0	40	268	480	13	9	6	0	0	0	0	0	0	0	0	0	0	0	0	19257104	
76	1	D	11	N	2500	0	40	413	963	57	24	25	0	0	0	0	0	0	0	0	0	0	0	0	19257213	
77	1	D	11	N	2500	0	40	25	46	1	0	0	0	0	0	0	0	0	0	0	0	0	0	0	19257385	
78	1	D	11	N	2500	0	40	389	794	33	19	18	0	0	0	0	0	0	0	0	0	0	0	0	19257479	
79	1	D	11	N	2500	0	40	333	757	34	13	13	0	0	0	0	0	0	0	0	0	0	0	0	19257541	
80	1	D	11	N	2500	0	40	420	1120	56	25	20	0	0	0	0	0	0	0	0	0	0	0	0	19257588	
81	1	D	11	N	2500	0	40	347	837	36	18	14	0	0	0	0	0	0	0	0	0	0	0	0	19257791	
82	1	D	11	N	2500	0	40	21	18	0	0	0	0	0	0	0	0	0	0	0	0	0	0	0	19258118	
83	1	D	11	N	2500	0	40	72	225	28	6	4	0	0	0	0	0	0	0	0	0	0	0	0	19258118	
84	1	D	11	N	2500	0	40	381	907	42	19	15	0	0	0	0	0	0	0	0	0	0	0	0	19258118	
85	1	D	11	N	2500	0	40	372	942	51	19	15	0	0	0	0	0	0	0	0	0	0	0	0	19258134	
86	1	D	11	N	2500	0	40	221	948	54	29	25	0	0	0	0	0	0	0	0	0	0	0	0	19258212	
87	1	D	11	N	2500	0	40	445	1308	69	31	24	0	0	0	0	0	0	0	0	0	0	0	0	19258227	
88	1	D	11	N	2500	0	40	321	626	22	11	9	0	0	0	0	0	0	0	0	0	0	0	0	19258227	
89	1	D	11	N	2500	0	40	122	333	40	8	5	0	0	0	0	0	0	0	0	0	0	0	0	19258243	
90	1	D	11	N	2500	0	40	373	1098	58	32	30	0	0	0	0	0	0	0	0	0	0	0	0	19258243	
91	1	D	11	N	2500	0	40	268	861	46	22	17	0	0	0	0	0	0	0	0	0	0	0	0	19258508	
92	1	D	11	N	2500	0	40	559	1218	62	27	20	0	0	0	0	0	0	0	0	0	0	0	0	19258539	
93	1	D	11	N	2500	0	40	371	872	39	18	13	0	0	0	0	0	0	0	0	0	0	0	0	19258836	
94	1	D	11	N	2500	0	40	23	21	0	0	0	0	0	0	0	0	0	0	0	0	0	0	0	19258914	
95	1	D	11	N	2500	0	40	338	830	36	18	13	0	0	0	0	0	0	0	0	0	0	0	0	19258976	
96	1	D	11	N	2500	0	40	230	805	51	25	22	0	0	0	0	0	0	0	0	0	0	0	0	19259226	
97	1	D	11	N	2500	0	40	23	42	9	11	10	0	0	0	0	0	0	0	0	0	0	0	0	19259226	
98	1	D	11	N	2500	0	40	25	47	9	12	10	0	0	0	0	0	0	0	0	0	0	0	0	19259226	
99	1	D	11	N	2500	0	40	29	47	9	10	10	0	0	0	0	0	0	0	0	0	0	0	0	19259226	
100	1	D	11	N	2500	0	40	370	793	45	15	15	0	0	0	0	0	0	0	0	0	0	0	0	19259241	
101	1	D	11	N	2500	0	40	364	953	48	21	19	0	0	0	0	0	0	0	0	0	0	0	0	19259319	
102	1	D	11	N	2500	0	40	380	936	48	28	21	0	0	0	0	0	0	0	0	0	0	0	0	19259429	
103	1	D	11	N	2500	0	40	276	853	52	25	19	0	0	0	0	0	0	0	0	0	0	0	0	19259570	
104	1	D	11	N	2500	0	40	368	929	51	19	18	0	0	0	0	0	0	0	0	0	0	0	0	19259664	
105	1	D	11	N	2500	0	40	227	1030	69	30	22	0	0	0	0	0	0	0	0	0	0	0	0	19259679	
106	1	D	11	N	2500	0	40	431	1158	70	26	21	0	0	0	0	0	0	0	0	0	0	0	0	19259757	
107	1	D	11	N	2500	0	40	365	867	44	18	16	0	0	0	0	0	0	0	0	0	0	0	0	19259773	
108	1	D	11	N	2500	0	40	432	966	48	24	26	0	0	0	0	0	0	0	0	0	0	0	0	19259835	
109	1	D	11	N	2500	0	40	333	653	24	10	11	0	0	0	0	0	0	0	0	0	0	0	0	19260007	
110	1	D	11	N	2500	0	40	351	823	37	15	14	0	0	0	0	0	0	0	0	0	0	0	0	19260054	
111	1	D	11	N	2500	0	40	390	1029	50	22	20	0	0	0	0	0	0	0	0	0	0	0	0	19260069	
112	1	D	11	N	2500	0	40	31	53	1	0	0	0	0	0	0	0	0	0	0	0	0	0	0	19260085	
113	1	D	11	N	2500	0	40	26	39	6	8	7	0	0	0	0	0	0	0	0	0	0	0	0	19260085	
114	1	D	11	N	2500	0	40	26	47	8	10	8	0	0	0	0	0	0	0	0	0	0	0	0	19260085	
115	1	D	11	N	2500	0	40	404	835	42	21	20	0	0	0	0	0	0	0	0	0	0	0	0	19260163	
116	1	D	11	N	2500	0	40	283	591	28	11	8	0	0	0	0	0	0	0	0	0	0	0	0	19260163	
117	1	D	11	N	2500	0	40	456	1162	73	26	24	0	0	0	0	0	0	0	0	0	0	0	0	19260256	
118	1	D	11	N	2500	0	40	374	776	36	19	17	0	0	0	0	0	0	0	0	0	0	0	0	19260272	
119	1	D	11	N	2500	0	40	334	750	29	13	9	0	0	0	0	0	0	0	0	0	0	0	0	19260381	
120	1	D	11	N	2500	0	40	313	626	19	11	9	0	0	0	0	0	0	0	0	0	0	0	0	19260444	
121	1	D	11	N	2500	0	40	357	878	42	20	12	0	0	0	0	0	0	0	0	0	0	0	0	19260506	
122	1	D	11	N	2500	0	40	202	454	17	10	6	0	0	0	0	0	0	0	0	0	0	0	0	19260553	
123	1	D	11	N	2500	0	40	40	60	2	1	2	0	0	0	0	0	0	0	0	0	0	0	0	19260662	
124	1	D	11	N	2500	0	40	351	881	39	17	16	0	0	0	0	0	0	0	0	0	0	0	0	19260693	
125	1	D	11	N	2500	0	40	316	548	16	8	9	0	0	0	0	0	0	0	0	0	0	0	0	19260724	
126	1	D	11	N	2500	0	40	356	805	37	16	13	0	0	0	0	0	0	0	0	0	0	0	0	19260756	
127	1	D	11	N	2500	0	40	403	1119	64	26	16	0	0	0	0	0	0	0	0	0	0	0	0	19260802	
128	1	D	11	N	2500	0	40	68	77	7	3	1	0	0	0	0	0	0	0	0	0	0	0	0	19261598	
129	1	D	11	N	2500	0	40	416	1282	96	33	22	0	0	0	0	0	0	0	0	0	0	0	0	19261692	
130	1	D	11	N	2500	0	40	31	31	2	2	3	0	0	0	0	0	0	0	0	0	0	0	0	19261941	
131	1	D	11	N	2500	0	40	371	1135	87	31	24	0	0	0	0	0	0	0	0	0	0	0	0	19261941	
132	1	E	11	N	2500	0	40	390	1080	53	22	17	0	0	0	0	0	0	0	0	0	0	0	0	19269760	
133	1	E	11	N	2500	0	40	48	79	9	0	0	0	0	0	0	0	0	0	0	0	0	0	0	19270056	
134	1	E	11	N	2500	0	40	32	31	3	1	0	0	0	0	0	0	0	0	0	0	0	0	0	19270134	
135	1	E	11	N	2500	0	40	20	24	1	0	0	0	0	0	0	0	0	0	0	0	0	0	0	19270197	
136	1	E	11	N	2500	0	40	40	47	4	1	0	0	0	0	0	0	0	0	0	0	0	0	0	19270197	
137	1	E	11	N	2500	0	40	62	239	25	3	2	0	0	0	0	0	0	0	0	0	0	0	0	19270197	
138	1	E	11	N	2500	0	40	21	21	1	0	0	0	0	0	0	0	0	0	0	0	0	0	0	19270243	
139	1	E	11	N	2500	0	40	212	936	60	24	18	0	0	0	0	0	0	0	0	0	0	0	0	19270243	
140	1	E	11	N	2500	0	40	404	970	45	24	20	0	0	0	0	0	0	0	0	0	0	0	0	19270509	
141	1	E	11	N	2500	0	40	56	114	9	2	1	0	0	0	0	0	0	0	0	0	0	0	0	19270945	
142	1	E	11	N	2500	0	40	339	747	33	14	12	0	0	0	0	0	0	0	0	0	0	0	0	19271164	
143	1	E	11	N	2500	0	40	73	117	11	2	2	0	0	0	0	0	0	0	0	0	0	0	0	19271492	
144	1	E	11	N	2500	0	40	391	987	52	18	16	0	0	0	0	0	0	0	0	0	0	0	0	19271680	
145	1	E	11	N	2500	0	40	115	354	52	15	8	0	0	0	0	0	0	0	0	0	0	0	0	19271695	
146	1	E	11	N	2500	0	40	334	748	37	16	13	0	0	0	0	0	0	0	0	0	0	0	0	19271882	
147	1	E	11	N	2500	0	40	321	677	26	12	11	0	0	0	0	0	0	0	0	0	0	0	0	19271882	
148	1	E	11	N	2500	0	40	27	31	3	0	0	0	0	0	0	0	0	0	0	0	0	0	0	19271960	
149	1	E	11	N	2500	0	40	319	648	24	11	10	0	0	0	0	0	0	0	0	0	0	0	0	19271992	
150	1	E	11	N	2500	0	40	363	882	44	17	14	0	0	0	0	0	0	0	0	0	0	0	0	19272023	
151	1	E	11	N	2500	0	40	334	718	30	14	11	0	0	0	0	0	0	0	0	0	0	0	0	19272382	
152	1	E	11	N	2500	0	40	444	1104	62	23	21	0	0	0	0	0	0	0	0	0	0	0	0	19272460	
153	1	E	11	N	2500	0	40	317	647	21	12	8	0	0	0	0	0	0	0	0	0	0	0	0	19272506	
154	1	E	11	N	2500	0	40	82	128	13	3	2	0	0	0	0	0	0	0	0	0	0	0	0	19272522	
155	1	E	11	N	2500	0	40	333	963	69	35	26	0	0	0	0	0	0	0	0	0	0	0	0	19272569	
156	1	E	11	N	2500	0	40	27	22	1	1	1	0	0	0	0	0	0	0	0	0	0	0	0	19272569	
157	1	E	11	N	2500	0	40	57	56	2	1	1	0	0	0	0	0	0	0	0	0	0	0	0	19272569	
158	1	E	11	N	2500	0	40	93	162	15	6	3	0	0	0	0	0	0	0	0	0	0	0	0	19272631	
159	1	E	11	N	2500	0	40	413	998	52	22	14	0	0	0	0	0	0	0	0	0	0	0	0	19272662	
160	1	E	11	N	2500	0	40	346	715	30	14	10	0	0	0	0	0	0	0	0	0	0	0	0	19272709	
161	1	E	11	N	2500	0	40	349	809	38	16	14	0	0	0	0	0	0	0	0	0	0	0	0	19272818	
162	1	E	11	N	2500	0	40	377	917	46	18	17	0	0	0	0	0	0	0	0	0	0	0	0	19272818	
163	1	E	11	N	2500	0	40	43	50	4	0	0	0	0	0	0	0	0	0	0	0	0	0	0	19272912	
164	1	E	11	N	2500	0	40	299	614	28	11	9	0	0	0	0	0	0	0	0	0	0	0	0	19273021	
165	1	E	11	N	2500	0	40	39	37	2	1	0	0	0	0	0	0	0	0	0	0	0	0	0	19273115	
166	1	E	11	N	2500	0	40	606	1617	68	33	24	0	0	0	0	0	0	0	0	0	0	0	0	19273224	
167	1	E	11	N	2500	0	40	47	59	6	1	1	0	0	0	0	0	0	0	0	0	0	0	0	19273411	
168	1	E	11	N	2500	0	40	406	1018	54	20	18	0	0	0	0	0	0	0	0	0	0	0	0	19273567	
169	1	E	11	N	2500	0	40	27	46	3	3	3	0	0	0	0	0	0	0	0	0	0	0	0	19273645	
170	1	E	11	N	2500	0	40	25	31	1	0	0	0	0	0	0	0	0	0	0	0	0	0	0	19273676	
171	1	E	11	N	2500	0	40	337	662	20	10	8	0	0	0	0	0	0	0	0	0	0	0	0	19273708	
172	1	E	11	N	2500	0	40	33	35	3	0	0	0	0	0	0	0	0	0	0	0	0	0	0	19273739	
173	1	E	11	N	2500	0	40	24	42	9	12	10	0	0	0	0	0	0	0	0	0	0	0	0	19273770	
174	1	E	11	N	2500	0	40	321	620	19	11	12	0	0	0	0	0	0	0	0	0	0	0	0	19273848	
175	1	E	11	N	2500	0	40	375	941	42	20	18	0	0	0	0	0	0	0	0	0	0	0	0	19274004	
176	1	E	11	N	2500	0	40	356	826	35	21	18	0	0	0	0	0	0	0	0	0	0	0	0	19274098	
177	1	E	11	N	2500	0	40	354	863	42	16	13	0	0	0	0	0	0	0	0	0	0	0	0	19274144	
178	1	E	11	N	2500	0	40	385	932	39	18	15	0	0	0	0	0	0	0	0	0	0	0	0	19274176	
179	1	E	11	N	2500	0	40	422	1369	68	34	21	0	0	0	0	0	0	0	0	0	0	0	0	19274191	
180	1	E	11	N	2500	0	40	27	53	3	4	4	0	0	0	0	0	0	0	0	0	0	0	0	19274191	
181	1	E	11	N	2500	0	40	566	1153	91	32	23	0	0	0	0	0	0	0	0	0	0	0	0	19274238	
182	1	E	11	N	2500	0	40	287	862	39	20	14	0	0	0	0	0	0	0	0	0	0	0	0	19274238	
183	1	E	11	N	2500	0	40	348	757	32	14	14	0	0	0	0	0	0	0	0	0	0	0	0	19274425	
184	1	E	11	N	2500	0	40	393	933	47	20	13	0	0	0	0	0	0	0	0	0	0	0	0	19274472	
185	1	E	11	N	2500	0	40	41	33	1	0	0	0	0	0	0	0	0	0	0	0	0	0	0	19274503	
186	1	E	11	N	2500	0	40	73	60	1	1	1	0	0	0	0	0	0	0	0	0	0	0	0	19274503	
187	1	E	11	N	2500	0	40	30	23	0	0	0	0	0	0	0	0	0	0	0	0	0	0	0	19274503	
188	1	E	11	N	2500	0	40	515	1560	76	36	30	0	0	0	0	0	0	0	0	0	0	0	0	19274503	
189	1	E	11	N	2500	0	40	387	1023	56	22	19	0	0	0	0	0	0	0	0	0	0	0	0	19274550	
190	1	E	11	N	2500	0	40	85	154	16	3	4	0	0	0	0	0	0	0	0	0	0	0	0	19274581	
191	1	E	11	N	2500	0	40	71	143	16	5	3	0	0	0	0	0	0	0	0	0	0	0	0	19274597	
192	1	E	11	N	2500	0	40	32	37	3	0	0	0	0	0	0	0	0	0	0	0	0	0	0	19274597	
193	1	E	11	N	2500	0	40	662	1856	105	37	30	0	0	0	0	0	0	0	0	0	0	0	0	19274612	
194	1	E	11	N	2500	0	40	395	1180	71	32	28	0	0	0	0	0	0	0	0	0	0	0	0	19274909	
195	1	E	11	N	2500	0	40	585	1253	68	25	19	0	0	0	0	0	0	0	0	0	0	0	0	19275002	
196	1	E	11	N	2500	0	40	282	519	17	9	8	0	0	0	0	0	0	0	0	0	0	0	0	19275112	
197	1	E	11	N	2500	0	40	378	943	44	19	16	0	0	0	0	0	0	0	0	0	0	0	0	19275221	
198	1	E	11	N	2500	0	40	376	974	45	19	17	0	0	0	0	0	0	0	0	0	0	0	0	19275283	
199	1	E	11	N	2500	0	40	376	970	48	19	17	0	0	0	0	0	0	0	0	0	0	0	0	19275330	
200	1	E	11	N	2500	0	40	291	940	51	27	26	0	0	0	0	0	0	0	0	0	0	0	0	19275424	
201	1	E	11	N	2500	0	40	361	843	36	18	15	0	0	0	0	0	0	0	0	0	0	0	0	19275502	
202	1	E	11	N	2500	0	40	371	919	50	22	16	0	0	0	0	0	0	0	0	0	0	0	0	19275798	
203	1	E	11	N	2500	0	40	655	1390	119	30	28	0	0	0	0	0	0	0	0	0	0	0	0	19275798	
204	1	E	11	N	2500	0	40	394	962	52	19	21	0	0	0	0	0	0	0	0	0	0	0	0	19275938	
205	1	E	11	N	2500	0	40	411	940	52	20	17	0	0	0	0	0	0	0	0	0	0	0	0	19275938	
206	1	E	11	N	2500	0	40	368	903	50	19	15	0	0	0	0	0	0	0	0	0	0	0	0	19276266	
207	1	E	11	N	2500	0	40	88	157	15	3	2	0	0	0	0	0	0	0	0	0	0	0	0	19276375	
208	1	F	11	N	2500	0	40	357	839	42	17	13	0	0	0	0	0	0	0	0	0	0	0	0	19284208	
209	1	F	11	N	2500	0	40	85	447	58	3	2	0	0	0	0	0	0	0	0	0	0	0	0	19284380	
210	1	F	11	N	2500	0	40	125	661	113	11	7	0	0	0	0	0	0	0	0	0	0	0	0	19284458	
211	1	F	11	N	2500	0	40	39	55	4	1	0	0	0	0	0	0	0	0	0	0	0	0	0	19284630	
212	1	F	11	N	2500	0	40	299	507	19	10	9	0	0	0	0	0	0	0	0	0	0	0	0	19284801	
213	1	F	11	N	2500	0	40	438	1135	49	29	23	0	0	0	0	0	0	0	0	0	0	0	0	19284848	
214	1	F	11	N	2500	0	40	21	19	1	0	0	0	0	0	0	0	0	0	0	0	0	0	0	19284848	
215	1	F	11	N	2500	0	40	372	928	44	18	15	0	0	0	0	0	0	0	0	0	0	0	0	19284942	
216	1	F	11	N	2500	0	40	352	819	39	15	12	0	0	0	0	0	0	0	0	0	0	0	0	19285035	
217	1	F	11	N	2500	0	40	602	1507	72	34	28	0	0	0	0	0	0	0	0	0	0	0	0	19285300	
218	1	F	11	N	2500	0	40	27	53	1	1	0	0	0	0	0	0	0	0	0	0	0	0	0	19285378	
219	1	F	11	N	2500	0	40	95	311	37	6	5	0	0	0	0	0	0	0	0	0	0	0	0	19285581	
220	1	F	11	N	2500	0	40	60	67	6	1	1	0	0	0	0	0	0	0	0	0	0	0	0	19285846	
221	1	F	11	N	2500	0	40	345	830	43	18	14	0	0	0	0	0	0	0	0	0	0	0	0	19285924	
222	1	F	11	N	2500	0	40	349	751	31	16	11	0	0	0	0	0	0	0	0	0	0	0	0	19286112	
223	1	F	11	N	2500	0	40	426	882	28	14	11	0	0	0	0	0	0	0	0	0	0	0	0	19286377	
224	1	F	11	N	2500	0	40	335	761	35	15	11	0	0	0	0	0	0	0	0	0	0	0	0	19286565	
225	1	F	11	N	2500	0	40	68	107	14	2	2	0	0	0	0	0	0	0	0	0	0	0	0	19286596	
226	1	F	11	N	2500	0	40	65	96	11	1	1	0	0	0	0	0	0	0	0	0	0	0	0	19286596	
227	1	F	11	N	2500	0	40	468	1049	69	22	17	0	0	0	0	0	0	0	0	0	0	0	0	19286612	
228	1	F	11	N	2500	0	40	22	22	1	0	0	0	0	0	0	0	0	0	0	0	0	0	0	19286674	
229	1	F	11	N	2500	0	40	102	175	15	5	3	0	0	0	0	0	0	0	0	0	0	0	0	19286939	
230	1	F	11	N	2500	0	40	114	151	15	6	5	0	0	0	0	0	0	0	0	0	0	0	0	19286955	
231	1	F	11	N	2500	0	40	211	849	46	19	16	0	0	0	0	0	0	0	0	0	0	0	0	19286955	
232	1	F	11	N	2500	0	40	317	642	22	11	11	0	0	0	0	0	0	0	0	0	0	0	0	19286971	
233	1	F	11	N	2500	0	40	315	589	20	10	9	0	0	0	0	0	0	0	0	0	0	0	0	19287376	
234	1	F	11	N	2500	0	40	40	40	3	1	1	0	0	0	0	0	0	0	0	0	0	0	0	19287392	
235	1	F	11	N	2500	0	40	335	753	32	14	9	0	0	0	0	0	0	0	0	0	0	0	0	19287423	
236	1	F	11	N	2500	0	40	29	29	3	0	1	0	0	0	0	0	0	0	0	0	0	0	0	19287532	
237	1	F	11	N	2500	0	40	36	78	5	8	10	0	0	0	0	0	0	0	0	0	0	0	0	19287688	
238	1	F	11	N	2500	0	40	335	741	38	15	10	0	0	0	0	0	0	0	0	0	0	0	0	19287704	
239	1	F	11	N	2500	0	40	382	917	45	21	15	0	0	0	0	0	0	0	0	0	0	0	0	19287829	
240	1	F	11	N	2500	0	40	67	173	42	3	3	0	0	0	0	0	0	0	0	0	0	0	0	19287938	
241	1	F	11	N	2500	0	40	53	105	21	2	1	0	0	0	0	0	0	0	0	0	0	0	0	19287938	
242	1	F	11	N	2500	0	40	40	50	3	2	1	0	0	0	0	0	0	0	0	0	0	0	0	19288078	
243	1	F	11	N	2500	0	40	413	1101	60	36	28	0	0	0	0	0	0	0	0	0	0	0	0	19288219	
244	1	F	11	N	2500	0	40	592	1745	82	38	28	0	0	0	0	0	0	0	0	0	0	0	0	19288219	
245	1	F	11	N	2500	0	40	353	891	48	20	18	0	0	0	0	0	0	0	0	0	0	0	0	19288390	
246	1	F	11	N	2500	0	40	316	641	25	10	11	0	0	0	0	0	0	0	0	0	0	0	0	19288453	
247	1	F	11	N	2500	0	40	314	580	20	8	10	0	0	0	0	0	0	0	0	0	0	0	0	19288453	
248	1	F	11	N	2500	0	40	328	658	24	10	11	0	0	0	0	0	0	0	0	0	0	0	0	19288468	
249	1	F	11	N	2500	0	40	336	776	34	13	13	0	0	0	0	0	0	0	0	0	0	0	0	19288546	
250	1	F	11	N	2500	0	40	325	683	24	12	12	0	0	0	0	0	0	0	0	0	0	0	0	19288593	
251	1	F	11	N	2500	0	40	637	1087	118	36	25	0	0	0	0	0	0	0	0	0	0	0	0	19288609	
252	1	F	11	N	2500	0	40	331	560	20	10	9	0	0	0	0	0	0	0	0	0	0	0	0	19288609	
253	1	F	11	N	2500	0	40	353	869	41	18	13	0	0	0	0	0	0	0	0	0	0	0	0	19288889	
254	1	F	11	N	2500	0	40	289	543	20	7	10	0	0	0	0	0	0	0	0	0	0	0	0	19288921	
255	1	F	11	N	2500	0	40	604	1439	79	32	26	0	0	0	0	0	0	0	0	0	0	0	0	19288999	
256	1	F	11	N	2500	0	40	54	81	3	3	2	0	0	0	0	0	0	0	0	0	0	0	0	19289030	
257	1	F	11	N	2500	0	40	27	24	2	0	0	0	0	0	0	0	0	0	0	0	0	0	0	19289045	
258	1	F	11	N	2500	0	40	22	35	6	6	7	0	0	0	0	0	0	0	0	0	0	0	0	19289061	
259	1	F	11	N	2500	0	40	29	56	9	8	7	0	0	0	0	0	0	0	0	0	0	0	0	19289061	
260	1	F	11	N	2500	0	40	433	934	32	16	13	0	0	0	0	0	0	0	0	0	0	0	0	19289077	
261	1	F	11	N	2500	0	40	262	873	42	21	16	0	0	0	0	0	0	0	0	0	0	0	0	19289092	
262	1	F	11	N	2500	0	40	368	797	34	16	14	0	0	0	0	0	0	0	0	0	0	0	0	19289264	
263	1	F	11	N	2500	0	40	37	65	2	2	1	0	0	0	0	0	0	0	0	0	0	0	0	19289279	
264	1	F	11	N	2500	0	40	340	767	33	16	11	0	0	0	0	0	0	0	0	0	0	0	0	19289311	
265	1	F	11	N	2500	0	40	66	121	12	2	3	0	0	0	0	0	0	0	0	0	0	0	0	19289311	
266	1	F	11	N	2500	0	40	215	900	52	25	24	0	0	0	0	0	0	0	0	0	0	0	0	19289530	
267	1	F	11	N	2500	0	40	322	750	33	15	12	0	0	0	0	0	0	0	0	0	0	0	0	19289686	
268	1	F	11	N	2500	0	40	309	910	58	30	25	0	0	0	0	0	0	0	0	0	0	0	0	19289702	
269	1	F	11	N	2500	0	40	373	899	45	20	16	0	0	0	0	0	0	0	0	0	0	0	0	19289936	
270	1	F	11	N	2500	0	40	21	18	1	1	1	0	0	0	0	0	0	0	0	0	0	0	0	19289936	
271	1	F	11	N	2500	0	40	322	605	20	9	10	0	0	0	0	0	0	0	0	0	0	0	0	19289936	
272	1	F	11	N	2500	0	40	312	597	21	9	11	0	0	0	0	0	0	0	0	0	0	0	0	19289998	
273	1	F	11	N	2500	0	40	346	783	40	16	15	0	0	0	0	0	0	0	0	0	0	0	0	19290107	
274	1	F	11	N	2500	0	40	26	40	3	3	3	0	0	0	0	0	0	0	0	0	0	0	0	19290279	
275	1	F	11	N	2500	0	40	345	715	25	14	11	0	0	0	0	0	0	0	0	0	0	0	0	19290372	
276	1	F	11	N	2500	0	40	25	30	1	0	1	0	0	0	0	0	0	0	0	0	0	0	0	19290435	
277	1	F	11	N	2500	0	40	31	27	2	1	0	0	0	0	0	0	0	0	0	0	0	0	0	19290482	
278	1	F	11	N	2500	0	40	363	800	42	18	11	0	0	0	0	0	0	0	0	0	0	0	0	19290497	
279	1	F	11	N	2500	0	40	76	139	17	5	2	0	0	0	0	0	0	0	0	0	0	0	0	19290528	
280	1	F	11	N	2500	0	40	21	26	3	0	0	0	0	0	0	0	0	0	0	0	0	0	0	19290622	
281	1	F	11	N	2500	0	40	375	882	46	27	25	0	0	0	0	0	0	0	0	0	0	0	0	19290731	
282	1	F	11	N	2500	0	40	29	46	4	4	2	0	0	0	0	0	0	0	0	0	0	0	0	19290731	
283	1	F	11	N	2500	0	40	29	56	1	1	0	0	0	0	0	0	0	0	0	0	0	0	0	19290731	
284	1	F	11	N	2500	0	40	27	49	4	3	4	0	0	0	0	0	0	0	0	0	0	0	0	19290731	
285	1	F	11	N	2500	0	40	22	28	3	0	0	0	0	0	0	0	0	0	0	0	0	0	0	19290762	
286	1	F	11	N	2500	0	40	377	909	49	24	23	0	0	0	0	0	0	0	0	0	0	0	0	19290794	
287	1	F	11	N	2500	0	40	367	796	34	21	21	0	0	0	0	0	0	0	0	0	0	0	0	19290872	
288	1	F	11	N	2500	0	40	404	885	48	17	12	0	0	0	0	0	0	0	0	0	0	0	0	19291074	
289	1	F	11	N	2500	0	40	376	866	41	24	22	0	0	0	0	0	0	0	0	0	0	0	0	19291308	
290	1	F	11	N	2500	0	40	60	109	13	2	2	0	0	0	0	0	0	0	0	0	0	0	0	19291308	
291	1	G	11	N	2500	0	40	79	122	12	4	3	0	0	0	0	0	0	0	0	0	0	0	0	19298502	
292	1	G	11	N	2500	0	40	352	913	41	15	13	0	0	0	0	0	0	0	0	0	0	0	0	19298533	
293	1	G	11	N	2500	0	40	378	802	27	14	11	0	0	0	0	0	0	0	0	0	0	0	0	19298533	
294	1	G	11	N	2500	0	40	360	878	41	18	15	0	0	0	0	0	0	0	0	0	0	0	0	19298580	
295	1	G	11	N	2500	0	40	74	454	28	1	1	0	0	0	0	0	0	0	0	0	0	0	0	19298596	
296	1	G	11	N	2500	0	40	51	95	14	0	0	0	0	0	0	0	0	0	0	0	0	0	0	19298642	
297	1	G	11	N	2500	0	40	405	1070	43	21	18	0	0	0	0	0	0	0	0	0	0	0	0	19298752	
298	1	G	11	N	2500	0	40	428	936	33	19	15	0	0	0	0	0	0	0	0	0	0	0	0	19298970	
299	1	G	11	N	2500	0	40	25	50	5	0	0	0	0	0	0	0	0	0	0	0	0	0	0	19299017	
300	1	G	11	N	2500	0	40	347	711	25	12	10	0	0	0	0	0	0	0	0	0	0	0	0	19299469	
301	1	G	11	N	2500	0	40	326	762	32	14	13	0	0	0	0	0	0	0	0	0	0	0	0	19299485	
302	1	G	11	N	2500	0	40	20	19	0	0	0	0	0	0	0	0	0	0	0	0	0	0	0	19299532	
303	1	G	11	N	2500	0	40	568	1239	95	30	20	0	0	0	0	0	0	0	0	0	0	0	0	19300124	
304	1	G	11	N	2500	0	40	28	28	1	0	0	0	0	0	0	0	0	0	0	0	0	0	0	19300124	
305	1	G	11	N	2500	0	40	21	25	2	0	1	0	0	0	0	0	0	0	0	0	0	0	0	19300202	
306	1	G	11	N	2500	0	40	192	263	13	12	14	0	0	0	0	0	0	0	0	0	0	0	0	19300405	
307	1	G	11	N	2500	0	40	310	469	22	18	18	0	0	0	0	0	0	0	0	0	0	0	0	19300405	
308	1	G	11	N	2500	0	40	428	1082	48	22	17	0	0	0	0	0	0	0	0	0	0	0	0	19300499	
309	1	G	11	N	2500	0	40	21	18	1	0	0	0	0	0	0	0	0	0	0	0	0	0	0	19300936	
310	1	G	11	N	2500	0	40	385	944	42	18	16	0	0	0	0	0	0	0	0	0	0	0	0	19300982	
311	1	G	11	N	2500	0	40	459	1172	67	28	20	0	0	0	0	0	0	0	0	0	0	0	0	19301092	
312	1	G	11	N	2500	0	40	388	1081	61	23	20	0	0	0	0	0	0	0	0	0	0	0	0	19301123	
313	1	G	11	N	2500	0	40	384	946	51	21	15	0	0	0	0	0	0	0	0	0	0	0	0	19301216	
314	1	G	11	N	2500	0	40	344	780	29	15	11	0	0	0	0	0	0	0	0	0	0	0	0	19301232	
315	1	G	11	N	2500	0	40	406	1045	63	23	20	0	0	0	0	0	0	0	0	0	0	0	0	19301294	
316	1	G	11	N	2500	0	40	334	739	28	12	9	0	0	0	0	0	0	0	0	0	0	0	0	19301310	
317	1	G	11	N	2500	0	40	328	755	29	15	11	0	0	0	0	0	0	0	0	0	0	0	0	19301388	
318	1	G	11	N	2500	0	40	348	800	33	16	16	0	0	0	0	0	0	0	0	0	0	0	0	19301592	
319	1	G	11	N	2500	0	40	315	620	22	10	8	0	0	0	0	0	0	0	0	0	0	0	0	19301904	
320	1	G	11	N	2500	0	40	328	730	28	14	12	0	0	0	0	0	0	0	0	0	0	0	0	19301966	
321	1	G	11	N	2500	0	40	43	53	5	4	4	0	0	0	0	0	0	0	0	0	0	0	0	19302013	
322	1	G	11	N	2500	0	40	349	840	38	16	13	0	0	0	0	0	0	0	0	0	0	0	0	19302044	
323	1	G	11	N	2500	0	40	23	21	3	0	0	0	0	0	0	0	0	0	0	0	0	0	0	19302138	
324	1	G	11	N	2500	0	40	392	892	40	18	14	0	0	0	0	0	0	0	0	0	0	0	0	19302169	
325	1	G	11	N	2500	0	40	316	723	31	13	8	0	0	0	0	0	0	0	0	0	0	0	0	19302247	
326	1	G	11	N	2500	0	40	386	905	48	18	18	0	0	0	0	0	0	0	0	0	0	0	0	19302278	
327	1	G	11	N	2500	0	40	292	553	22	9	8	0	0	0	0	0	0	0	0	0	0	0	0	19302325	
328	1	G	11	N	2500	0	40	378	871	42	18	15	0	0	0	0	0	0	0	0	0	0	0	0	19302356	
329	1	G	11	N	2500	0	40	444	1030	57	19	18	0	0	0	0	0	0	0	0	0	0	0	0	19302434	
330	1	G	11	N	2500	0	40	443	1078	52	27	23	0	0	0	0	0	0	0	0	0	0	0	0	19302762	
331	1	G	11	N	2500	0	40	205	428	20	12	9	0	0	0	0	0	0	0	0	0	0	0	0	19302855	
332	1	G	11	N	2500	0	40	390	938	48	19	17	0	0	0	0	0	0	0	0	0	0	0	0	19302887	
333	1	G	11	N	2500	0	40	588	1402	54	23	22	0	0	0	0	0	0	0	0	0	0	0	0	19302902	
334	1	G	11	N	2500	0	40	396	991	43	21	14	0	0	0	0	0	0	0	0	0	0	0	0	19302918	
335	1	G	11	N	2500	0	40	313	553	20	8	6	0	0	0	0	0	0	0	0	0	0	0	0	19302918	
336	1	G	11	N	2500	0	40	330	677	32	13	9	0	0	0	0	0	0	0	0	0	0	0	0	19302996	
337	1	G	11	N	2500	0	40	334	683	23	11	9	0	0	0	0	0	0	0	0	0	0	0	0	19303011	
338	1	G	11	N	2500	0	40	20	23	1	0	0	0	0	0	0	0	0	0	0	0	0	0	0	19303043	
339	1	G	11	N	2500	0	40	339	863	44	17	14	0	0	0	0	0	0	0	0	0	0	0	0	19303105	
340	1	G	11	N	2500	0	40	381	1005	53	21	15	0	0	0	0	0	0	0	0	0	0	0	0	19303136	
341	1	G	11	N	2500	0	40	353	635	27	9	8	0	0	0	0	0	0	0	0	0	0	0	0	19303355	
342	1	G	11	N	2500	0	40	405	1062	56	22	18	0	0	0	0	0	0	0	0	0	0	0	0	19303386	
343	1	G	11	N	2500	0	40	345	796	34	15	14	0	0	0	0	0	0	0	0	0	0	0	0	19303479	
344	1	G	11	N	2500	0	40	386	882	42	18	14	0	0	0	0	0	0	0	0	0	0	0	0	19303604	
345	1	G	11	N	2500	0	40	488	992	40	16	14	0	0	0	0	0	0	0	0	0	0	0	0	19303682	
346	1	G	11	N	2500	0	40	293	686	25	12	11	0	0	0	0	0	0	0	0	0	0	0	0	19303760	
347	1	G	11	N	2500	0	40	327	739	29	14	12	0	0	0	0	0	0	0	0	0	0	0	0	19303807	
348	1	G	11	N	2500	0	40	455	1245	68	28	23	0	0	0	0	0	0	0	0	0	0	0	0	19303947	
349	1	G	11	N	2500	0	40	316	1000	56	24	17	0	0	0	0	0	0	0	0	0	0	0	0	19304025	
350	1	G	11	N	2500	0	40	325	794	41	17	12	0	0	0	0	0	0	0	0	0	0	0	0	19304337	
351	1	G	11	N	2500	0	40	374	817	36	15	13	0	0	0	0	0	0	0	0	0	0	0	0	19304353	
352	1	G	11	N	2500	0	40	377	950	45	21	16	0	0	0	0	0	0	0	0	0	0	0	0	19304619	
353	1	G	11	N	2500	0	40	286	575	21	9	8	0	0	0	0	0	0	0	0	0	0	0	0	19304760	
354	1	G	11	N	2500	0	40	272	478	20	7	6	0	0	0	0	0	0	0	0	0	0	0	0	19304791	
355	1	G	11	N	2500	0	40	380	1047	57	24	19	0	0	0	0	0	0	0	0	0	0	0	0	19305134	
356	1	G	11	N	2500	0	40	274	547	20	9	7	0	0	0	0	0	0	0	0	0	0	0	0	19305243	
357	1	G	11	N	2500	0	40	329	868	49	20	14	0	0	0	0	0	0	0	0	0	0	0	0	19305384	
358	1	G	11	N	2500	0	40	222	1016	63	27	17	0	0	0	0	0	0	0	0	0	0	0	0	19305867	
359	1	G	11	N	2500	0	40	458	1139	56	29	26	0	0	0	0	0	0	0	0	0	0	0	0	19305961	
360	1	H	11	N	2500	0	40	72	466	45	0	1	0	0	0	0	0	0	0	0	0	0	0	0	19313185	
361	1	H	11	N	2500	0	40	379	903	39	17	14	0	0	0	0	0	0	0	0	0	0	0	0	19313309	
362	1	H	11	N	2500	0	40	313	623	20	12	10	0	0	0	0	0	0	0	0	0	0	0	0	19313325	
363	1	H	11	N	2500	0	40	386	1041	47	20	15	0	0	0	0	0	0	0	0	0	0	0	0	19313825	
364	1	H	11	N	2500	0	40	22	44	4	0	0	0	0	0	0	0	0	0	0	0	0	0	0	19313888	
365	1	H	11	N	2500	0	40	322	656	18	9	10	0	0	0	0	0	0	0	0	0	0	0	0	19313966	
366	1	H	11	N	2500	0	40	594	1284	102	30	22	0	0	0	0	0	0	0	0	0	0	0	0	19313981	
367	1	H	11	N	2500	0	40	28	52	2	1	1	0	0	0	0	0	0	0	0	0	0	0	0	19313997	
368	1	H	11	N	2500	0	40	95	654	60	1	2	0	0	0	0	0	0	0	0	0	0	0	0	19314122	
369	1	H	11	N	2500	0	40	496	1481	66	31	25	0	0	0	0	0	0	0	0	0	0	0	0	19314137	
370	1	H	11	N	2500	0	40	556	1462	73	31	27	0	0	0	0	0	0	0	0	0	0	0	0	19314153	
371	1	H	11	N	2500	0	40	408	714	25	12	11	0	0	0	0	0	0	0	0	0	0	0	0	19314340	
372	1	H	11	N	2500	0	40	390	910	39	21	16	0	0	0	0	0	0	0	0	0	0	0	0	19314434	
373	1	H	11	N	2500	0	40	30	88	8	1	1	0	0	0	0	0	0	0	0	0	0	0	0	19314465	
374	1	H	11	N	2500	0	40	26	55	2	0	1	0	0	0	0	0	0	0	0	0	0	0	0	19314980	
375	1	H	11	N	2500	0	40	21	33	7	8	7	0	0	0	0	0	0	0	0	0	0	0	0	19315416	
376	1	H	11	N	2500	0	40	378	918	42	18	14	0	0	0	0	0	0	0	0	0	0	0	0	19315978	
377	1	H	11	N	2500	0	40	343	775	28	14	11	0	0	0	0	0	0	0	0	0	0	0	0	19316040	
378	1	H	11	N	2500	0	40	598	1794	98	37	29	0	0	0	0	0	0	0	0	0	0	0	0	19316196	
379	1	H	11	N	2500	0	40	419	1164	60	25	20	0	0	0	0	0	0	0	0	0	0	0	0	19316509	
380	1	H	11	N	2500	0	40	20	17	1	0	0	0	0	0	0	0	0	0	0	0	0	0	0	19316821	
381	1	H	11	N	2500	0	40	423	987	39	21	16	0	0	0	0	0	0	0	0	0	0	0	0	19317009	
382	1	H	11	N	2500	0	40	21	35	4	4	3	0	0	0	0	0	0	0	0	0	0	0	0	19317133	
383	1	H	11	N	2500	0	40	596	1348	53	20	19	0	0	0	0	0	0	0	0	0	0	0	0	19317165	
384	1	H	11	N	2500	0	40	324	681	28	13	10	0	0	0	0	0	0	0	0	0	0	0	0	19317539	
385	1	H	11	N	2500	0	40	600	1413	66	29	22	0	0	0	0	0	0	0	0	0	0	0	0	19317570	
386	1	H	11	N	2500	0	40	383	1169	61	27	19	0	0	0	0	0	0	0	0	0	0	0	0	19317648	
387	1	H	11	N	2500	0	40	27	26	2	0	0	0	0	0	0	0	0	0	0	0	0	0	0	19317757	
388	1	H	11	N	2500	0	40	329	661	20	13	11	0	0	0	0	0	0	0	0	0	0	0	0	19317789	
389	1	H	11	N	2500	0	40	392	1066	54	20	15	0	0	0	0	0	0	0	0	0	0	0	0	19317835	
390	1	H	11	N	2500	0	40	280	666	30	14	13	0	0	0	0	0	0	0	0	0	0	0	0	19317851	
391	1	H	11	N	2500	0	40	387	871	41	21	17	0	0	0	0	0	0	0	0	0	0	0	0	19318319	
392	1	H	11	N	2500	0	40	387	912	50	18	13	0	0	0	0	0	0	0	0	0	0	0	0	19318428	
393	1	H	11	N	2500	0	40	388	1020	74	24	18	0	0	0	0	0	0	0	0	0	0	0	0	19319083	
394	1	H	11	N	2500	0	40	301	584	20	9	7	0	0	0	0	0	0	0	0	0	0	0	0	19319115	
395	1	H	11	N	2500	0	40	413	977	49	25	26	0	0	0	0	0	0	0	0	0	0	0	0	19319707	
396	1	H	11	N	2500	0	40	27	24	0	1	2	0	0	0	0	0	0	0	0	0	0	0	0	19319707	
397	1	H	11	N	2500	0	40	312	595	18	9	8	0	0	0	0	0	0	0	0	0	0	0	0	19320004	
398	1	H	11	N	2500	0	40	541	1115	35	16	13	0	0	0	0	0	0	0	0	0	0	0	0	19320472	
399	1	A	12	N	2500	0	40	360	884	49	16	12	0	0	0	0	0	0	0	0	0	0	0	0	19329429	
400	1	A	12	N	2500	0	40	52	80	10	1	1	0	0	0	0	0	0	0	0	0	0	0	0	19329492	
401	1	A	12	N	2500	0	40	367	895	37	18	16	0	0	0	0	0	0	0	0	0	0	0	0	19329617	
402	1	A	12	N	2500	0	40	65	134	9	3	2	0	0	0	0	0	0	0	0	0	0	0	0	19329773	
403	1	A	12	N	2500	0	40	40	71	6	1	2	0	0	0	0	0	0	0	0	0	0	0	0	19329773	
404	1	A	12	N	2500	0	40	348	1031	44	24	18	0	0	0	0	0	0	0	0	0	0	0	0	19329866	
405	1	A	12	N	2500	0	40	345	820	35	15	13	0	0	0	0	0	0	0	0	0	0	0	0	19330287	
406	1	A	12	N	2500	0	40	37	53	4	1	1	0	0	0	0	0	0	0	0	0	0	0	0	19330303	
407	1	A	12	N	2500	0	40	33	40	4	1	0	0	0	0	0	0	0	0	0	0	0	0	0	19330443	
408	1	A	12	N	2500	0	40	78	215	27	5	4	0	0	0	0	0	0	0	0	0	0	0	0	19330521	
409	1	A	12	N	2500	0	40	45	56	6	1	1	0	0	0	0	0	0	0	0	0	0	0	0	19330802	
410	1	A	12	N	2500	0	40	334	659	25	13	13	0	0	0	0	0	0	0	0	0	0	0	0	19330818	
411	1	A	12	N	2500	0	40	331	691	29	15	13	0	0	0	0	0	0	0	0	0	0	0	0	19331192	
412	1	A	12	N	2500	0	40	334	715	26	14	10	0	0	0	0	0	0	0	0	0	0	0	0	19331802	
413	1	A	12	N	2500	0	40	386	789	31	15	13	0	0	0	0	0	0	0	0	0	0	0	0	19332316	
414	1	A	12	N	2500	0	40	31	74	11	2	2	0	0	0	0	0	0	0	0	0	0	0	0	19332426	
415	1	A	12	N	2500	0	40	59	75	7	2	1	0	0	0	0	0	0	0	0	0	0	0	0	19332644	
416	1	A	12	N	2500	0	40	480	1169	68	33	26	0	0	0	0	0	0	0	0	0	0	0	0	19332675	
417	1	A	12	N	2500	0	40	370	832	42	18	11	0	0	0	0	0	0	0	0	0	0	0	0	19332722	
418	1	A	12	N	2500	0	40	50	89	7	2	1	0	0	0	0	0	0	0	0	0	0	0	0	19332738	
419	1	A	12	N	2500	0	40	396	1061	50	21	18	0	0	0	0	0	0	0	0	0	0	0	0	19332738	
420	1	A	12	N	2500	0	40	271	564	19	11	9	0	0	0	0	0	0	0	0	0	0	0	0	19332831	
421	1	A	12	N	2500	0	40	97	494	8	2	2	0	0	0	0	0	0	0	0	0	0	0	0	19332831	
422	1	A	12	N	2500	0	40	343	646	25	10	9	0	0	0	0	0	0	0	0	0	0	0	0	19333034	
423	1	A	12	N	2500	0	40	21	32	1	1	0	0	0	0	0	0	0	0	0	0	0	0	0	19333081	
424	1	A	12	N	2500	0	40	535	1005	73	31	26	0	0	0	0	0	0	0	0	0	0	0	0	19333112	
425	1	A	12	N	2500	0	40	24	21	2	1	1	0	0	0	0	0	0	0	0	0	0	0	0	19333284	
426	1	A	12	N	2500	0	40	26	33	1	1	2	0	0	0	0	0	0	0	0	0	0	0	0	19333299	
427	1	A	12	N	2500	0	40	34	61	15	18	17	0	0	0	0	0	0	0	0	0	0	0	0	19333393	
428	1	A	12	N	2500	0	40	29	35	3	3	2	0	0	0	0	0	0	0	0	0	0	0	0	19333455	
429	1	A	12	N	2500	0	40	30	58	4	4	3	0	0	0	0	0	0	0	0	0	0	0	0	19333455	
430	1	A	12	N	2500	0	40	363	766	31	15	14	0	0	0	0	0	0	0	0	0	0	0	0	19333455	
431	1	A	12	N	2500	0	40	313	560	31	9	7	0	0	0	0	0	0	0	0	0	0	0	0	19333486	
432	1	A	12	N	2500	0	40	342	714	25	11	10	0	0	0	0	0	0	0	0	0	0	0	0	19333627	
433	1	A	12	N	2500	0	40	366	985	44	23	17	0	0	0	0	0	0	0	0	0	0	0	0	19333954	
434	1	A	12	N	2500	0	40	653	1431	103	33	29	0	0	0	0	0	0	0	0	0	0	0	0	19333954	
435	1	A	12	N	2500	0	40	356	821	32	15	14	0	0	0	0	0	0	0	0	0	0	0	0	19334032	
436	1	A	12	N	2500	0	40	363	840	45	15	15	0	0	0	0	0	0	0	0	0	0	0	0	19334126	
437	1	A	12	N	2500	0	40	23	29	1	1	1	0	0	0	0	0	0	0	0	0	0	0	0	19334157	
438	1	A	12	N	2500	0	40	270	653	25	13	8	0	0	0	0	0	0	0	0	0	0	0	0	19334173	
439	1	A	12	N	2500	0	40	507	1375	68	32	26	0	0	0	0	0	0	0	0	0	0	0	0	19334266	
440	1	A	12	N	2500	0	40	350	738	31	13	14	0	0	0	0	0	0	0	0	0	0	0	0	19334376	
441	1	A	12	N	2500	0	40	516	1024	38	19	17	0	0	0	0	0	0	0	0	0	0	0	0	19334767	
442	1	A	12	N	2500	0	40	91	453	67	67	63	0	0	0	0	0	0	0	0	0	0	0	0	19335515	
443	1	A	12	N	2500	0	40	244	1142	67	28	23	0	0	0	0	0	0	0	0	0	0	0	0	19335921	
444	1	A	12	N	2500	0	40	333	985	54	24	19	0	0	0	0	0	0	0	0	0	0	0	0	19336217	
445	1	B	12	N	2500	0	40	486	1320	65	25	0	0	0	0	0	0	0	0	0	0	0	0	0	19343395	
446	1	B	12	N	2500	0	40	60	167	10	0	1	0	0	0	0	0	0	0	0	0	0	0	0	19343505	
447	1	B	12	N	2500	0	40	33	37	1	1	1	0	0	0	0	0	0	0	0	0	0	0	0	19343676	
448	1	B	12	N	2500	0	40	37	117	12	0	1	0	0	0	0	0	0	0	0	0	0	0	0	19343832	
449	1	B	12	N	2500	0	40	342	818	34	15	10	0	0	0	0	0	0	0	0	0	0	0	0	19343957	
450	1	B	12	N	2500	0	40	45	177	16	0	1	0	0	0	0	0	0	0	0	0	0	0	0	19343988	
451	1	B	12	N	2500	0	40	53	263	24	0	0	0	0	0	0	0	0	0	0	0	0	0	0	19344285	
452	1	B	12	N	2500	0	40	24	26	2	0	0	0	0	0	0	0	0	0	0	0	0	0	0	19344409	
453	1	B	12	N	2500	0	40	400	1066	49	26	18	0	0	0	0	0	0	0	0	0	0	0	0	19344472	
454	1	B	12	N	2500	0	40	157	675	76	16	11	0	0	0	0	0	0	0	0	0	0	0	0	19344565	
455	1	B	12	N	2500	0	40	89	132	16	3	2	0	0	0	0	0	0	0	0	0	0	0	0	19344565	
456	1	B	12	N	2500	0	40	64	80	7	2	2	0	0	0	0	0	0	0	0	0	0	0	0	19344565	
457	1	B	12	N	2500	0	40	367	895	47	18	19	0	0	0	0	0	0	0	0	0	0	0	0	19344815	
458	1	B	12	N	2500	0	40	390	937	53	19	13	0	0	0	0	0	0	0	0	0	0	0	0	19344909	
459	1	B	12	N	2500	0	40	75	123	12	2	1	0	0	0	0	0	0	0	0	0	0	0	0	19345236	
460	1	B	12	N	2500	0	40	76	324	40	43	40	0	0	0	0	0	0	0	0	0	0	0	0	19345314	
461	1	B	12	N	2500	0	40	35	54	1	1	0	0	0	0	0	0	0	0	0	0	0	0	0	19345345	
462	1	B	12	N	2500	0	40	63	220	27	2	1	0	0	0	0	0	0	0	0	0	0	0	0	19345798	
463	1	B	12	N	2500	0	40	463	1322	80	28	21	0	0	0	0	0	0	0	0	0	0	0	0	19346079	
464	1	B	12	N	2500	0	40	274	491	17	8	7	0	0	0	0	0	0	0	0	0	0	0	0	19346344	
465	1	B	12	N	2500	0	40	433	1123	68	25	22	0	0	0	0	0	0	0	0	0	0	0	0	19346422	
466	1	B	12	N	2500	0	40	72	405	26	1	1	0	0	0	0	0	0	0	0	0	0	0	0	19346578	
467	1	B	12	N	2500	0	40	354	1034	50	21	16	0	0	0	0	0	0	0	0	0	0	0	0	19346640	
468	1	B	12	N	2500	0	40	372	948	48	20	16	0	0	0	0	0	0	0	0	0	0	0	0	19346890	
469	1	B	12	N	2500	0	40	369	988	49	22	19	0	0	0	0	0	0	0	0	0	0	0	0	19346968	
470	1	B	12	N	2500	0	40	556	1236	82	25	20	0	0	0	0	0	0	0	0	0	0	0	0	19347015	
471	1	B	12	N	2500	0	40	316	609	20	9	8	0	0	0	0	0	0	0	0	0	0	0	0	19347124	
472	1	B	12	N	2500	0	40	457	1215	62	24	17	0	0	0	0	0	0	0	0	0	0	0	0	19347311	
473	1	B	12	N	2500	0	40	22	32	4	5	5	0	0	0	0	0	0	0	0	0	0	0	0	19347826	
474	1	B	12	N	2500	0	40	247	933	50	21	17	0	0	0	0	0	0	0	0	0	0	0	0	19347841	
475	1	B	12	N	2500	0	40	351	797	42	21	20	0	0	0	0	0	0	0	0	0	0	0	0	19348013	
476	1	B	12	N	2500	0	40	83	95	5	5	4	0	0	0	0	0	0	0	0	0	0	0	0	19348060	
477	1	B	12	N	2500	0	40	417	1066	66	22	18	0	0	0	0	0	0	0	0	0	0	0	0	19348091	
478	1	B	12	N	2500	0	40	27	46	1	1	2	0	0	0	0	0	0	0	0	0	0	0	0	19348091	
479	1	B	12	N	2500	0	40	387	873	43	17	15	0	0	0	0	0	0	0	0	0	0	0	0	19348169	
480	1	B	12	N	2500	0	40	273	503	16	10	7	0	0	0	0	0	0	0	0	0	0	0	0	19348216	
481	1	B	12	N	2500	0	40	371	826	45	22	17	0	0	0	0	0	0	0	0	0	0	0	0	19348247	
482	1	B	12	N	2500	0	40	25	33	1	1	0	0	0	0	0	0	0	0	0	0	0	0	0	19348247	
483	1	B	12	N	2500	0	40	31	60	5	4	4	0	0	0	0	0	0	0	0	0	0	0	0	19348263	
484	1	B	12	N	2500	0	40	20	16	1	0	0	0	0	0	0	0	0	0	0	0	0	0	0	19348309	
485	1	B	12	N	2500	0	40	175	231	9	3	4	0	0	0	0	0	0	0	0	0	0	0	0	19348341	
486	1	B	12	N	2500	0	40	381	883	52	17	16	0	0	0	0	0	0	0	0	0	0	0	0	19348434	
487	1	B	12	N	2500	0	40	26	30	1	1	2	0	0	0	0	0	0	0	0	0	0	0	0	19348481	
488	1	B	12	N	2500	0	40	551	1175	90	27	21	0	0	0	0	0	0	0	0	0	0	0	0	19348543	
489	1	B	12	N	2500	0	40	444	1178	54	26	20	0	0	0	0	0	0	0	0	0	0	0	0	19348746	
490	1	B	12	N	2500	0	40	399	948	46	28	25	0	0	0	0	0	0	0	0	0	0	0	0	19348762	
491	1	B	12	N	2500	0	40	92	249	32	9	5	0	0	0	0	0	0	0	0	0	0	0	0	19348871	
492	1	B	12	N	2500	0	40	21	26	1	1	1	0	0	0	0	0	0	0	0	0	0	0	0	19348887	
493	1	B	12	N	2500	0	40	342	764	32	14	12	0	0	0	0	0	0	0	0	0	0	0	0	19348980	
494	1	B	12	N	2500	0	40	237	943	64	29	26	0	0	0	0	0	0	0	0	0	0	0	0	19348980	
495	1	B	12	N	2500	0	40	469	970	31	17	17	0	0	0	0	0	0	0	0	0	0	0	0	19349245	
496	1	B	12	N	2500	0	40	25	39	6	7	5	0	0	0	0	0	0	0	0	0	0	0	0	19349386	
497	1	B	12	N	2500	0	40	72	131	17	3	2	0	0	0	0	0	0	0	0	0	0	0	0	19349496	
498	1	B	12	N	2500	0	40	364	845	39	18	17	0	0	0	0	0	0	0	0	0	0	0	0	19349496	
499	1	B	12	N	2500	0	40	504	1443	71	31	23	0	0	0	0	0	0	0	0	0	0	0	0	19349527	
500	1	B	12	N	2500	0	40	318	625	24	11	10	0	0	0	0	0	0	0	0	0	0	0	0	19349543	
501	1	B	12	N	2500	0	40	49	51	4	1	1	0	0	0	0	0	0	0	0	0	0	0	0	19349636	
502	1	B	12	N	2500	0	40	345	775	33	16	11	0	0	0	0	0	0	0	0	0	0	0	0	19349746	
503	1	B	12	N	2500	0	40	27	49	6	6	4	0	0	0	0	0	0	0	0	0	0	0	0	19349808	
504	1	B	12	N	2500	0	40	28	41	2	3	3	0	0	0	0	0	0	0	0	0	0	0	0	19349824	
505	1	B	12	N	2500	0	40	299	554	18	8	7	0	0	0	0	0	0	0	0	0	0	0	0	19349886	
506	1	B	12	N	2500	0	40	218	838	55	23	19	0	0	0	0	0	0	0	0	0	0	0	0	19349948	
507	1	B	12	N	2500	0	40	39	41	3	1	1	0	0	0	0	0	0	0	0	0	0	0	0	19349980	
508	1	B	12	N	2500	0	40	43	77	9	2	1	0	0	0	0	0	0	0	0	0	0	0	0	19349980	
509	1	B	12	N	2500	0	40	303	836	52	24	23	0	0	0	0	0	0	0	0	0	0	0	0	19350370	
510	1	B	12	N	2500	0	40	219	974	57	23	14	0	0	0	0	0	0	0	0	0	0	0	0	19350510	
511	1	B	12	N	2500	0	40	330	591	17	9	9	0	0	0	0	0	0	0	0	0	0	0	0	19350541	
512	1	B	12	N	2500	0	40	416	1193	54	26	19	0	0	0	0	0	0	0	0	0	0	0	0	19350604	
513	1	B	12	N	2500	0	40	365	802	34	15	13	0	0	0	0	0	0	0	0	0	0	0	0	19350666	
514	1	B	12	N	2500	0	40	54	82	4	4	5	0	0	0	0	0	0	0	0	0	0	0	0	19350760	
515	1	B	12	N	2500	0	40	387	980	50	19	19	0	0	0	0	0	0	0	0	0	0	0	0	19350775	
516	1	B	12	N	2500	0	40	364	878	38	18	14	0	0	0	0	0	0	0	0	0	0	0	0	19350884	
517	1	C	12	N	2500	0	40	392	932	42	16	12	0	0	0	0	0	0	0	0	0	0	0	0	19358124	
518	1	C	12	N	2500	0	40	43	170	18	0	0	0	0	0	0	0	0	0	0	0	0	0	0	19358139	
519	1	C	12	N	2500	0	40	346	606	24	12	9	0	0	0	0	0	0	0	0	0	0	0	0	19358562	
520	1	C	12	N	2500	0	40	341	847	38	18	13	0	0	0	0	0	0	0	0	0	0	0	0	19358593	
521	1	C	12	N	2500	0	40	323	686	24	12	9	0	0	0	0	0	0	0	0	0	0	0	0	19358749	
522	1	C	12	N	2500	0	40	54	106	19	0	0	0	0	0	0	0	0	0	0	0	0	0	0	19358811	
523	1	C	12	N	2500	0	40	389	874	38	22	20	0	0	0	0	0	0	0	0	0	0	0	0	19359045	
524	1	C	12	N	2500	0	40	58	310	34	1	0	0	0	0	0	0	0	0	0	0	0	0	0	19359513	
525	1	C	12	N	2500	0	40	351	747	34	15	16	0	0	0	0	0	0	0	0	0	0	0	0	19359544	
526	1	C	12	N	2500	0	40	287	1089	62	31	21	0	0	0	0	0	0	0	0	0	0	0	0	19359856	
527	1	C	12	N	2500	0	40	376	951	44	26	21	0	0	0	0	0	0	0	0	0	0	0	0	19360059	
528	1	C	12	N	2500	0	40	354	829	32	18	12	0	0	0	0	0	0	0	0	0	0	0	0	19360184	
529	1	C	12	N	2500	0	40	342	752	25	14	10	0	0	0	0	0	0	0	0	0	0	0	0	19360402	
530	1	C	12	N	2500	0	40	403	983	45	22	19	0	0	0	0	0	0	0	0	0	0	0	0	19360668	
531	1	C	12	N	2500	0	40	271	525	17	7	6	0	0	0	0	0	0	0	0	0	0	0	0	19360933	
532	1	C	12	N	2500	0	40	389	987	55	23	17	0	0	0	0	0	0	0	0	0	0	0	0	19361323	
533	1	C	12	N	2500	0	40	378	969	43	19	16	0	0	0	0	0	0	0	0	0	0	0	0	19361370	
534	1	C	12	N	2500	0	40	376	895	43	23	21	0	0	0	0	0	0	0	0	0	0	0	0	19361558	
535	1	C	12	N	2500	0	40	273	501	16	8	8	0	0	0	0	0	0	0	0	0	0	0	0	19361620	
536	1	C	12	N	2500	0	40	277	815	35	19	18	0	0	0	0	0	0	0	0	0	0	0	0	19361792	
537	1	C	12	N	2500	0	40	379	884	43	16	15	0	0	0	0	0	0	0	0	0	0	0	0	19361807	
538	1	C	12	N	2500	0	40	350	702	25	13	9	0	0	0	0	0	0	0	0	0	0	0	0	19361823	
539	1	C	12	N	2500	0	40	34	62	12	12	12	0	0	0	0	0	0	0	0	0	0	0	0	19361979	
540	1	C	12	N	2500	0	40	523	1000	44	25	19	0	0	0	0	0	0	0	0	0	0	0	0	19361979	
541	1	C	12	N	2500	0	40	28	49	0	0	0	0	0	0	0	0	0	0	0	0	0	0	0	19362135	
542	1	C	12	N	2500	0	40	555	1348	87	31	28	0	0	0	0	0	0	0	0	0	0	0	0	19362135	
543	1	C	12	N	2500	0	40	54	52	2	0	0	0	0	0	0	0	0	0	0	0	0	0	0	19362244	
544	1	C	12	N	2500	0	40	307	811	54	24	22	0	0	0	0	0	0	0	0	0	0	0	0	19362244	
545	1	C	12	N	2500	0	40	597	1436	114	33	28	0	0	0	0	0	0	0	0	0	0	0	0	19362353	
546	1	C	12	N	2500	0	40	358	883	45	16	14	0	0	0	0	0	0	0	0	0	0	0	0	19362385	
547	1	C	12	N	2500	0	40	361	819	35	14	13	0	0	0	0	0	0	0	0	0	0	0	0	19362400	
548	1	C	12	N	2500	0	40	329	688	28	12	11	0	0	0	0	0	0	0	0	0	0	0	0	19362431	
549	1	C	12	N	2500	0	40	397	1050	50	26	21	0	0	0	0	0	0	0	0	0	0	0	0	19362447	
550	1	C	12	N	2500	0	40	254	857	50	21	17	0	0	0	0	0	0	0	0	0	0	0	0	19362447	
551	1	C	12	N	2500	0	40	476	1025	29	15	14	0	0	0	0	0	0	0	0	0	0	0	0	19362463	
552	1	C	12	N	2500	0	40	23	24	2	3	3	0	0	0	0	0	0	0	0	0	0	0	0	19362556	
553	1	C	12	N	2500	0	40	340	810	38	15	11	0	0	0	0	0	0	0	0	0	0	0	0	19362697	
554	1	C	12	N	2500	0	40	362	910	40	19	13	0	0	0	0	0	0	0	0	0	0	0	0	19362743	
555	1	C	12	N	2500	0	40	345	748	33	14	13	0	0	0	0	0	0	0	0	0	0	0	0	19362790	
556	1	C	12	N	2500	0	40	22	39	3	2	1	0	0	0	0	0	0	0	0	0	0	0	0	19362977	
557	1	C	12	N	2500	0	40	378	831	31	18	18	0	0	0	0	0	0	0	0	0	0	0	0	19363165	
558	1	C	12	N	2500	0	40	359	932	46	17	19	0	0	0	0	0	0	0	0	0	0	0	0	19363227	
559	1	C	12	N	2500	0	40	374	868	41	18	15	0	0	0	0	0	0	0	0	0	0	0	0	19363274	
560	1	C	12	N	2500	0	40	329	701	27	14	10	0	0	0	0	0	0	0	0	0	0	0	0	19363305	
561	1	C	12	N	2500	0	40	501	1097	55	24	21	0	0	0	0	0	0	0	0	0	0	0	0	19363352	
562	1	C	12	N	2500	0	40	436	1322	83	30	24	0	0	0	0	0	0	0	0	0	0	0	0	19363383	
563	1	C	12	N	2500	0	40	374	948	54	19	12	0	0	0	0	0	0	0	0	0	0	0	0	19363399	
564	1	C	12	N	2500	0	40	350	699	28	12	12	0	0	0	0	0	0	0	0	0	0	0	0	19363492	
565	1	C	12	N	2500	0	40	299	902	40	19	15	0	0	0	0	0	0	0	0	0	0	0	0	19363539	
566	1	C	12	N	2500	0	40	333	730	31	14	11	0	0	0	0	0	0	0	0	0	0	0	0	19363586	
567	1	C	12	N	2500	0	40	375	1047	62	27	17	0	0	0	0	0	0	0	0	0	0	0	0	19363586	
568	1	C	12	N	2500	0	40	28	50	10	13	12	0	0	0	0	0	0	0	0	0	0	0	0	19363773	
569	1	C	12	N	2500	0	40	388	985	42	18	18	0	0	0	0	0	0	0	0	0	0	0	0	19363820	
570	1	C	12	N	2500	0	40	326	722	28	14	13	0	0	0	0	0	0	0	0	0	0	0	0	19364257	
571	1	C	12	N	2500	0	40	285	531	18	7	10	0	0	0	0	0	0	0	0	0	0	0	0	19364444	
572	1	C	12	N	2500	0	40	506	1065	54	24	20	0	0	0	0	0	0	0	0	0	0	0	0	19364615	
573	1	C	12	N	2500	0	40	21	32	1	1	1	0	0	0	0	0	0	0	0	0	0	0	0	19364693	
574	1	C	12	N	2500	0	40	90	94	3	2	1	0	0	0	0	0	0	0	0	0	0	0	0	19364709	
575	1	C	12	N	2500	0	40	549	1110	53	27	19	0	0	0	0	0	0	0	0	0	0	0	0	19364771	
576	1	C	12	N	2500	0	40	285	515	19	8	7	0	0	0	0	0	0	0	0	0	0	0	0	19364927	
577	1	C	12	N	2500	0	40	426	1061	46	23	21	0	0	0	0	0	0	0	0	0	0	0	0	19365037	
578	1	C	12	N	2500	0	40	81	262	3	0	1	0	0	0	0	0	0	0	0	0	0	0	0	19365068	
579	1	C	12	N	2500	0	40	23	37	3	1	1	0	0	0	0	0	0	0	0	0	0	0	0	19365130	
580	1	C	12	N	2500	0	40	247	880	43	22	15	0	0	0	0	0	0	0	0	0	0	0	0	19365364	
581	1	C	12	N	2500	0	40	210	727	29	13	11	0	0	0	0	0	0	0	0	0	0	0	0	19365567	
582	1	D	12	N	2500	0	40	339	787	31	13	11	0	0	0	0	0	0	0	0	0	0	0	0	19373276	
583	1	D	12	N	2500	0	40	326	676	24	12	8	0	0	0	0	0	0	0	0	0	0	0	0	19373808	
584	1	D	12	N	2500	0	40	363	827	35	15	12	0	0	0	0	0	0	0	0	0	0	0	0	19373855	
585	1	D	12	N	2500	0	40	462	1105	92	25	19	0	0	0	0	0	0	0	0	0	0	0	0	19373901	
586	1	D	12	N	2500	0	40	427	1155	68	24	18	0	0	0	0	0	0	0	0	0	0	0	0	19374104	
587	1	D	12	N	2500	0	40	370	930	45	20	16	0	0	0	0	0	0	0	0	0	0	0	0	19374151	
588	1	D	12	N	2500	0	40	361	729	35	13	11	0	0	0	0	0	0	0	0	0	0	0	0	19374151	
589	1	D	12	N	2500	0	40	56	110	13	0	1	0	0	0	0	0	0	0	0	0	0	0	0	19374276	
590	1	D	12	N	2500	0	40	30	46	1	1	1	0	0	0	0	0	0	0	0	0	0	0	0	19374666	
591	1	D	12	N	2500	0	40	20	19	1	1	1	0	0	0	0	0	0	0	0	0	0	0	0	19374666	
592	1	D	12	N	2500	0	40	367	882	47	17	14	0	0	0	0	0	0	0	0	0	0	0	0	19375165	
593	1	D	12	N	2500	0	40	345	777	32	17	11	0	0	0	0	0	0	0	0	0	0	0	0	19375415	
594	1	D	12	N	2500	0	40	389	1005	50	20	18	0	0	0	0	0	0	0	0	0	0	0	0	19375446	
595	1	D	12	N	2500	0	40	364	912	39	15	14	0	0	0	0	0	0	0	0	0	0	0	0	19375461	
596	1	D	12	N	2500	0	40	368	856	41	17	13	0	0	0	0	0	0	0	0	0	0	0	0	19375586	
597	1	D	12	N	2500	0	40	25	33	3	3	3	0	0	0	0	0	0	0	0	0	0	0	0	19375695	
598	1	D	12	N	2500	0	40	165	757	42	23	21	0	0	0	0	0	0	0	0	0	0	0	0	19375773	
599	1	D	12	N	2500	0	40	409	1058	54	24	19	0	0	0	0	0	0	0	0	0	0	0	0	19375867	
600	1	D	12	N	2500	0	40	322	685	26	12	11	0	0	0	0	0	0	0	0	0	0	0	0	19376163	
601	1	D	12	N	2500	0	40	353	809	31	15	12	0	0	0	0	0	0	0	0	0	0	0	0	19376210	
602	1	D	12	N	2500	0	40	24	26	0	0	0	0	0	0	0	0	0	0	0	0	0	0	0	19376319	
603	1	D	12	N	2500	0	40	24	44	1	0	0	0	0	0	0	0	0	0	0	0	0	0	0	19376335	
604	1	D	12	N	2500	0	40	386	1028	46	23	18	0	0	0	0	0	0	0	0	0	0	0	0	19376444	
605	1	D	12	N	2500	0	40	487	1050	37	19	19	0	0	0	0	0	0	0	0	0	0	0	0	19376491	
606	1	D	12	N	2500	0	40	33	28	1	2	2	0	0	0	0	0	0	0	0	0	0	0	0	19376819	
607	1	D	12	N	2500	0	40	427	1063	57	23	21	0	0	0	0	0	0	0	0	0	0	0	0	19376819	
608	1	D	12	N	2500	0	40	327	634	22	12	8	0	0	0	0	0	0	0	0	0	0	0	0	19376959	
609	1	D	12	N	2500	0	40	356	789	39	15	12	0	0	0	0	0	0	0	0	0	0	0	0	19376975	
610	1	D	12	N	2500	0	40	503	1351	90	33	27	0	0	0	0	0	0	0	0	0	0	0	0	19377053	
611	1	D	12	N	2500	0	40	412	1063	67	22	19	0	0	0	0	0	0	0	0	0	0	0	0	19377131	
612	1	D	12	N	2500	0	40	366	851	37	17	15	0	0	0	0	0	0	0	0	0	0	0	0	19377177	
613	1	D	12	N	2500	0	40	32	50	3	3	3	0	0	0	0	0	0	0	0	0	0	0	0	19377677	
614	1	D	12	N	2500	0	40	483	1187	41	19	17	0	0	0	0	0	0	0	0	0	0	0	0	19377989	
615	1	D	12	N	2500	0	40	345	896	42	18	14	0	0	0	0	0	0	0	0	0	0	0	0	19378035	
616	1	D	12	N	2500	0	40	333	761	31	14	14	0	0	0	0	0	0	0	0	0	0	0	0	19378129	
617	1	D	12	N	2500	0	40	326	679	23	12	10	0	0	0	0	0	0	0	0	0	0	0	0	19378223	
618	1	D	12	N	2500	0	40	409	937	55	26	24	0	0	0	0	0	0	0	0	0	0	0	0	19378269	
619	1	D	12	N	2500	0	40	307	586	18	9	8	0	0	0	0	0	0	0	0	0	0	0	0	19378363	
620	1	D	12	N	2500	0	40	477	983	62	18	15	0	0	0	0	0	0	0	0	0	0	0	0	19378566	
621	1	D	12	N	2500	0	40	249	1005	67	24	19	0	0	0	0	0	0	0	0	0	0	0	0	19378784	
622	1	D	12	N	2500	0	40	383	811	34	20	20	0	0	0	0	0	0	0	0	0	0	0	0	19378815	
623	1	D	12	N	2500	0	40	378	882	33	15	14	0	0	0	0	0	0	0	0	0	0	0	0	19378956	
624	1	D	12	N	2500	0	40	22	23	0	0	0	0	0	0	0	0	0	0	0	0	0	0	0	19379096	
625	1	D	12	N	2500	0	40	367	873	40	18	14	0	0	0	0	0	0	0	0	0	0	0	0	19379112	
626	1	D	12	N	2500	0	40	388	994	48	21	17	0	0	0	0	0	0	0	0	0	0	0	0	19379330	
627	1	D	12	N	2500	0	40	368	875	37	18	16	0	0	0	0	0	0	0	0	0	0	0	0	19379534	
628	1	D	12	N	2500	0	40	286	555	18	9	9	0	0	0	0	0	0	0	0	0	0	0	0	19379784	
629	1	D	12	N	2500	0	40	343	755	27	15	10	0	0	0	0	0	0	0	0	0	0	0	0	19379830	
630	1	D	12	N	2500	0	40	357	820	37	13	13	0	0	0	0	0	0	0	0	0	0	0	0	19379986	
631	1	D	12	N	2500	0	40	28	58	3	4	6	0	0	0	0	0	0	0	0	0	0	0	0	19380033	
632	1	D	12	N	2500	0	40	468	1159	61	33	29	0	0	0	0	0	0	0	0	0	0	0	0	19380033	
633	1	E	12	N	2500	0	40	342	751	34	13	12	0	0	0	0	0	0	0	0	0	0	0	0	19387492	
634	1	E	12	N	2500	0	40	60	58	4	5	7	0	0	0	0	0	0	0	0	0	0	0	0	19387508	
635	1	E	12	N	2500	0	40	75	234	35	4	3	0	0	0	0	0	0	0	0	0	0	0	0	19387570	
636	1	E	12	N	2500	0	40	54	188	19	3	2	0	0	0	0	0	0	0	0	0	0	0	0	19387788	
637	1	E	12	N	2500	0	40	361	956	44	18	14	0	0	0	0	0	0	0	0	0	0	0	0	19387866	
638	1	E	12	N	2500	0	40	317	1109	60	29	22	0	0	0	0	0	0	0	0	0	0	0	0	19388007	
639	1	E	12	N	2500	0	40	29	33	1	0	1	0	0	0	0	0	0	0	0	0	0	0	0	19388132	
640	1	E	12	N	2500	0	40	351	870	39	19	15	0	0	0	0	0	0	0	0	0	0	0	0	19388178	
641	1	E	12	N	2500	0	40	344	799	30	15	13	0	0	0	0	0	0	0	0	0	0	0	0	19388210	
642	1	E	12	N	2500	0	40	379	1052	52	20	18	0	0	0	0	0	0	0	0	0	0	0	0	19388241	
643	1	E	12	N	2500	0	40	84	154	15	4	2	0	0	0	0	0	0	0	0	0	0	0	0	19388397	
644	1	E	12	N	2500	0	40	386	1060	51	24	16	0	0	0	0	0	0	0	0	0	0	0	0	19388553	
645	1	E	12	N	2500	0	40	88	145	11	2	2	0	0	0	0	0	0	0	0	0	0	0	0	19388615	
646	1	E	12	N	2500	0	40	403	964	49	19	15	0	0	0	0	0	0	0	0	0	0	0	0	19388615	
647	1	E	12	N	2500	0	40	117	363	40	8	6	0	0	0	0	0	0	0	0	0	0	0	0	19388927	
648	1	E	12	N	2500	0	40	441	1110	60	28	25	0	0	0	0	0	0	0	0	0	0	0	0	19389006	
649	1	E	12	N	2500	0	40	348	654	26	12	11	0	0	0	0	0	0	0	0	0	0	0	0	19389037	
650	1	E	12	N	2500	0	40	356	864	37	21	17	0	0	0	0	0	0	0	0	0	0	0	0	19389225	
651	1	E	12	N	2500	0	40	605	1319	110	29	24	0	0	0	0	0	0	0	0	0	0	0	0	19389256	
652	1	E	12	N	2500	0	40	373	825	41	18	13	0	0	0	0	0	0	0	0	0	0	0	0	19389303	
653	1	E	12	N	2500	0	40	598	1719	71	32	23	0	0	0	0	0	0	0	0	0	0	0	0	19389334	
654	1	E	12	N	2500	0	40	48	62	5	0	1	0	0	0	0	0	0	0	0	0	0	0	0	19389443	
655	1	E	12	N	2500	0	40	60	236	36	5	3	0	0	0	0	0	0	0	0	0	0	0	0	19389443	
656	1	E	12	N	2500	0	40	70	174	30	4	2	0	0	0	0	0	0	0	0	0	0	0	0	19389443	
657	1	E	12	N	2500	0	40	237	242	16	13	12	0	0	0	0	0	0	0	0	0	0	0	0	19389537	
658	1	E	12	N	2500	0	40	389	934	48	20	15	0	0	0	0	0	0	0	0	0	0	0	0	19389583	
659	1	E	12	N	2500	0	40	81	94	3	2	3	0	0	0	0	0	0	0	0	0	0	0	0	19389661	
660	1	E	12	N	2500	0	40	387	1063	56	22	20	0	0	0	0	0	0	0	0	0	0	0	0	19389661	
661	1	E	12	N	2500	0	40	83	241	33	6	4	0	0	0	0	0	0	0	0	0	0	0	0	19389771	
662	1	E	12	N	2500	0	40	32	45	3	1	0	0	0	0	0	0	0	0	0	0	0	0	0	19389771	
663	1	E	12	N	2500	0	40	408	1078	47	22	17	0	0	0	0	0	0	0	0	0	0	0	0	19390051	
664	1	E	12	N	2500	0	40	392	780	33	17	17	0	0	0	0	0	0	0	0	0	0	0	0	19390582	
665	1	E	12	N	2500	0	40	304	974	74	26	20	0	0	0	0	0	0	0	0	0	0	0	0	19390660	
666	1	E	12	N	2500	0	40	261	806	41	18	14	0	0	0	0	0	0	0	0	0	0	0	0	19390816	
667	1	E	12	N	2500	0	40	340	747	31	15	16	0	0	0	0	0	0	0	0	0	0	0	0	19390956	
668	1	E	12	N	2500	0	40	359	850	43	19	16	0	0	0	0	0	0	0	0	0	0	0	0	19391206	
669	1	E	12	N	2500	0	40	21	30	2	1	3	0	0	0	0	0	0	0	0	0	0	0	0	19391346	
670	1	E	12	N	2500	0	40	290	771	25	16	12	0	0	0	0	0	0	0	0	0	0	0	0	19391409	
671	1	E	12	N	2500	0	40	360	837	42	16	15	0	0	0	0	0	0	0	0	0	0	0	0	19391487	
672	1	E	12	N	2500	0	40	110	533	62	66	69	0	0	0	0	0	0	0	0	0	0	0	0	19391519	
673	1	E	12	N	2500	0	40	326	1024	61	30	28	0	0	0	0	0	0	0	0	0	0	0	0	19391737	
674	1	E	12	N	2500	0	40	284	517	17	8	8	0	0	0	0	0	0	0	0	0	0	0	0	19391768	
675	1	E	12	N	2500	0	40	468	1233	71	34	30	0	0	0	0	0	0	0	0	0	0	0	0	19391846	
676	1	E	12	N	2500	0	40	384	1003	52	21	18	0	0	0	0	0	0	0	0	0	0	0	0	19391940	
677	1	E	12	N	2500	0	40	25	43	6	6	5	0	0	0	0	0	0	0	0	0	0	0	0	19392112	
678	1	E	12	N	2500	0	40	21	29	3	4	3	0	0	0	0	0	0	0	0	0	0	0	0	19392112	
679	1	E	12	N	2500	0	40	37	33	1	2	1	0	0	0	0	0	0	0	0	0	0	0	0	19392283	
680	1	E	12	N	2500	0	40	59	71	5	6	7	0	0	0	0	0	0	0	0	0	0	0	0	19392283	
681	1	E	12	N	2500	0	40	485	1349	59	29	19	0	0	0	0	0	0	0	0	0	0	0	0	19392283	
682	1	E	12	N	2500	0	40	332	703	28	13	12	0	0	0	0	0	0	0	0	0	0	0	0	19392361	
683	1	E	12	N	2500	0	40	230	374	10	4	5	0	0	0	0	0	0	0	0	0	0	0	0	19392455	
684	1	E	12	N	2500	0	40	27	39	2	2	2	0	0	0	0	0	0	0	0	0	0	0	0	19392548	
685	1	E	12	N	2500	0	40	275	538	20	9	7	0	0	0	0	0	0	0	0	0	0	0	0	19392564	
686	1	E	12	N	2500	0	40	337	700	26	13	10	0	0	0	0	0	0	0	0	0	0	0	0	19392814	
687	1	E	12	N	2500	0	40	568	1314	68	29	25	0	0	0	0	0	0	0	0	0	0	0	0	19392829	
688	1	E	12	N	2500	0	40	79	88	1	1	2	0	0	0	0	0	0	0	0	0	0	0	0	19392923	
689	1	E	12	N	2500	0	40	30	36	1	1	0	0	0	0	0	0	0	0	0	0	0	0	0	19393016	
690	1	E	12	N	2500	0	40	323	628	21	12	12	0	0	0	0	0	0	0	0	0	0	0	0	19393110	
691	1	E	12	N	2500	0	40	346	732	26	11	12	0	0	0	0	0	0	0	0	0	0	0	0	19393126	
692	1	E	12	N	2500	0	40	395	973	51	19	15	0	0	0	0	0	0	0	0	0	0	0	0	19393250	
693	1	E	12	N	2500	0	40	389	848	43	17	12	0	0	0	0	0	0	0	0	0	0	0	0	19393422	
694	1	E	12	N	2500	0	40	320	635	21	10	8	0	0	0	0	0	0	0	0	0	0	0	0	19393594	
695	1	E	12	N	2500	0	40	345	962	38	18	16	0	0	0	0	0	0	0	0	0	0	0	0	19393609	
696	1	E	12	N	2500	0	40	26	45	1	0	0	0	0	0	0	0	0	0	0	0	0	0	0	19393640	
697	1	E	12	N	2500	0	40	20	29	1	2	1	0	0	0	0	0	0	0	0	0	0	0	0	19393640	
698	1	E	12	N	2500	0	40	360	705	22	13	13	0	0	0	0	0	0	0	0	0	0	0	0	19393656	
699	1	E	12	N	2500	0	40	517	1276	49	22	16	0	0	0	0	0	0	0	0	0	0	0	0	19393781	
700	1	E	12	N	2500	0	40	333	652	28	12	10	0	0	0	0	0	0	0	0	0	0	0	0	19393796	
701	1	E	12	N	2500	0	40	23	38	1	0	0	0	0	0	0	0	0	0	0	0	0	0	0	19394124	
702	1	E	12	N	2500	0	40	22	27	1	1	1	0	0	0	0	0	0	0	0	0	0	0	0	19394358	
703	1	E	12	N	2500	0	40	378	925	47	19	13	0	0	0	0	0	0	0	0	0	0	0	0	19394499	
704	1	E	12	N	2500	0	40	335	708	25	11	9	0	0	0	0	0	0	0	0	0	0	0	0	19394577	
705	1	E	12	N	2500	0	40	351	731	32	13	11	0	0	0	0	0	0	0	0	0	0	0	0	19394952	
706	1	F	12	N	2500	0	40	26	46	2	3	2	0	0	0	0	0	0	0	0	0	0	0	0	19402113	
707	1	F	12	N	2500	0	40	67	221	32	9	5	0	0	0	0	0	0	0	0	0	0	0	0	19402285	
708	1	F	12	N	2500	0	40	386	1051	45	19	15	0	0	0	0	0	0	0	0	0	0	0	0	19402316	
709	1	F	12	N	2500	0	40	29	74	8	0	0	0	0	0	0	0	0	0	0	0	0	0	0	19402659	
710	1	F	12	N	2500	0	40	259	760	35	16	12	0	0	0	0	0	0	0	0	0	0	0	0	19402800	
711	1	F	12	N	2500	0	40	332	694	28	13	12	0	0	0	0	0	0	0	0	0	0	0	0	19402878	
712	1	F	12	N	2500	0	40	529	1122	52	27	20	0	0	0	0	0	0	0	0	0	0	0	0	19403002	
713	1	F	12	N	2500	0	40	339	724	28	17	15	0	0	0	0	0	0	0	0	0	0	0	0	19403190	
714	1	F	12	N	2500	0	40	547	1327	59	32	25	0	0	0	0	0	0	0	0	0	0	0	0	19403236	
715	1	F	12	N	2500	0	40	130	413	91	9	6	0	0	0	0	0	0	0	0	0	0	0	0	19403581	
716	1	F	12	N	2500	0	40	63	128	38	1	0	0	0	0	0	0	0	0	0	0	0	0	0	19403627	
717	1	F	12	N	2500	0	40	474	930	59	22	17	0	0	0	0	0	0	0	0	0	0	0	0	19403659	
718	1	F	12	N	2500	0	40	23	40	2	2	2	0	0	0	0	0	0	0	0	0	0	0	0	19403674	
719	1	F	12	N	2500	0	40	391	1081	54	24	15	0	0	0	0	0	0	0	0	0	0	0	0	19403705	
720	1	F	12	N	2500	0	40	274	947	54	26	22	0	0	0	0	0	0	0	0	0	0	0	0	19403799	
721	1	F	12	N	2500	0	40	20	22	0	1	0	0	0	0	0	0	0	0	0	0	0	0	0	19403971	
722	1	F	12	N	2500	0	40	352	1007	45	23	16	0	0	0	0	0	0	0	0	0	0	0	0	19403986	
723	1	F	12	N	2500	0	40	58	126	15	1	2	0	0	0	0	0	0	0	0	0	0	0	0	19404049	
724	1	F	12	N	2500	0	40	30	46	4	1	0	0	0	0	0	0	0	0	0	0	0	0	0	19404205	
725	1	F	12	N	2500	0	40	409	1013	48	20	14	0	0	0	0	0	0	0	0	0	0	0	0	19404220	
726	1	F	12	N	2500	0	40	32	39	0	0	1	0	0	0	0	0	0	0	0	0	0	0	0	19404314	
727	1	F	12	N	2500	0	40	355	853	43	19	14	0	0	0	0	0	0	0	0	0	0	0	0	19404439	
728	1	F	12	N	2500	0	40	113	226	19	4	3	0	0	0	0	0	0	0	0	0	0	0	0	19404673	
729	1	F	12	N	2500	0	40	365	777	37	15	9	0	0	0	0	0	0	0	0	0	0	0	0	19404844	
730	1	F	12	N	2500	0	40	26	39	2	2	2	0	0	0	0	0	0	0	0	0	0	0	0	19405031	
731	1	F	12	N	2500	0	40	281	503	15	8	6	0	0	0	0	0	0	0	0	0	0	0	0	19405047	
732	1	F	12	N	2500	0	40	34	65	3	4	5	0	0	0	0	0	0	0	0	0	0	0	0	19405047	
733	1	F	12	N	2500	0	40	292	541	18	8	9	0	0	0	0	0	0	0	0	0	0	0	0	19405687	
734	1	F	12	N	2500	0	40	20	26	2	2	2	0	0	0	0	0	0	0	0	0	0	0	0	19405718	
735	1	F	12	N	2500	0	40	253	445	15	6	6	0	0	0	0	0	0	0	0	0	0	0	0	19406030	
736	1	F	12	N	2500	0	40	248	994	57	22	17	0	0	0	0	0	0	0	0	0	0	0	0	19406045	
737	1	F	12	N	2500	0	40	562	1389	60	29	25	0	0	0	0	0	0	0	0	0	0	0	0	19406123	
738	1	F	12	N	2500	0	40	334	794	32	15	12	0	0	0	0	0	0	0	0	0	0	0	0	19406201	
739	1	F	12	N	2500	0	40	424	1153	56	33	21	0	0	0	0	0	0	0	0	0	0	0	0	19406201	
740	1	F	12	N	2500	0	40	36	77	7	5	6	0	0	0	0	0	0	0	0	0	0	0	0	19406248	
741	1	F	12	N	2500	0	40	25	39	2	2	1	0	0	0	0	0	0	0	0	0	0	0	0	19406248	
742	1	F	12	N	2500	0	40	331	718	29	14	8	0	0	0	0	0	0	0	0	0	0	0	0	19406373	
743	1	F	12	N	2500	0	40	336	704	29	13	11	0	0	0	0	0	0	0	0	0	0	0	0	19406655	
744	1	F	12	N	2500	0	40	351	903	43	18	14	0	0	0	0	0	0	0	0	0	0	0	0	19406733	
745	1	F	12	N	2500	0	40	34	31	2	2	2	0	0	0	0	0	0	0	0	0	0	0	0	19406733	
746	1	F	12	N	2500	0	40	360	850	46	21	20	0	0	0	0	0	0	0	0	0	0	0	0	19406733	
747	1	F	12	N	2500	0	40	34	45	2	1	0	0	0	0	0	0	0	0	0	0	0	0	0	19406733	
748	1	F	12	N	2500	0	40	352	789	34	15	11	0	0	0	0	0	0	0	0	0	0	0	0	19406780	
749	1	F	12	N	2500	0	40	39	68	2	1	2	0	0	0	0	0	0	0	0	0	0	0	0	19407014	
750	1	F	12	N	2500	0	40	324	692	29	14	10	0	0	0	0	0	0	0	0	0	0	0	0	19407435	
751	1	F	12	N	2500	0	40	121	382	57	9	8	0	0	0	0	0	0	0	0	0	0	0	0	19407778	
752	1	F	12	N	2500	0	40	24	43	1	1	0	0	0	0	0	0	0	0	0	0	0	0	0	19407887	
753	1	F	12	N	2500	0	40	23	39	3	3	2	0	0	0	0	0	0	0	0	0	0	0	0	19408028	
754	1	F	12	N	2500	0	40	26	53	11	13	13	0	0	0	0	0	0	0	0	0	0	0	0	19408106	
755	1	F	12	N	2500	0	40	343	739	31	14	15	0	0	0	0	0	0	0	0	0	0	0	0	19408106	
756	1	F	12	N	2500	0	40	350	855	41	17	14	0	0	0	0	0	0	0	0	0	0	0	0	19408215	
757	1	F	12	N	2500	0	40	458	1322	112	36	25	0	0	0	0	0	0	0	0	0	0	0	0	19408293	
758	1	F	12	N	2500	0	40	44	50	7	2	0	0	0	0	0	0	0	0	0	0	0	0	0	19408308	
759	1	F	12	N	2500	0	40	247	867	51	22	17	0	0	0	0	0	0	0	0	0	0	0	0	19408418	
760	1	F	12	N	2500	0	40	27	30	1	0	0	0	0	0	0	0	0	0	0	0	0	0	0	19408496	
761	1	F	12	N	2500	0	40	320	774	35	15	10	0	0	0	0	0	0	0	0	0	0	0	0	19408558	
762	1	F	12	N	2500	0	40	369	837	41	19	15	0	0	0	0	0	0	0	0	0	0	0	0	19408979	
763	1	F	12	N	2500	0	40	80	387	49	58	61	0	0	0	0	0	0	0	0	0	0	0	0	19409166	
764	1	F	12	N	2500	0	40	622	1735	77	38	30	0	0	0	0	0	0	0	0	0	0	0	0	19409432	
765	1	F	12	N	2500	0	40	482	1531	85	38	30	0	0	0	0	0	0	0	0	0	0	0	0	19409619	
766	1	F	12	N	2500	0	40	273	512	18	8	9	0	0	0	0	0	0	0	0	0	0	0	0	19409634	
767	1	G	12	N	2500	0	40	188	612	24	12	9	0	0	0	0	0	0	0	0	0	0	0	0	19417000	
768	1	G	12	N	2500	0	40	24	51	5	0	0	0	0	0	0	0	0	0	0	0	0	0	0	19417124	
769	1	G	12	N	2500	0	40	368	822	37	17	11	0	0	0	0	0	0	0	0	0	0	0	0	19417156	
770	1	G	12	N	2500	0	40	64	381	63	63	61	0	0	0	0	0	0	0	0	0	0	0	0	19417249	
771	1	G	12	N	2500	0	40	31	89	11	0	0	0	0	0	0	0	0	0	0	0	0	0	0	19417390	
772	1	G	12	N	2500	0	40	339	816	34	15	11	0	0	0	0	0	0	0	0	0	0	0	0	19417436	
773	1	G	12	N	2500	0	40	22	35	1	1	1	0	0	0	0	0	0	0	0	0	0	0	0	19417436	
774	1	G	12	N	2500	0	40	435	1158	74	23	21	0	0	0	0	0	0	0	0	0	0	0	0	19417546	
775	1	G	12	N	2500	0	40	369	880	44	16	14	0	0	0	0	0	0	0	0	0	0	0	0	19417624	
776	1	G	12	N	2500	0	40	313	595	21	12	12	0	0	0	0	0	0	0	0	0	0	0	0	19417998	
777	1	G	12	N	2500	0	40	53	186	42	4	3	0	0	0	0	0	0	0	0	0	0	0	0	19418170	
778	1	G	12	N	2500	0	40	102	362	70	8	7	0	0	0	0	0	0	0	0	0	0	0	0	19418170	
779	1	G	12	N	2500	0	40	82	340	63	13	10	0	0	0	0	0	0	0	0	0	0	0	0	19418170	
780	1	G	12	N	2500	0	40	355	951	45	20	17	0	0	0	0	0	0	0	0	0	0	0	0	19418263	
781	1	G	12	N	2500	0	40	342	921	41	26	23	0	0	0	0	0	0	0	0	0	0	0	0	19418450	
782	1	G	12	N	2500	0	40	44	177	15	0	1	0	0	0	0	0	0	0	0	0	0	0	0	19418717	
783	1	G	12	N	2500	0	40	372	782	37	14	14	0	0	0	0	0	0	0	0	0	0	0	0	19418826	
784	1	G	12	N	2500	0	40	73	174	32	4	3	0	0	0	0	0	0	0	0	0	0	0	0	19418888	
785	1	G	12	N	2500	0	40	377	831	39	17	13	0	0	0	0	0	0	0	0	0	0	0	0	19418982	
786	1	G	12	N	2500	0	40	384	945	40	18	16	0	0	0	0	0	0	0	0	0	0	0	0	19418997	
787	1	G	12	N	2500	0	40	359	807	31	20	18	0	0	0	0	0	0	0	0	0	0	0	0	19419216	
788	1	G	12	N	2500	0	40	289	851	39	18	14	0	0	0	0	0	0	0	0	0	0	0	0	19419278	
789	1	G	12	N	2500	0	40	45	83	7	7	6	0	0	0	0	0	0	0	0	0	0	0	0	19419309	
790	1	G	12	N	2500	0	40	332	759	36	16	15	0	0	0	0	0	0	0	0	0	0	0	0	19419387	
791	1	G	12	N	2500	0	40	449	828	43	17	15	0	0	0	0	0	0	0	0	0	0	0	0	19419575	
792	1	G	12	N	2500	0	40	388	823	44	21	22	0	0	0	0	0	0	0	0	0	0	0	0	19419731	
793	1	G	12	N	2500	0	40	329	715	32	13	11	0	0	0	0	0	0	0	0	0	0	0	0	19419793	
794	1	G	12	N	2500	0	40	61	325	34	1	1	0	0	0	0	0	0	0	0	0	0	0	0	19419855	
795	1	G	12	N	2500	0	40	336	822	37	17	14	0	0	0	0	0	0	0	0	0	0	0	0	19420011	
796	1	G	12	N	2500	0	40	121	142	3	1	1	0	0	0	0	0	0	0	0	0	0	0	0	19420105	
797	1	G	12	N	2500	0	40	285	1251	63	30	21	0	0	0	0	0	0	0	0	0	0	0	0	19420183	
798	1	G	12	N	2500	0	40	280	525	18	8	8	0	0	0	0	0	0	0	0	0	0	0	0	19420214	
799	1	G	12	N	2500	0	40	20	35	4	4	4	0	0	0	0	0	0	0	0	0	0	0	0	19420355	
800	1	G	12	N	2500	0	40	328	726	28	13	11	0	0	0	0	0	0	0	0	0	0	0	0	19420370	
801	1	G	12	N	2500	0	40	401	1181	73	26	22	0	0	0	0	0	0	0	0	0	0	0	0	19420479	
802	1	G	12	N	2500	0	40	324	913	59	28	24	0	0	0	0	0	0	0	0	0	0	0	0	19420807	
803	1	G	12	N	2500	0	40	391	971	48	23	18	0	0	0	0	0	0	0	0	0	0	0	0	19420807	
804	1	G	12	N	2500	0	40	340	828	37	15	15	0	0	0	0	0	0	0	0	0	0	0	0	19420838	
805	1	G	12	N	2500	0	40	29	63	2	1	1	0	0	0	0	0	0	0	0	0	0	0	0	19420854	
806	1	G	12	N	2500	0	40	33	55	15	17	16	0	0	0	0	0	0	0	0	0	0	0	0	19420854	
807	1	G	12	N	2500	0	40	253	404	11	4	5	0	0	0	0	0	0	0	0	0	0	0	0	19420979	
808	1	G	12	N	2500	0	40	479	958	47	24	22	0	0	0	0	0	0	0	0	0	0	0	0	19421072	
809	1	G	12	N	2500	0	40	381	875	45	18	17	0	0	0	0	0	0	0	0	0	0	0	0	19421119	
810	1	G	12	N	2500	0	40	284	594	27	9	9	0	0	0	0	0	0	0	0	0	0	0	0	19421228	
811	1	G	12	N	2500	0	40	358	864	33	16	11	0	0	0	0	0	0	0	0	0	0	0	0	19421275	
812	1	G	12	N	2500	0	40	374	1137	68	29	27	0	0	0	0	0	0	0	0	0	0	0	0	19421291	
813	1	G	12	N	2500	0	40	367	793	40	20	15	0	0	0	0	0	0	0	0	0	0	0	0	19421353	
814	1	G	12	N	2500	0	40	391	843	43	16	13	0	0	0	0	0	0	0	0	0	0	0	0	19421462	
815	1	G	12	N	2500	0	40	334	756	33	14	13	0	0	0	0	0	0	0	0	0	0	0	0	19421603	
816	1	G	12	N	2500	0	40	348	792	36	17	13	0	0	0	0	0	0	0	0	0	0	0	0	19421696	
817	1	G	12	N	2500	0	40	515	1199	85	27	21	0	0	0	0	0	0	0	0	0	0	0	0	19421712	
818	1	G	12	N	2500	0	40	361	863	39	17	15	0	0	0	0	0	0	0	0	0	0	0	0	19421805	
819	1	G	12	N	2500	0	40	347	796	34	15	10	0	0	0	0	0	0	0	0	0	0	0	0	19421993	
820	1	G	12	N	2500	0	40	359	879	35	15	15	0	0	0	0	0	0	0	0	0	0	0	0	19421993	
821	1	G	12	N	2500	0	40	447	1169	74	26	24	0	0	0	0	0	0	0	0	0	0	0	0	19421993	
822	1	G	12	N	2500	0	40	272	616	29	14	12	0	0	0	0	0	0	0	0	0	0	0	0	19422024	
823	1	G	12	N	2500	0	40	29	27	2	0	0	0	0	0	0	0	0	0	0	0	0	0	0	19422071	
824	1	G	12	N	2500	0	40	329	918	54	22	17	0	0	0	0	0	0	0	0	0	0	0	0	19422133	
825	1	G	12	N	2500	0	40	335	783	32	14	11	0	0	0	0	0	0	0	0	0	0	0	0	19422164	
826	1	G	12	N	2500	0	40	412	1194	63	24	22	0	0	0	0	0	0	0	0	0	0	0	0	19422164	
827	1	G	12	N	2500	0	40	270	1031	64	25	20	0	0	0	0	0	0	0	0	0	0	0	0	19422242	
828	1	G	12	N	2500	0	40	430	1099	49	23	17	0	0	0	0	0	0	0	0	0	0	0	0	19422367	
829	1	G	12	N	2500	0	40	24	24	2	2	1	0	0	0	0	0	0	0	0	0	0	0	0	19422835	
830	1	G	12	N	2500	0	40	435	970	42	19	16	0	0	0	0	0	0	0	0	0	0	0	0	19422835	
831	1	G	12	N	2500	0	40	20	34	4	0	0	0	0	0	0	0	0	0	0	0	0	0	0	19423038	
832	1	G	12	N	2500	0	40	369	922	37	18	17	0	0	0	0	0	0	0	0	0	0	0	0	19423131	
833	1	G	12	N	2500	0	40	489	1158	54	27	20	0	0	0	0	0	0	0	0	0	0	0	0	19423163	
834	1	G	12	N	2500	0	40	25	40	2	2	0	0	0	0	0	0	0	0	0	0	0	0	0	19423553	
835	1	G	12	N	2500	0	40	339	763	30	15	11	0	0	0	0	0	0	0	0	0	0	0	0	19423818	
836	1	G	12	N	2500	0	40	298	1163	85	40	30	0	0	0	0	0	0	0	0	0	0	0	0	19423896	
837	1	G	12	N	2500	0	40	363	888	50	19	14	0	0	0	0	0	0	0	0	0	0	0	0	19423974	
838	1	G	12	N	2500	0	40	26	48	2	1	1	0	0	0	0	0	0	0	0	0	0	0	0	19424083	
839	1	G	12	N	2500	0	40	54	195	25	31	47	0	0	0	0	0	0	0	0	0	0	0	0	19424192	
840	1	G	12	N	2500	0	40	414	923	45	19	17	0	0	0	0	0	0	0	0	0	0	0	0	19424208	
841	1	G	12	N	2500	0	40	65	129	14	5	3	0	0	0	0	0	0	0	0	0	0	0	0	19424270	
842	1	H	12	N	2500	0	40	56	80	6	2	3	0	0	0	0	0	0	0	0	0	0	0	0	19431558	
843	1	H	12	N	2500	0	40	39	41	2	0	0	0	0	0	0	0	0	0	0	0	0	0	0	19431558	
844	1	H	12	N	2500	0	40	156	151	9	5	6	0	0	0	0	0	0	0	0	0	0	0	0	19431558	
845	1	H	12	N	2500	0	40	88	133	5	5	5	0	0	0	0	0	0	0	0	0	0	0	0	19431558	
846	1	H	12	N	2500	0	40	285	300	18	9	13	0	0	0	0	0	0	0	0	0	0	0	0	19431558	
847	1	H	12	N	2500	0	40	257	1925	305	3	4	0	0	0	0	0	0	0	0	0	0	0	0	19431652	
848	1	H	12	N	2500	0	40	428	936	57	22	17	0	0	0	0	0	0	0	0	0	0	0	0	19431839	
849	1	H	12	N	2500	0	40	77	508	49	0	0	0	0	0	0	0	0	0	0	0	0	0	0	19431855	
850	1	H	12	N	2500	0	40	270	721	10	34	999	0	0	0	0	0	0	0	0	0	0	0	0	19431870	
851	1	H	12	N	2500	0	40	1186	2677	136	114	4066	0	0	0	0	0	0	0	0	0	0	0	0	19431870	
852	1	H	12	N	2500	0	40	1547	1949	97	21	1531	0	0	0	0	0	0	0	0	0	0	0	0	19431870	
853	1	H	12	N	2500	0	40	231	326	15	8	9	0	0	0	0	0	0	0	0	0	0	0	0	19432494	
854	1	H	12	N	2500	0	40	39	40	0	0	1	0	0	0	0	0	0	0	0	0	0	0	0	19432494	
855	1	H	12	N	2500	0	40	465	1354	74	38	34	0	0	0	0	0	0	0	0	0	0	0	0	19432869	
856	1	H	12	N	2500	0	40	22	35	3	4	4	0	0	0	0	0	0	0	0	0	0	0	0	19433867	
857	1	H	12	N	2500	0	40	57	150	27	2	1	0	0	0	0	0	0	0	0	0	0	0	0	19433930	
858	1	H	12	N	2500	0	40	31	29	3	0	0	0	0	0	0	0	0	0	0	0	0	0	0	19434538	
859	1	H	12	N	2500	0	40	368	1019	46	19	14	0	0	0	0	0	0	0	0	0	0	0	0	19436145	
860	1	H	12	N	2500	0	40	24	49	5	0	0	0	0	0	0	0	0	0	0	0	0	0	0	19436786	
861	1	H	12	N	2500	0	40	56	106	8	1	2	0	0	0	0	0	0	0	0	0	0	0	0	19438283	
862	1	H	12	N	2500	0	40	39	96	7	2	2	0	0	0	0	0	0	0	0	0	0	0	0	19438439	


Threshold source: EXT,  value 50
Min TOF = 20
EXT signal gain 2.0
Green signal gain 3.0
Yellow signal gain 3.0
Red signal gain 3.0
Green PMT voltage 600
Yellow PMT voltage 600
Red PMT voltage 700
Signal multipliers: 5.0,5.0,5.0,5.0
C:\Users\unionbio\Desktop\COPAS Templates\USE for analysis_columns.csv