Id	Plate	Row	Column	Clog	Scan rate	Status sort	Status sel	TOF	EXT	Green	Yellow	Red	PH Ext	PW Ext	PC Ext	PH Green	PW Green	PCGreen	PH Yellow	PW Yellow	PCYellow	PH Red	PW Red	PCRed	Time Stamp	
0	1	A	1	N	2500	0	40	25	30	4	4	4	0	0	0	0	0	0	0	0	0	0	0	0	7505569	
1	1	A	1	N	2500	0	40	31	67	4	5	5	0	0	0	0	0	0	0	0	0	0	0	0	7505679	
2	1	A	1	N	2500	0	40	45	52	1	2	2	0	0	0	0	0	0	0	0	0	0	0	0	7505741	
3	1	A	1	N	2500	0	40	20	40	2	1	2	0	0	0	0	0	0	0	0	0	0	0	0	7505772	
4	1	A	1	N	2500	0	40	21	29	1	1	2	0	0	0	0	0	0	0	0	0	0	0	0	7505819	
5	1	A	1	N	2500	0	40	45	153	0	0	0	0	0	0	0	0	0	0	0	0	0	0	0	7506287	
6	1	A	1	N	2500	0	40	250	1268	71	28	24	0	0	0	0	0	0	0	0	0	0	0	0	7506318	
7	1	A	1	N	2500	0	40	305	1150	63	27	20	0	0	0	0	0	0	0	0	0	0	0	0	7506490	
8	1	A	1	N	2500	0	40	488	1683	118	36	29	0	0	0	0	0	0	0	0	0	0	0	0	7506630	
9	1	A	1	N	2500	0	40	31	47	2	2	2	0	0	0	0	0	0	0	0	0	0	0	0	7506739	
10	1	A	1	N	2500	0	40	391	1167	61	22	19	0	0	0	0	0	0	0	0	0	0	0	0	7507395	
11	1	A	1	N	2500	0	40	407	1257	75	28	22	0	0	0	0	0	0	0	0	0	0	0	0	7507551	
12	1	A	1	N	2500	0	40	243	714	44	20	17	0	0	0	0	0	0	0	0	0	0	0	0	7507613	
13	1	A	1	N	2500	0	40	22	28	1	1	1	0	0	0	0	0	0	0	0	0	0	0	0	7507629	
14	1	A	1	N	2500	0	40	25	44	1	1	1	0	0	0	0	0	0	0	0	0	0	0	0	7507925	
15	1	A	1	N	2500	0	40	320	1010	61	23	20	0	0	0	0	0	0	0	0	0	0	0	0	7508143	
16	1	A	1	N	2500	0	40	181	784	30	15	11	0	0	0	0	0	0	0	0	0	0	0	0	7508424	
17	1	A	1	N	2500	0	40	211	998	62	24	19	0	0	0	0	0	0	0	0	0	0	0	0	7508658	
18	1	A	1	N	2500	0	40	231	827	41	19	15	0	0	0	0	0	0	0	0	0	0	0	0	7508783	
19	1	A	1	N	2500	0	40	385	1225	59	27	23	0	0	0	0	0	0	0	0	0	0	0	0	7509267	
20	1	A	1	N	2500	0	40	211	895	42	22	20	0	0	0	0	0	0	0	0	0	0	0	0	7509407	
21	1	A	1	N	2500	0	40	171	565	19	11	8	0	0	0	0	0	0	0	0	0	0	0	0	7509516	
22	1	A	1	N	2500	0	40	337	1109	62	25	17	0	0	0	0	0	0	0	0	0	0	0	0	7509828	
23	1	A	1	N	2500	0	40	71	89	4	2	2	0	0	0	0	0	0	0	0	0	0	0	0	7509984	
24	1	A	1	N	2500	0	40	293	1003	50	24	19	0	0	0	0	0	0	0	0	0	0	0	0	7509984	
25	1	A	1	N	2500	0	40	273	1025	48	22	18	0	0	0	0	0	0	0	0	0	0	0	0	7510000	
26	1	A	1	N	2500	0	40	41	65	3	3	3	0	0	0	0	0	0	0	0	0	0	0	0	7510015	
27	1	A	1	N	2500	0	40	49	51	2	1	1	0	0	0	0	0	0	0	0	0	0	0	0	7510327	
28	1	A	1	N	2500	0	40	268	1361	91	31	25	0	0	0	0	0	0	0	0	0	0	0	0	7510437	
29	1	A	1	N	2500	0	40	224	778	57	23	17	0	0	0	0	0	0	0	0	0	0	0	0	7510499	
30	1	A	1	N	2500	0	40	231	994	61	24	16	0	0	0	0	0	0	0	0	0	0	0	0	7510733	
31	1	A	1	N	2500	0	40	319	990	55	22	20	0	0	0	0	0	0	0	0	0	0	0	0	7510905	
32	1	A	1	N	2500	0	40	288	1090	61	23	19	0	0	0	0	0	0	0	0	0	0	0	0	7511014	
33	1	A	1	N	2500	0	40	204	849	49	20	15	0	0	0	0	0	0	0	0	0	0	0	0	7511092	
34	1	A	1	N	2500	0	40	27	52	2	2	2	0	0	0	0	0	0	0	0	0	0	0	0	7511092	
35	1	A	1	N	2500	0	40	318	998	61	29	22	0	0	0	0	0	0	0	0	0	0	0	0	7511482	
36	1	A	1	N	2500	0	40	374	1196	71	26	21	0	0	0	0	0	0	0	0	0	0	0	0	7511497	
37	1	A	1	N	2500	0	40	307	1102	63	29	22	0	0	0	0	0	0	0	0	0	0	0	0	7511529	
38	1	A	1	N	2500	0	40	441	1438	90	34	27	0	0	0	0	0	0	0	0	0	0	0	0	7511544	
39	1	A	1	N	2500	0	40	333	1092	56	25	21	0	0	0	0	0	0	0	0	0	0	0	0	7511919	
40	1	A	1	N	2500	0	40	442	1262	82	26	19	0	0	0	0	0	0	0	0	0	0	0	0	7512012	
41	1	A	1	N	2500	0	40	37	95	10	7	8	0	0	0	0	0	0	0	0	0	0	0	0	7512012	
42	1	A	1	N	2500	0	40	329	923	41	18	15	0	0	0	0	0	0	0	0	0	0	0	0	7512137	
43	1	A	1	N	2500	0	40	22	41	1	0	0	0	0	0	0	0	0	0	0	0	0	0	0	7512168	
44	1	A	1	N	2500	0	40	377	1431	81	31	27	0	0	0	0	0	0	0	0	0	0	0	0	7512262	
45	1	A	1	N	2500	0	40	197	898	39	17	12	0	0	0	0	0	0	0	0	0	0	0	0	7512293	
46	1	A	1	N	2500	0	40	166	376	14	6	5	0	0	0	0	0	0	0	0	0	0	0	0	7512402	
47	1	A	1	N	2500	0	40	288	879	40	19	17	0	0	0	0	0	0	0	0	0	0	0	0	7512543	
48	1	A	1	N	2500	0	40	29	53	2	2	1	0	0	0	0	0	0	0	0	0	0	0	0	7512808	
49	1	A	2	N	2500	0	40	23	41	1	1	1	0	0	0	0	0	0	0	0	0	0	0	0	7520187	
50	1	A	2	N	2500	0	40	289	1029	64	26	19	0	0	0	0	0	0	0	0	0	0	0	0	7520592	
51	1	A	2	N	2500	0	40	433	1629	93	39	31	0	0	0	0	0	0	0	0	0	0	0	0	7520748	
52	1	A	2	N	2500	0	40	28	32	2	3	4	0	0	0	0	0	0	0	0	0	0	0	0	7520826	
53	1	A	2	N	2500	0	40	290	973	58	26	22	0	0	0	0	0	0	0	0	0	0	0	0	7520842	
54	1	A	2	N	2500	0	40	30	56	2	1	1	0	0	0	0	0	0	0	0	0	0	0	0	7520920	
55	1	A	2	N	2500	0	40	23	39	0	0	0	0	0	0	0	0	0	0	0	0	0	0	0	7520951	
56	1	A	2	N	2500	0	40	334	1184	52	26	19	0	0	0	0	0	0	0	0	0	0	0	0	7521279	
57	1	A	2	N	2500	0	40	313	1245	72	31	24	0	0	0	0	0	0	0	0	0	0	0	0	7521388	
58	1	A	2	N	2500	0	40	21	30	0	0	0	0	0	0	0	0	0	0	0	0	0	0	0	7521388	
59	1	A	2	N	2500	0	40	34	57	9	12	12	0	0	0	0	0	0	0	0	0	0	0	0	7521404	
60	1	A	2	N	2500	0	40	22	27	2	2	2	0	0	0	0	0	0	0	0	0	0	0	0	7521497	
61	1	A	2	N	2500	0	40	281	964	58	24	20	0	0	0	0	0	0	0	0	0	0	0	0	7521560	
62	1	A	2	N	2500	0	40	368	964	51	26	25	0	0	0	0	0	0	0	0	0	0	0	0	7521606	
63	1	A	2	N	2500	0	40	258	1084	63	28	22	0	0	0	0	0	0	0	0	0	0	0	0	7521856	
64	1	A	2	N	2500	0	40	20	39	4	4	3	0	0	0	0	0	0	0	0	0	0	0	0	7521934	
65	1	A	2	N	2500	0	40	268	786	70	24	19	0	0	0	0	0	0	0	0	0	0	0	0	7522012	
66	1	A	2	N	2500	0	40	32	29	0	0	0	0	0	0	0	0	0	0	0	0	0	0	0	7522012	
67	1	A	2	N	2500	0	40	42	69	2	1	2	0	0	0	0	0	0	0	0	0	0	0	0	7522277	
68	1	A	2	N	2500	0	40	46	120	6	7	8	0	0	0	0	0	0	0	0	0	0	0	0	7522496	
69	1	A	2	N	2500	0	40	318	1192	66	29	24	0	0	0	0	0	0	0	0	0	0	0	0	7523400	
70	1	A	2	N	2500	0	40	300	959	55	23	18	0	0	0	0	0	0	0	0	0	0	0	0	7523541	
71	1	A	2	N	2500	0	40	287	947	54	23	17	0	0	0	0	0	0	0	0	0	0	0	0	7523603	
72	1	A	2	N	2500	0	40	296	989	62	26	22	0	0	0	0	0	0	0	0	0	0	0	0	7523837	
73	1	A	2	N	2500	0	40	153	459	17	8	7	0	0	0	0	0	0	0	0	0	0	0	0	7523837	
74	1	A	2	N	2500	0	40	313	1132	83	31	22	0	0	0	0	0	0	0	0	0	0	0	0	7523962	
75	1	A	2	N	2500	0	40	284	822	47	20	15	0	0	0	0	0	0	0	0	0	0	0	0	7524134	
76	1	A	2	N	2500	0	40	238	657	32	16	13	0	0	0	0	0	0	0	0	0	0	0	0	7524648	
77	1	A	2	N	2500	0	40	144	829	61	22	18	0	0	0	0	0	0	0	0	0	0	0	0	7524789	
78	1	A	2	N	2500	0	40	274	1049	60	23	19	0	0	0	0	0	0	0	0	0	0	0	0	7525007	
79	1	A	2	N	2500	0	40	292	1162	64	27	20	0	0	0	0	0	0	0	0	0	0	0	0	7525007	
80	1	A	2	N	2500	0	40	197	1158	79	31	23	0	0	0	0	0	0	0	0	0	0	0	0	7525272	
81	1	A	2	N	2500	0	40	223	1128	72	29	27	0	0	0	0	0	0	0	0	0	0	0	0	7525491	
82	1	A	2	N	2500	0	40	295	1030	59	22	20	0	0	0	0	0	0	0	0	0	0	0	0	7525506	
83	1	A	2	N	2500	0	40	24	29	2	2	4	0	0	0	0	0	0	0	0	0	0	0	0	7525584	
84	1	A	2	N	2500	0	40	275	827	39	18	14	0	0	0	0	0	0	0	0	0	0	0	0	7525631	
85	1	A	2	N	2500	0	40	42	97	4	4	3	0	0	0	0	0	0	0	0	0	0	0	0	7525803	
86	1	A	2	N	2500	0	40	168	696	28	15	10	0	0	0	0	0	0	0	0	0	0	0	0	7525834	
87	1	A	2	N	2500	0	40	32	31	2	2	2	0	0	0	0	0	0	0	0	0	0	0	0	7525959	
88	1	A	2	N	2500	0	40	341	1183	64	26	16	0	0	0	0	0	0	0	0	0	0	0	0	7525974	
89	1	A	2	N	2500	0	40	29	31	1	1	1	0	0	0	0	0	0	0	0	0	0	0	0	7526052	
90	1	A	2	N	2500	0	40	58	171	10	10	11	0	0	0	0	0	0	0	0	0	0	0	0	7526068	
91	1	A	2	N	2500	0	40	325	1142	67	30	21	0	0	0	0	0	0	0	0	0	0	0	0	7526099	
92	1	A	2	N	2500	0	40	219	438	13	7	7	0	0	0	0	0	0	0	0	0	0	0	0	7526349	
93	1	A	2	N	2500	0	40	212	1042	69	30	22	0	0	0	0	0	0	0	0	0	0	0	0	7526645	
94	1	A	2	N	2500	0	40	298	1078	53	24	20	0	0	0	0	0	0	0	0	0	0	0	0	7526661	
95	1	A	2	N	2500	0	40	132	582	26	14	11	0	0	0	0	0	0	0	0	0	0	0	0	7526926	
96	1	A	2	N	2500	0	40	207	942	51	23	15	0	0	0	0	0	0	0	0	0	0	0	0	7527207	
97	1	A	2	N	2500	0	40	231	1034	62	26	17	0	0	0	0	0	0	0	0	0	0	0	0	7527269	
98	1	A	3	N	2500	0	40	185	780	44	19	14	0	0	0	0	0	0	0	0	0	0	0	0	7534710	
99	1	A	3	N	2500	0	40	31	66	0	0	0	0	0	0	0	0	0	0	0	0	0	0	0	7535054	
100	1	A	3	N	2500	0	40	42	54	2	1	1	0	0	0	0	0	0	0	0	0	0	0	0	7535319	
101	1	A	3	N	2500	0	40	270	723	28	15	11	0	0	0	0	0	0	0	0	0	0	0	0	7535818	
102	1	A	3	N	2500	0	40	200	635	39	18	14	0	0	0	0	0	0	0	0	0	0	0	0	7536099	
103	1	A	3	N	2500	0	40	139	537	28	13	8	0	0	0	0	0	0	0	0	0	0	0	0	7536208	
104	1	A	3	N	2500	0	40	206	666	30	14	13	0	0	0	0	0	0	0	0	0	0	0	0	7536317	
105	1	A	3	N	2500	0	40	24	37	0	0	0	0	0	0	0	0	0	0	0	0	0	0	0	7536489	
106	1	A	3	N	2500	0	40	73	79	2	1	0	0	0	0	0	0	0	0	0	0	0	0	0	7537206	
107	1	A	3	N	2500	0	40	287	919	61	25	22	0	0	0	0	0	0	0	0	0	0	0	0	7537409	
108	1	A	3	N	2500	0	40	372	1202	76	30	22	0	0	0	0	0	0	0	0	0	0	0	0	7537628	
109	1	A	3	N	2500	0	40	55	111	7	7	9	0	0	0	0	0	0	0	0	0	0	0	0	7537877	
110	1	A	3	N	2500	0	40	301	1073	62	26	18	0	0	0	0	0	0	0	0	0	0	0	0	7538033	
111	1	A	3	N	2500	0	40	22	26	2	1	2	0	0	0	0	0	0	0	0	0	0	0	0	7538142	
112	1	A	3	N	2500	0	40	44	43	2	2	4	0	0	0	0	0	0	0	0	0	0	0	0	7538564	
113	1	A	3	N	2500	0	40	267	810	45	19	14	0	0	0	0	0	0	0	0	0	0	0	0	7538564	
114	1	A	3	N	2500	0	40	274	937	60	24	19	0	0	0	0	0	0	0	0	0	0	0	0	7538642	
115	1	A	3	N	2500	0	40	342	1230	77	31	23	0	0	0	0	0	0	0	0	0	0	0	0	7538766	
116	1	A	3	N	2500	0	40	69	86	3	2	2	0	0	0	0	0	0	0	0	0	0	0	0	7539141	
117	1	A	3	N	2500	0	40	246	761	55	22	16	0	0	0	0	0	0	0	0	0	0	0	0	7539141	
118	1	A	3	N	2500	0	40	33	30	1	0	0	0	0	0	0	0	0	0	0	0	0	0	0	7539188	
119	1	A	3	N	2500	0	40	212	863	54	24	20	0	0	0	0	0	0	0	0	0	0	0	0	7539328	
120	1	A	3	N	2500	0	40	230	1046	64	26	19	0	0	0	0	0	0	0	0	0	0	0	0	7539344	
121	1	A	3	N	2500	0	40	29	46	8	10	10	0	0	0	0	0	0	0	0	0	0	0	0	7539562	
122	1	A	3	N	2500	0	40	212	1095	63	28	24	0	0	0	0	0	0	0	0	0	0	0	0	7539765	
123	1	A	3	N	2500	0	40	27	46	7	8	9	0	0	0	0	0	0	0	0	0	0	0	0	7540155	
124	1	A	3	N	2500	0	40	281	1136	72	30	22	0	0	0	0	0	0	0	0	0	0	0	0	7540311	
125	1	A	3	N	2500	0	40	212	939	57	25	18	0	0	0	0	0	0	0	0	0	0	0	0	7540529	
126	1	A	3	N	2500	0	40	315	1124	70	29	26	0	0	0	0	0	0	0	0	0	0	0	0	7540638	
127	1	A	3	N	2500	0	40	291	1166	73	38	36	0	0	0	0	0	0	0	0	0	0	0	0	7540779	
128	1	A	3	N	2500	0	40	187	878	41	19	17	0	0	0	0	0	0	0	0	0	0	0	0	7540888	
129	1	A	3	N	2500	0	40	210	905	50	21	16	0	0	0	0	0	0	0	0	0	0	0	0	7540950	
130	1	A	3	N	2500	0	40	268	1072	69	29	21	0	0	0	0	0	0	0	0	0	0	0	0	7540982	
131	1	A	3	N	2500	0	40	21	30	2	3	4	0	0	0	0	0	0	0	0	0	0	0	0	7541091	
132	1	A	3	N	2500	0	40	225	859	38	19	13	0	0	0	0	0	0	0	0	0	0	0	0	7541372	
133	1	A	3	N	2500	0	40	25	49	1	1	1	0	0	0	0	0	0	0	0	0	0	0	0	7541387	
134	1	A	3	N	2500	0	40	149	803	45	22	18	0	0	0	0	0	0	0	0	0	0	0	0	7541387	
135	1	A	3	N	2500	0	40	193	845	55	23	20	0	0	0	0	0	0	0	0	0	0	0	0	7541496	
136	1	A	3	N	2500	0	40	228	895	54	22	18	0	0	0	0	0	0	0	0	0	0	0	0	7541746	
137	1	A	3	N	2500	0	40	240	979	66	29	21	0	0	0	0	0	0	0	0	0	0	0	0	7542074	
138	1	A	3	N	2500	0	40	310	1004	70	24	18	0	0	0	0	0	0	0	0	0	0	0	0	7542089	
139	1	A	3	N	2500	0	40	321	1116	66	29	23	0	0	0	0	0	0	0	0	0	0	0	0	7542183	
140	1	A	4	N	2500	0	40	209	838	53	21	16	0	0	0	0	0	0	0	0	0	0	0	0	7549452	
141	1	A	4	N	2500	0	40	40	57	2	3	4	0	0	0	0	0	0	0	0	0	0	0	0	7549640	
142	1	A	4	N	2500	0	40	127	811	54	22	18	0	0	0	0	0	0	0	0	0	0	0	0	7549889	
143	1	A	4	N	2500	0	40	286	993	55	25	18	0	0	0	0	0	0	0	0	0	0	0	0	7549983	
144	1	A	4	N	2500	0	40	23	35	2	1	1	0	0	0	0	0	0	0	0	0	0	0	0	7550201	
145	1	A	4	N	2500	0	40	190	854	52	22	18	0	0	0	0	0	0	0	0	0	0	0	0	7550217	
146	1	A	4	N	2500	0	40	177	729	51	19	15	0	0	0	0	0	0	0	0	0	0	0	0	7550529	
147	1	A	4	N	2500	0	40	247	780	40	18	11	0	0	0	0	0	0	0	0	0	0	0	0	7550576	
148	1	A	4	N	2500	0	40	215	818	51	22	16	0	0	0	0	0	0	0	0	0	0	0	0	7551044	
149	1	A	4	N	2500	0	40	125	488	25	11	9	0	0	0	0	0	0	0	0	0	0	0	0	7551090	
150	1	A	4	N	2500	0	40	186	869	48	24	17	0	0	0	0	0	0	0	0	0	0	0	0	7551184	
151	1	A	4	N	2500	0	40	174	753	60	21	15	0	0	0	0	0	0	0	0	0	0	0	0	7551371	
152	1	A	4	N	2500	0	40	196	775	48	21	18	0	0	0	0	0	0	0	0	0	0	0	0	7551449	
153	1	A	4	N	2500	0	40	222	729	39	17	16	0	0	0	0	0	0	0	0	0	0	0	0	7551543	
154	1	A	4	N	2500	0	40	136	817	54	28	25	0	0	0	0	0	0	0	0	0	0	0	0	7551808	
155	1	A	4	N	2500	0	40	265	1085	58	26	19	0	0	0	0	0	0	0	0	0	0	0	0	7551948	
156	1	A	4	N	2500	0	40	176	594	24	14	12	0	0	0	0	0	0	0	0	0	0	0	0	7552526	
157	1	A	4	N	2500	0	40	25	40	2	0	0	0	0	0	0	0	0	0	0	0	0	0	0	7552604	
158	1	A	4	N	2500	0	40	211	701	35	17	13	0	0	0	0	0	0	0	0	0	0	0	0	7552682	
159	1	A	4	N	2500	0	40	270	974	70	27	23	0	0	0	0	0	0	0	0	0	0	0	0	7552713	
160	1	A	4	N	2500	0	40	152	650	42	16	12	0	0	0	0	0	0	0	0	0	0	0	0	7552916	
161	1	A	4	N	2500	0	40	111	697	59	26	21	0	0	0	0	0	0	0	0	0	0	0	0	7553025	
162	1	A	4	N	2500	0	40	25	31	1	0	0	0	0	0	0	0	0	0	0	0	0	0	0	7553306	
163	1	A	4	N	2500	0	40	290	978	63	26	21	0	0	0	0	0	0	0	0	0	0	0	0	7553352	
164	1	A	4	N	2500	0	40	173	790	46	19	16	0	0	0	0	0	0	0	0	0	0	0	0	7553415	
165	1	A	4	N	2500	0	40	257	678	37	16	14	0	0	0	0	0	0	0	0	0	0	0	0	7553430	
166	1	A	4	N	2500	0	40	207	717	49	19	15	0	0	0	0	0	0	0	0	0	0	0	0	7553696	
167	1	A	4	N	2500	0	40	96	504	21	10	6	0	0	0	0	0	0	0	0	0	0	0	0	7553805	
168	1	A	4	N	2500	0	40	150	794	57	23	19	0	0	0	0	0	0	0	0	0	0	0	0	7554117	
169	1	A	4	N	2500	0	40	173	559	23	15	11	0	0	0	0	0	0	0	0	0	0	0	0	7554522	
170	1	A	4	N	2500	0	40	306	1149	69	28	23	0	0	0	0	0	0	0	0	0	0	0	0	7554632	
171	1	A	4	N	2500	0	40	313	1171	65	28	27	0	0	0	0	0	0	0	0	0	0	0	0	7554834	
172	1	A	4	N	2500	0	40	265	1060	62	29	21	0	0	0	0	0	0	0	0	0	0	0	0	7554881	
173	1	A	4	N	2500	0	40	173	633	29	13	11	0	0	0	0	0	0	0	0	0	0	0	0	7554897	
174	1	A	4	N	2500	0	40	169	638	31	14	12	0	0	0	0	0	0	0	0	0	0	0	0	7555115	
175	1	A	4	N	2500	0	40	272	1090	57	32	24	0	0	0	0	0	0	0	0	0	0	0	0	7555240	
176	1	A	4	N	2500	0	40	291	735	42	16	11	0	0	0	0	0	0	0	0	0	0	0	0	7555427	
177	1	A	4	N	2500	0	40	240	918	54	23	16	0	0	0	0	0	0	0	0	0	0	0	0	7556004	
178	1	A	4	N	2500	0	40	197	671	37	17	12	0	0	0	0	0	0	0	0	0	0	0	0	7556176	
179	1	A	4	N	2500	0	40	37	66	3	3	3	0	0	0	0	0	0	0	0	0	0	0	0	7556394	
180	1	A	4	N	2500	0	40	288	1174	70	30	27	0	0	0	0	0	0	0	0	0	0	0	0	7556410	
181	1	A	4	N	2500	0	40	251	983	62	27	19	0	0	0	0	0	0	0	0	0	0	0	0	7556519	
182	1	A	4	N	2500	0	40	187	972	63	27	23	0	0	0	0	0	0	0	0	0	0	0	0	7556644	
183	1	A	5	N	2500	0	40	192	810	48	20	14	0	0	0	0	0	0	0	0	0	0	0	0	7564538	
184	1	A	5	N	2500	0	40	242	611	38	17	14	0	0	0	0	0	0	0	0	0	0	0	0	7564662	
185	1	A	5	N	2500	0	40	213	600	27	13	11	0	0	0	0	0	0	0	0	0	0	0	0	7564818	
186	1	A	5	N	2500	0	40	146	554	26	13	11	0	0	0	0	0	0	0	0	0	0	0	0	7565364	
187	1	A	5	N	2500	0	40	149	739	44	21	15	0	0	0	0	0	0	0	0	0	0	0	0	7565474	
188	1	A	5	N	2500	0	40	171	871	51	23	18	0	0	0	0	0	0	0	0	0	0	0	0	7565801	
189	1	A	5	N	2500	0	40	20	25	8	1	1	0	0	0	0	0	0	0	0	0	0	0	0	7565988	
190	1	A	5	N	2500	0	40	190	566	30	15	11	0	0	0	0	0	0	0	0	0	0	0	0	7566129	
191	1	A	5	N	2500	0	40	199	827	55	23	19	0	0	0	0	0	0	0	0	0	0	0	0	7566191	
192	1	A	5	N	2500	0	40	25	24	1	1	1	0	0	0	0	0	0	0	0	0	0	0	0	7566441	
193	1	A	5	N	2500	0	40	178	729	36	18	13	0	0	0	0	0	0	0	0	0	0	0	0	7566846	
194	1	A	5	N	2500	0	40	158	644	31	15	12	0	0	0	0	0	0	0	0	0	0	0	0	7567049	
195	1	A	5	N	2500	0	40	138	698	41	17	16	0	0	0	0	0	0	0	0	0	0	0	0	7567860	
196	1	A	5	N	2500	0	40	49	139	11	4	4	0	0	0	0	0	0	0	0	0	0	0	0	7567907	
197	1	A	5	N	2500	0	40	245	782	41	19	15	0	0	0	0	0	0	0	0	0	0	0	0	7568079	
198	1	A	5	N	2500	0	40	178	694	39	17	13	0	0	0	0	0	0	0	0	0	0	0	0	7568609	
199	1	A	5	N	2500	0	40	34	57	2	1	1	0	0	0	0	0	0	0	0	0	0	0	0	7568968	
200	1	A	5	N	2500	0	40	213	685	34	16	9	0	0	0	0	0	0	0	0	0	0	0	0	7569077	
201	1	A	5	N	2500	0	40	304	653	33	15	10	0	0	0	0	0	0	0	0	0	0	0	0	7569093	
202	1	A	5	N	2500	0	40	226	939	59	24	19	0	0	0	0	0	0	0	0	0	0	0	0	7569327	
203	1	A	5	N	2500	0	40	34	49	3	4	5	0	0	0	0	0	0	0	0	0	0	0	0	7569592	
204	1	A	5	N	2500	0	40	181	619	30	14	12	0	0	0	0	0	0	0	0	0	0	0	0	7569795	
205	1	A	5	N	2500	0	40	244	815	44	21	16	0	0	0	0	0	0	0	0	0	0	0	0	7569826	
206	1	A	5	N	2500	0	40	153	655	35	19	13	0	0	0	0	0	0	0	0	0	0	0	0	7569904	
207	1	A	5	N	2500	0	40	218	818	46	20	13	0	0	0	0	0	0	0	0	0	0	0	0	7570044	
208	1	A	5	N	2500	0	40	160	530	22	11	10	0	0	0	0	0	0	0	0	0	0	0	0	7570107	
209	1	A	5	N	2500	0	40	198	813	44	18	17	0	0	0	0	0	0	0	0	0	0	0	0	7570216	
210	1	A	5	N	2500	0	40	191	589	24	13	10	0	0	0	0	0	0	0	0	0	0	0	0	7570372	
211	1	A	5	N	2500	0	40	174	572	23	12	10	0	0	0	0	0	0	0	0	0	0	0	0	7570403	
212	1	A	5	N	2500	0	40	34	38	3	0	0	0	0	0	0	0	0	0	0	0	0	0	0	7570715	
213	1	A	5	N	2500	0	40	137	563	27	12	10	0	0	0	0	0	0	0	0	0	0	0	0	7570809	
214	1	A	5	N	2500	0	40	243	715	38	16	11	0	0	0	0	0	0	0	0	0	0	0	0	7570980	
215	1	A	5	N	2500	0	40	172	763	53	20	16	0	0	0	0	0	0	0	0	0	0	0	0	7570980	
216	1	A	5	N	2500	0	40	154	666	41	18	12	0	0	0	0	0	0	0	0	0	0	0	0	7571214	
217	1	A	5	N	2500	0	40	193	723	50	21	18	0	0	0	0	0	0	0	0	0	0	0	0	7571480	
218	1	A	5	N	2500	0	40	161	739	40	21	15	0	0	0	0	0	0	0	0	0	0	0	0	7571511	
219	1	A	6	N	2500	0	40	23	47	1	1	0	0	0	0	0	0	0	0	0	0	0	0	0	7578936	
220	1	A	6	N	2500	0	40	47	45	1	0	0	0	0	0	0	0	0	0	0	0	0	0	0	7580060	
221	1	A	6	N	2500	0	40	27	36	7	0	0	0	0	0	0	0	0	0	0	0	0	0	0	7580730	
222	1	A	6	N	2500	0	40	20	26	1	0	0	0	0	0	0	0	0	0	0	0	0	0	0	7580840	
223	1	A	6	N	2500	0	40	164	566	29	13	10	0	0	0	0	0	0	0	0	0	0	0	0	7581292	
224	1	A	6	N	2500	0	40	95	365	17	9	8	0	0	0	0	0	0	0	0	0	0	0	0	7583039	
225	1	A	6	N	2500	0	40	261	941	69	29	22	0	0	0	0	0	0	0	0	0	0	0	0	7583273	
226	1	A	6	N	2500	0	40	362	1063	62	26	19	0	0	0	0	0	0	0	0	0	0	0	0	7584443	
227	1	A	6	N	2500	0	40	25	36	1	0	0	0	0	0	0	0	0	0	0	0	0	0	0	7585410	
228	1	A	6	N	2500	0	40	35	76	14	2	2	0	0	0	0	0	0	0	0	0	0	0	0	7585426	
229	1	A	7	N	2500	0	40	262	608	23	12	10	0	0	0	0	0	0	0	0	0	0	0	0	7593647	
230	1	A	7	N	2500	0	40	348	1223	64	28	22	0	0	0	0	0	0	0	0	0	0	0	0	7593694	
231	1	A	7	N	2500	0	40	29	50	0	0	0	0	0	0	0	0	0	0	0	0	0	0	0	7594256	
232	1	A	7	N	2500	0	40	164	716	34	17	13	0	0	0	0	0	0	0	0	0	0	0	0	7594396	
233	1	A	7	N	2500	0	40	206	1157	58	27	22	0	0	0	0	0	0	0	0	0	0	0	0	7595192	
234	1	A	7	N	2500	0	40	355	1187	50	27	21	0	0	0	0	0	0	0	0	0	0	0	0	7595457	
235	1	A	7	N	2500	0	40	20	15	0	0	1	0	0	0	0	0	0	0	0	0	0	0	0	7595738	
236	1	A	7	N	2500	0	40	490	1330	75	31	25	0	0	0	0	0	0	0	0	0	0	0	0	7595909	
237	1	A	7	N	2500	0	40	249	1147	55	27	19	0	0	0	0	0	0	0	0	0	0	0	0	7595909	
238	1	A	7	N	2500	0	40	24	39	0	0	0	0	0	0	0	0	0	0	0	0	0	0	0	7596174	
239	1	A	7	N	2500	0	40	246	880	54	25	19	0	0	0	0	0	0	0	0	0	0	0	0	7597672	
240	1	A	7	N	2500	0	40	37	43	2	2	3	0	0	0	0	0	0	0	0	0	0	0	0	7598577	
241	1	A	7	N	2500	0	40	250	989	45	23	20	0	0	0	0	0	0	0	0	0	0	0	0	7599185	
242	1	A	7	N	2500	0	40	250	915	52	21	16	0	0	0	0	0	0	0	0	0	0	0	0	7599638	
243	1	A	7	N	2500	0	40	27	50	11	13	15	0	0	0	0	0	0	0	0	0	0	0	0	7599653	
244	1	A	7	N	2500	0	40	338	1270	66	30	25	0	0	0	0	0	0	0	0	0	0	0	0	7599918	
245	1	A	7	N	2500	0	40	314	948	48	22	16	0	0	0	0	0	0	0	0	0	0	0	0	7599996	
246	1	A	7	N	2500	0	40	302	988	47	23	18	0	0	0	0	0	0	0	0	0	0	0	0	7600012	
247	1	A	7	N	2500	0	40	332	1088	53	23	18	0	0	0	0	0	0	0	0	0	0	0	0	7600340	
248	1	A	8	N	2500	0	40	219	841	50	22	18	0	0	0	0	0	0	0	0	0	0	0	0	7608420	
249	1	A	8	N	2500	0	40	23	35	0	0	0	0	0	0	0	0	0	0	0	0	0	0	0	7608498	
250	1	A	8	N	2500	0	40	57	97	6	6	10	0	0	0	0	0	0	0	0	0	0	0	0	7608654	
251	1	A	8	N	2500	0	40	340	1277	74	33	24	0	0	0	0	0	0	0	0	0	0	0	0	7608654	
252	1	A	8	N	2500	0	40	25	39	5	5	5	0	0	0	0	0	0	0	0	0	0	0	0	7608670	
253	1	A	8	N	2500	0	40	173	693	38	19	14	0	0	0	0	0	0	0	0	0	0	0	0	7608888	
254	1	A	8	N	2500	0	40	22	41	5	5	5	0	0	0	0	0	0	0	0	0	0	0	0	7609247	
255	1	A	8	N	2500	0	40	29	60	0	0	0	0	0	0	0	0	0	0	0	0	0	0	0	7609559	
256	1	A	8	N	2500	0	40	117	235	37	42	43	0	0	0	0	0	0	0	0	0	0	0	0	7609856	
257	1	A	8	N	2500	0	40	182	810	44	21	17	0	0	0	0	0	0	0	0	0	0	0	0	7610277	
258	1	A	8	N	2500	0	40	238	871	54	25	16	0	0	0	0	0	0	0	0	0	0	0	0	7610604	
259	1	A	8	N	2500	0	40	66	118	6	8	11	0	0	0	0	0	0	0	0	0	0	0	0	7610854	
260	1	A	8	N	2500	0	40	265	869	57	20	16	0	0	0	0	0	0	0	0	0	0	0	0	7610854	
261	1	A	8	N	2500	0	40	324	1399	64	30	26	0	0	0	0	0	0	0	0	0	0	0	0	7611462	
262	1	A	8	N	2500	0	40	210	1008	60	33	30	0	0	0	0	0	0	0	0	0	0	0	0	7611556	
263	1	A	8	N	2500	0	40	22	30	0	0	0	0	0	0	0	0	0	0	0	0	0	0	0	7611587	
264	1	A	8	N	2500	0	40	265	1107	64	27	18	0	0	0	0	0	0	0	0	0	0	0	0	7611696	
265	1	A	8	N	2500	0	40	27	40	4	4	5	0	0	0	0	0	0	0	0	0	0	0	0	7612024	
266	1	A	8	N	2500	0	40	187	938	59	30	24	0	0	0	0	0	0	0	0	0	0	0	0	7612289	
267	1	A	8	N	2500	0	40	230	842	56	24	20	0	0	0	0	0	0	0	0	0	0	0	0	7612476	
268	1	A	8	N	2500	0	40	248	1021	57	27	19	0	0	0	0	0	0	0	0	0	0	0	0	7612508	
269	1	A	8	N	2500	0	40	110	228	46	56	77	0	0	0	0	0	0	0	0	0	0	0	0	7612835	
270	1	A	8	N	2500	0	40	164	702	34	18	17	0	0	0	0	0	0	0	0	0	0	0	0	7613756	
271	1	A	8	N	2500	0	40	247	1063	75	32	25	0	0	0	0	0	0	0	0	0	0	0	0	7613818	
272	1	A	8	N	2500	0	40	239	1029	47	27	23	0	0	0	0	0	0	0	0	0	0	0	0	7614005	
273	1	A	8	N	2500	0	40	23	26	1	1	1	0	0	0	0	0	0	0	0	0	0	0	0	7614161	
274	1	A	8	N	2500	0	40	257	837	57	24	19	0	0	0	0	0	0	0	0	0	0	0	0	7614270	
275	1	A	8	N	2500	0	40	265	997	62	26	19	0	0	0	0	0	0	0	0	0	0	0	0	7614364	
276	1	A	8	N	2500	0	40	306	1064	70	32	25	0	0	0	0	0	0	0	0	0	0	0	0	7614458	
277	1	A	8	N	2500	0	40	220	909	46	23	19	0	0	0	0	0	0	0	0	0	0	0	0	7614458	
278	1	A	8	N	2500	0	40	210	667	28	15	10	0	0	0	0	0	0	0	0	0	0	0	0	7614770	
279	1	A	8	N	2500	0	40	266	1083	53	29	23	0	0	0	0	0	0	0	0	0	0	0	0	7614910	
280	1	A	8	N	2500	0	40	24	38	0	0	0	0	0	0	0	0	0	0	0	0	0	0	0	7614926	
281	1	A	8	N	2500	0	40	183	773	50	23	21	0	0	0	0	0	0	0	0	0	0	0	0	7615128	
282	1	A	8	N	2500	0	40	29	55	2	2	2	0	0	0	0	0	0	0	0	0	0	0	0	7615206	
283	1	A	8	N	2500	0	40	243	849	46	22	17	0	0	0	0	0	0	0	0	0	0	0	0	7615565	
284	1	A	8	N	2500	0	40	248	884	51	24	19	0	0	0	0	0	0	0	0	0	0	0	0	7615581	
285	1	A	8	N	2500	0	40	343	1099	59	31	27	0	0	0	0	0	0	0	0	0	0	0	0	7615659	
286	1	A	9	N	2500	0	40	29	54	0	0	0	0	0	0	0	0	0	0	0	0	0	0	0	7622960	
287	1	A	9	N	2500	0	40	223	910	71	37	29	0	0	0	0	0	0	0	0	0	0	0	0	7623287	
288	1	A	9	N	2500	0	40	211	887	54	28	24	0	0	0	0	0	0	0	0	0	0	0	0	7623396	
289	1	A	9	N	2500	0	40	201	783	46	20	16	0	0	0	0	0	0	0	0	0	0	0	0	7623599	
290	1	A	9	N	2500	0	40	207	879	52	25	18	0	0	0	0	0	0	0	0	0	0	0	0	7624036	
291	1	A	9	N	2500	0	40	131	503	37	18	14	0	0	0	0	0	0	0	0	0	0	0	0	7624457	
292	1	A	9	N	2500	0	40	23	33	0	0	0	0	0	0	0	0	0	0	0	0	0	0	0	7624473	
293	1	A	9	N	2500	0	40	328	1061	57	31	32	0	0	0	0	0	0	0	0	0	0	0	0	7624488	
294	1	A	9	N	2500	0	40	30	50	2	3	3	0	0	0	0	0	0	0	0	0	0	0	0	7624644	
295	1	A	9	N	2500	0	40	193	801	43	22	19	0	0	0	0	0	0	0	0	0	0	0	0	7624707	
296	1	A	9	N	2500	0	40	271	957	57	25	19	0	0	0	0	0	0	0	0	0	0	0	0	7625003	
297	1	A	9	N	2500	0	40	189	778	49	22	16	0	0	0	0	0	0	0	0	0	0	0	0	7625066	
298	1	A	9	N	2500	0	40	208	722	41	19	15	0	0	0	0	0	0	0	0	0	0	0	0	7625424	
299	1	A	9	N	2500	0	40	233	1226	74	33	28	0	0	0	0	0	0	0	0	0	0	0	0	7625549	
300	1	A	9	N	2500	0	40	147	487	172	216	249	0	0	0	0	0	0	0	0	0	0	0	0	7625783	
301	1	A	9	N	2500	0	40	210	912	59	26	23	0	0	0	0	0	0	0	0	0	0	0	0	7626220	
302	1	A	9	N	2500	0	40	26	31	0	0	0	0	0	0	0	0	0	0	0	0	0	0	0	7626236	
303	1	A	9	N	2500	0	40	309	1021	57	28	23	0	0	0	0	0	0	0	0	0	0	0	0	7626563	
304	1	A	9	N	2500	0	40	24	41	6	6	4	0	0	0	0	0	0	0	0	0	0	0	0	7626735	
305	1	A	9	N	2500	0	40	178	905	54	23	19	0	0	0	0	0	0	0	0	0	0	0	0	7626875	
306	1	A	9	N	2500	0	40	242	1005	56	26	16	0	0	0	0	0	0	0	0	0	0	0	0	7626953	
307	1	A	9	N	2500	0	40	218	926	60	26	20	0	0	0	0	0	0	0	0	0	0	0	0	7627343	
308	1	A	9	N	2500	0	40	204	716	40	19	13	0	0	0	0	0	0	0	0	0	0	0	0	7627374	
309	1	A	9	N	2500	0	40	25	44	0	0	0	0	0	0	0	0	0	0	0	0	0	0	0	7627624	
310	1	A	9	N	2500	0	40	239	1023	70	31	26	0	0	0	0	0	0	0	0	0	0	0	0	7627842	
311	1	A	9	N	2500	0	40	20	29	1	1	1	0	0	0	0	0	0	0	0	0	0	0	0	7628217	
312	1	A	9	N	2500	0	40	196	870	52	26	21	0	0	0	0	0	0	0	0	0	0	0	0	7628217	
313	1	A	9	N	2500	0	40	29	51	0	0	0	0	0	0	0	0	0	0	0	0	0	0	0	7628435	
314	1	A	9	N	2500	0	40	213	759	40	19	18	0	0	0	0	0	0	0	0	0	0	0	0	7628560	
315	1	A	9	N	2500	0	40	52	136	11	9	11	0	0	0	0	0	0	0	0	0	0	0	0	7629387	
316	1	A	9	N	2500	0	40	39	37	1	1	1	0	0	0	0	0	0	0	0	0	0	0	0	7630104	
317	1	A	10	N	2500	0	40	195	839	54	24	18	0	0	0	0	0	0	0	0	0	0	0	0	7637577	
318	1	A	10	N	2500	0	40	23	21	0	0	0	0	0	0	0	0	0	0	0	0	0	0	0	7637577	
319	1	A	10	N	2500	0	40	202	709	43	20	17	0	0	0	0	0	0	0	0	0	0	0	0	7638014	
320	1	A	10	N	2500	0	40	228	801	56	23	19	0	0	0	0	0	0	0	0	0	0	0	0	7638185	
321	1	A	10	N	2500	0	40	274	812	53	25	21	0	0	0	0	0	0	0	0	0	0	0	0	7638778	
322	1	A	10	N	2500	0	40	204	476	20	11	9	0	0	0	0	0	0	0	0	0	0	0	0	7638981	
323	1	A	10	N	2500	0	40	286	863	55	25	20	0	0	0	0	0	0	0	0	0	0	0	0	7639012	
324	1	A	10	N	2500	0	40	21	28	0	0	0	0	0	0	0	0	0	0	0	0	0	0	0	7639153	
325	1	A	10	N	2500	0	40	176	621	26	15	12	0	0	0	0	0	0	0	0	0	0	0	0	7639215	
326	1	A	10	N	2500	0	40	220	770	52	19	15	0	0	0	0	0	0	0	0	0	0	0	0	7639262	
327	1	A	10	N	2500	0	40	223	779	49	21	17	0	0	0	0	0	0	0	0	0	0	0	0	7639277	
328	1	A	10	N	2500	0	40	228	906	52	23	21	0	0	0	0	0	0	0	0	0	0	0	0	7639309	
329	1	A	10	N	2500	0	40	188	719	36	18	14	0	0	0	0	0	0	0	0	0	0	0	0	7639480	
330	1	A	10	N	2500	0	40	229	842	53	27	24	0	0	0	0	0	0	0	0	0	0	0	0	7639761	
331	1	A	10	N	2500	0	40	176	733	38	18	15	0	0	0	0	0	0	0	0	0	0	0	0	7639995	
332	1	A	10	N	2500	0	40	251	766	47	23	16	0	0	0	0	0	0	0	0	0	0	0	0	7640026	
333	1	A	10	N	2500	0	40	32	31	0	0	0	0	0	0	0	0	0	0	0	0	0	0	0	7640073	
334	1	A	10	N	2500	0	40	85	336	18	7	6	0	0	0	0	0	0	0	0	0	0	0	0	7640182	
335	1	A	10	N	2500	0	40	47	52	2	1	1	0	0	0	0	0	0	0	0	0	0	0	0	7640385	
336	1	A	10	N	2500	0	40	194	675	53	23	19	0	0	0	0	0	0	0	0	0	0	0	0	7640385	
337	1	A	10	N	2500	0	40	197	699	42	21	16	0	0	0	0	0	0	0	0	0	0	0	0	7640494	
338	1	A	10	N	2500	0	40	25	38	0	0	0	0	0	0	0	0	0	0	0	0	0	0	0	7640541	
339	1	A	10	N	2500	0	40	118	509	30	16	15	0	0	0	0	0	0	0	0	0	0	0	0	7640869	
340	1	A	10	N	2500	0	40	200	864	62	25	19	0	0	0	0	0	0	0	0	0	0	0	0	7641087	
341	1	A	10	N	2500	0	40	223	575	27	14	9	0	0	0	0	0	0	0	0	0	0	0	0	7641181	
342	1	A	10	N	2500	0	40	327	1004	84	31	26	0	0	0	0	0	0	0	0	0	0	0	0	7641274	
343	1	A	10	N	2500	0	40	232	878	48	22	17	0	0	0	0	0	0	0	0	0	0	0	0	7641352	
344	1	A	10	N	2500	0	40	23	23	1	0	0	0	0	0	0	0	0	0	0	0	0	0	0	7641430	
345	1	A	10	N	2500	0	40	180	772	47	20	19	0	0	0	0	0	0	0	0	0	0	0	0	7641493	
346	1	A	10	N	2500	0	40	24	40	1	1	0	0	0	0	0	0	0	0	0	0	0	0	0	7641571	
347	1	A	10	N	2500	0	40	191	727	56	20	16	0	0	0	0	0	0	0	0	0	0	0	0	7641633	
348	1	A	10	N	2500	0	40	215	767	40	19	16	0	0	0	0	0	0	0	0	0	0	0	0	7641758	
349	1	A	10	N	2500	0	40	176	788	41	21	18	0	0	0	0	0	0	0	0	0	0	0	0	7641836	
350	1	A	10	N	2500	0	40	21	29	0	0	0	0	0	0	0	0	0	0	0	0	0	0	0	7641961	
351	1	A	10	N	2500	0	40	198	811	45	22	15	0	0	0	0	0	0	0	0	0	0	0	0	7642039	
352	1	A	10	N	2500	0	40	20	17	0	1	1	0	0	0	0	0	0	0	0	0	0	0	0	7642210	
353	1	A	10	N	2500	0	40	146	360	87	109	143	0	0	0	0	0	0	0	0	0	0	0	0	7642366	
354	1	A	10	N	2500	0	40	25	29	1	1	0	0	0	0	0	0	0	0	0	0	0	0	0	7642553	
355	1	A	10	N	2500	0	40	257	858	50	21	15	0	0	0	0	0	0	0	0	0	0	0	0	7642600	
356	1	A	10	N	2500	0	40	196	791	56	26	19	0	0	0	0	0	0	0	0	0	0	0	0	7642741	
357	1	A	10	N	2500	0	40	264	814	54	24	17	0	0	0	0	0	0	0	0	0	0	0	0	7642772	
358	1	A	10	N	2500	0	40	239	938	50	23	17	0	0	0	0	0	0	0	0	0	0	0	0	7642819	
359	1	A	10	N	2500	0	40	20	27	0	0	0	0	0	0	0	0	0	0	0	0	0	0	0	7643037	
360	1	A	10	N	2500	0	40	201	797	50	23	19	0	0	0	0	0	0	0	0	0	0	0	0	7643037	
361	1	A	10	N	2500	0	40	214	619	29	15	9	0	0	0	0	0	0	0	0	0	0	0	0	7643817	
362	1	A	10	N	2500	0	40	181	602	35	16	12	0	0	0	0	0	0	0	0	0	0	0	0	7644004	
363	1	A	10	N	2500	0	40	46	72	3	4	7	0	0	0	0	0	0	0	0	0	0	0	0	7644020	
364	1	A	10	N	2500	0	40	192	638	43	19	13	0	0	0	0	0	0	0	0	0	0	0	0	7644020	
365	1	A	10	N	2500	0	40	32	56	1	1	1	0	0	0	0	0	0	0	0	0	0	0	0	7644332	
366	1	A	10	N	2500	0	40	26	34	2	1	2	0	0	0	0	0	0	0	0	0	0	0	0	7644457	
367	1	A	10	N	2500	0	40	267	937	53	25	19	0	0	0	0	0	0	0	0	0	0	0	0	7644597	
368	1	A	10	N	2500	0	40	131	709	46	22	16	0	0	0	0	0	0	0	0	0	0	0	0	7644847	
369	1	A	11	N	2500	0	40	313	703	39	18	12	0	0	0	0	0	0	0	0	0	0	0	0	7652350	
370	1	A	11	N	2500	0	40	101	239	4	1	1	0	0	0	0	0	0	0	0	0	0	0	0	7652381	
371	1	A	11	N	2500	0	40	22	22	0	0	0	0	0	0	0	0	0	0	0	0	0	0	0	7652506	
372	1	A	11	N	2500	0	40	152	592	7	5	5	0	0	0	0	0	0	0	0	0	0	0	0	7652693	
373	1	A	11	N	2500	0	40	51	68	1	0	0	0	0	0	0	0	0	0	0	0	0	0	0	7652803	
374	1	A	11	N	2500	0	40	65	130	1	0	0	0	0	0	0	0	0	0	0	0	0	0	0	7653161	
375	1	A	11	N	2500	0	40	34	42	0	0	0	0	0	0	0	0	0	0	0	0	0	0	0	7653224	
376	1	A	11	N	2500	0	40	29	31	0	0	0	0	0	0	0	0	0	0	0	0	0	0	0	7653224	
377	1	A	11	N	2500	0	40	21	22	0	0	0	0	0	0	0	0	0	0	0	0	0	0	0	7653505	
378	1	A	11	N	2500	0	40	29	60	0	0	0	0	0	0	0	0	0	0	0	0	0	0	0	7654425	
379	1	A	11	N	2500	0	40	104	327	4	2	2	0	0	0	0	0	0	0	0	0	0	0	0	7654472	
380	1	A	11	N	2500	0	40	105	226	3	1	2	0	0	0	0	0	0	0	0	0	0	0	0	7654472	
381	1	A	11	N	2500	0	40	24	40	0	0	0	0	0	0	0	0	0	0	0	0	0	0	0	7654987	
382	1	A	11	N	2500	0	40	99	153	2	0	0	0	0	0	0	0	0	0	0	0	0	0	0	7655002	
383	1	A	11	N	2500	0	40	21	29	0	0	0	0	0	0	0	0	0	0	0	0	0	0	0	7655002	
384	1	A	11	N	2500	0	40	119	330	3	1	3	0	0	0	0	0	0	0	0	0	0	0	0	7655096	
385	1	A	11	N	2500	0	40	21	22	0	0	0	0	0	0	0	0	0	0	0	0	0	0	0	7655267	
386	1	A	11	N	2500	0	40	30	38	0	0	0	0	0	0	0	0	0	0	0	0	0	0	0	7655408	
387	1	A	11	N	2500	0	40	37	42	0	0	0	0	0	0	0	0	0	0	0	0	0	0	0	7655423	
388	1	A	11	N	2500	0	40	24	37	0	0	0	0	0	0	0	0	0	0	0	0	0	0	0	7655423	
389	1	A	11	N	2500	0	40	221	1261	19	10	9	0	0	0	0	0	0	0	0	0	0	0	0	7655767	
390	1	A	11	N	2500	0	40	81	237	1	1	1	0	0	0	0	0	0	0	0	0	0	0	0	7655891	
391	1	A	11	N	2500	0	40	72	100	1	0	1	0	0	0	0	0	0	0	0	0	0	0	0	7656063	
392	1	A	11	N	2500	0	40	155	521	5	3	4	0	0	0	0	0	0	0	0	0	0	0	0	7656063	
393	1	A	11	N	2500	0	40	67	91	0	0	1	0	0	0	0	0	0	0	0	0	0	0	0	7656110	
394	1	A	11	N	2500	0	40	79	264	2	1	1	0	0	0	0	0	0	0	0	0	0	0	0	7656203	
395	1	A	11	N	2500	0	40	103	404	4	2	2	0	0	0	0	0	0	0	0	0	0	0	0	7656359	
396	1	A	11	N	2500	0	40	108	283	3	1	2	0	0	0	0	0	0	0	0	0	0	0	0	7656422	
397	1	A	11	N	2500	0	40	34	42	0	0	0	0	0	0	0	0	0	0	0	0	0	0	0	7656422	
398	1	A	11	N	2500	0	40	63	132	1	0	1	0	0	0	0	0	0	0	0	0	0	0	0	7656578	
399	1	A	11	N	2500	0	40	80	141	1	0	0	0	0	0	0	0	0	0	0	0	0	0	0	7657030	
400	1	A	11	N	2500	0	40	154	624	6	3	2	0	0	0	0	0	0	0	0	0	0	0	0	7657202	
401	1	A	11	N	2500	0	40	52	62	1	0	0	0	0	0	0	0	0	0	0	0	0	0	0	7657202	
402	1	A	11	N	2500	0	40	89	274	2	1	1	0	0	0	0	0	0	0	0	0	0	0	0	7657217	
403	1	A	11	N	2500	0	40	67	83	1	0	0	0	0	0	0	0	0	0	0	0	0	0	0	7657249	
404	1	A	11	N	2500	0	40	176	473	6	3	4	0	0	0	0	0	0	0	0	0	0	0	0	7657623	
405	1	A	11	N	2500	0	40	74	98	1	0	1	0	0	0	0	0	0	0	0	0	0	0	0	7657732	
406	1	A	11	N	2500	0	40	177	495	7	3	2	0	0	0	0	0	0	0	0	0	0	0	0	7657935	
407	1	A	11	N	2500	0	40	118	312	4	2	2	0	0	0	0	0	0	0	0	0	0	0	0	7657982	
408	1	A	11	N	2500	0	40	84	216	2	1	1	0	0	0	0	0	0	0	0	0	0	0	0	7658060	
409	1	A	11	N	2500	0	40	38	71	3	2	2	0	0	0	0	0	0	0	0	0	0	0	0	7658075	
410	1	A	11	N	2500	0	40	54	73	1	0	0	0	0	0	0	0	0	0	0	0	0	0	0	7658247	
411	1	A	11	N	2500	0	40	73	190	1	1	1	0	0	0	0	0	0	0	0	0	0	0	0	7658309	
412	1	A	11	N	2500	0	40	59	98	1	0	0	0	0	0	0	0	0	0	0	0	0	0	0	7658325	
413	1	A	11	N	2500	0	40	206	748	7	4	4	0	0	0	0	0	0	0	0	0	0	0	0	7658356	
414	1	A	11	N	2500	0	40	162	448	6	3	4	0	0	0	0	0	0	0	0	0	0	0	0	7658434	
415	1	A	11	N	2500	0	40	59	94	0	0	0	0	0	0	0	0	0	0	0	0	0	0	0	7658621	
416	1	A	11	N	2500	0	40	24	23	0	0	0	0	0	0	0	0	0	0	0	0	0	0	0	7658668	
417	1	A	11	N	2500	0	40	141	360	4	1	4	0	0	0	0	0	0	0	0	0	0	0	0	7658933	
418	1	A	11	N	2500	0	40	184	700	11	5	4	0	0	0	0	0	0	0	0	0	0	0	0	7658965	
419	1	A	11	N	2500	0	40	25	21	0	0	0	0	0	0	0	0	0	0	0	0	0	0	0	7659152	
420	1	A	11	N	2500	0	40	80	199	2	1	1	0	0	0	0	0	0	0	0	0	0	0	0	7659152	
421	1	A	11	N	2500	0	40	22	25	0	0	0	0	0	0	0	0	0	0	0	0	0	0	0	7659464	
422	1	A	11	N	2500	0	40	153	279	3	1	2	0	0	0	0	0	0	0	0	0	0	0	0	7659604	
423	1	A	12	N	2500	0	40	23	40	0	0	0	0	0	0	0	0	0	0	0	0	0	0	0	7667420	
424	1	A	12	N	2500	0	40	34	76	0	0	0	0	0	0	0	0	0	0	0	0	0	0	0	7667763	
425	1	A	12	N	2500	0	40	61	99	1	0	0	0	0	0	0	0	0	0	0	0	0	0	0	7671133	
426	1	B	1	N	2500	0	40	21	31	0	0	0	0	0	0	0	0	0	0	0	0	0	0	0	7683191	
427	1	B	1	N	2500	0	40	285	914	55	19	16	0	0	0	0	0	0	0	0	0	0	0	0	7683332	
428	1	B	1	N	2500	0	40	25	34	2	2	2	0	0	0	0	0	0	0	0	0	0	0	0	7683332	
429	1	B	1	N	2500	0	40	46	92	9	10	9	0	0	0	0	0	0	0	0	0	0	0	0	7683332	
430	1	B	1	N	2500	0	40	33	44	1	0	0	0	0	0	0	0	0	0	0	0	0	0	0	7683613	
431	1	B	1	N	2500	0	40	26	25	2	1	0	0	0	0	0	0	0	0	0	0	0	0	0	7683675	
432	1	B	1	N	2500	0	40	210	1043	51	24	16	0	0	0	0	0	0	0	0	0	0	0	0	7683706	
433	1	B	1	N	2500	0	40	201	877	38	21	16	0	0	0	0	0	0	0	0	0	0	0	0	7684065	
434	1	B	1	N	2500	0	40	460	1650	90	37	26	0	0	0	0	0	0	0	0	0	0	0	0	7684159	
435	1	B	1	N	2500	0	40	190	621	28	16	17	0	0	0	0	0	0	0	0	0	0	0	0	7684299	
436	1	B	1	N	2500	0	40	216	812	45	23	17	0	0	0	0	0	0	0	0	0	0	0	0	7684330	
437	1	B	1	N	2500	0	40	404	1247	67	25	22	0	0	0	0	0	0	0	0	0	0	0	0	7684361	
438	1	B	1	N	2500	0	40	477	1350	75	29	26	0	0	0	0	0	0	0	0	0	0	0	0	7684798	
439	1	B	1	N	2500	0	40	208	1074	60	24	19	0	0	0	0	0	0	0	0	0	0	0	0	7684892	
440	1	B	1	N	2500	0	40	35	48	5	3	1	0	0	0	0	0	0	0	0	0	0	0	0	7684892	
441	1	B	1	N	2500	0	40	353	946	40	20	16	0	0	0	0	0	0	0	0	0	0	0	0	7685110	
442	1	B	1	N	2500	0	40	301	877	38	20	13	0	0	0	0	0	0	0	0	0	0	0	0	7685235	
443	1	B	1	N	2500	0	40	78	157	6	4	4	0	0	0	0	0	0	0	0	0	0	0	0	7685391	
444	1	B	1	N	2500	0	40	317	915	44	20	17	0	0	0	0	0	0	0	0	0	0	0	0	7685734	
445	1	B	1	N	2500	0	40	250	1136	60	25	20	0	0	0	0	0	0	0	0	0	0	0	0	7685765	
446	1	B	1	N	2500	0	40	28	28	0	0	0	0	0	0	0	0	0	0	0	0	0	0	0	7685797	
447	1	B	1	N	2500	0	40	28	27	1	1	1	0	0	0	0	0	0	0	0	0	0	0	0	7685875	
448	1	B	1	N	2500	0	40	255	447	19	7	6	0	0	0	0	0	0	0	0	0	0	0	0	7686405	
449	1	B	1	N	2500	0	40	58	175	4	1	1	0	0	0	0	0	0	0	0	0	0	0	0	7686483	
450	1	B	1	N	2500	0	40	497	1186	63	27	19	0	0	0	0	0	0	0	0	0	0	0	0	7686748	
451	1	B	1	N	2500	0	40	377	873	51	18	13	0	0	0	0	0	0	0	0	0	0	0	0	7687123	
452	1	B	1	N	2500	0	40	21	40	9	10	13	0	0	0	0	0	0	0	0	0	0	0	0	7687466	
453	1	B	1	N	2500	0	40	20	19	0	0	0	0	0	0	0	0	0	0	0	0	0	0	0	7687497	
454	1	B	1	N	2500	0	40	369	1179	70	29	22	0	0	0	0	0	0	0	0	0	0	0	0	7687669	
455	1	B	1	N	2500	0	40	357	1078	58	26	20	0	0	0	0	0	0	0	0	0	0	0	0	7687684	
456	1	B	1	N	2500	0	40	413	1317	70	29	23	0	0	0	0	0	0	0	0	0	0	0	0	7687684	
457	1	B	1	N	2500	0	40	76	190	9	6	6	0	0	0	0	0	0	0	0	0	0	0	0	7687949	
458	1	B	1	N	2500	0	40	306	913	51	23	18	0	0	0	0	0	0	0	0	0	0	0	0	7687981	
459	1	B	1	N	2500	0	40	403	1293	78	29	25	0	0	0	0	0	0	0	0	0	0	0	0	7688027	
460	1	B	1	N	2500	0	40	27	32	1	2	2	0	0	0	0	0	0	0	0	0	0	0	0	7688277	
461	1	B	1	N	2500	0	40	380	1121	52	23	18	0	0	0	0	0	0	0	0	0	0	0	0	7688277	
462	1	B	1	N	2500	0	40	387	1049	69	21	20	0	0	0	0	0	0	0	0	0	0	0	0	7688386	
463	1	B	1	N	2500	0	40	383	1171	60	25	18	0	0	0	0	0	0	0	0	0	0	0	0	7688729	
464	1	B	1	N	2500	0	40	184	563	161	192	212	0	0	0	0	0	0	0	0	0	0	0	0	7688839	
465	1	B	1	N	2500	0	40	220	925	41	20	14	0	0	0	0	0	0	0	0	0	0	0	0	7688870	
466	1	B	1	N	2500	0	40	224	631	22	13	12	0	0	0	0	0	0	0	0	0	0	0	0	7689182	
467	1	B	1	N	2500	0	40	27	43	2	2	2	0	0	0	0	0	0	0	0	0	0	0	0	7689572	
468	1	B	1	N	2500	0	40	354	1002	45	20	17	0	0	0	0	0	0	0	0	0	0	0	0	7689634	
469	1	B	1	N	2500	0	40	275	1041	53	24	18	0	0	0	0	0	0	0	0	0	0	0	0	7689634	
470	1	B	1	N	2500	0	40	262	987	68	28	20	0	0	0	0	0	0	0	0	0	0	0	0	7689946	
471	1	B	1	N	2500	0	40	21	19	0	1	1	0	0	0	0	0	0	0	0	0	0	0	0	7690430	
472	1	B	1	N	2500	0	40	51	157	3	0	0	0	0	0	0	0	0	0	0	0	0	0	0	7690820	
473	1	B	2	N	2500	0	40	252	720	36	17	16	0	0	0	0	0	0	0	0	0	0	0	0	7697871	
474	1	B	2	N	2500	0	40	21	33	1	1	1	0	0	0	0	0	0	0	0	0	0	0	0	7698292	
475	1	B	2	N	2500	0	40	97	235	57	68	72	0	0	0	0	0	0	0	0	0	0	0	0	7698698	
476	1	B	2	N	2500	0	40	33	64	3	3	3	0	0	0	0	0	0	0	0	0	0	0	0	7698869	
477	1	B	2	N	2500	0	40	22	39	5	5	5	0	0	0	0	0	0	0	0	0	0	0	0	7699322	
478	1	B	2	N	2500	0	40	302	1030	65	28	21	0	0	0	0	0	0	0	0	0	0	0	0	7699447	
479	1	B	2	N	2500	0	40	224	772	51	23	17	0	0	0	0	0	0	0	0	0	0	0	0	7699665	
480	1	B	2	N	2500	0	40	318	1059	59	25	20	0	0	0	0	0	0	0	0	0	0	0	0	7699899	
481	1	B	2	N	2500	0	40	288	833	39	19	14	0	0	0	0	0	0	0	0	0	0	0	0	7700008	
482	1	B	2	N	2500	0	40	32	34	2	2	3	0	0	0	0	0	0	0	0	0	0	0	0	7700211	
483	1	B	2	N	2500	0	40	195	778	60	27	21	0	0	0	0	0	0	0	0	0	0	0	0	7700414	
484	1	B	2	N	2500	0	40	37	77	4	3	3	0	0	0	0	0	0	0	0	0	0	0	0	7700726	
485	1	B	2	N	2500	0	40	264	915	47	22	20	0	0	0	0	0	0	0	0	0	0	0	0	7700882	
486	1	B	2	N	2500	0	40	203	749	46	19	15	0	0	0	0	0	0	0	0	0	0	0	0	7700960	
487	1	B	2	N	2500	0	40	172	278	8	4	5	0	0	0	0	0	0	0	0	0	0	0	0	7700960	
488	1	B	2	N	2500	0	40	20	29	0	0	0	0	0	0	0	0	0	0	0	0	0	0	0	7700975	
489	1	B	2	N	2500	0	40	231	854	49	24	19	0	0	0	0	0	0	0	0	0	0	0	0	7700975	
490	1	B	2	N	2500	0	40	140	453	135	166	197	0	0	0	0	0	0	0	0	0	0	0	0	7701053	
491	1	B	2	N	2500	0	40	39	55	1	0	1	0	0	0	0	0	0	0	0	0	0	0	0	7701319	
492	1	B	2	N	2500	0	40	29	48	1	1	1	0	0	0	0	0	0	0	0	0	0	0	0	7701740	
493	1	B	2	N	2500	0	40	307	1021	65	30	24	0	0	0	0	0	0	0	0	0	0	0	0	7701880	
494	1	B	2	N	2500	0	40	182	854	44	21	14	0	0	0	0	0	0	0	0	0	0	0	0	7701880	
495	1	B	2	N	2500	0	40	238	887	46	21	17	0	0	0	0	0	0	0	0	0	0	0	0	7702114	
496	1	B	2	N	2500	0	40	27	26	1	1	1	0	0	0	0	0	0	0	0	0	0	0	0	7702130	
497	1	B	2	N	2500	0	40	149	560	23	12	10	0	0	0	0	0	0	0	0	0	0	0	0	7702145	
498	1	B	2	N	2500	0	40	33	52	2	2	2	0	0	0	0	0	0	0	0	0	0	0	0	7702208	
499	1	B	2	N	2500	0	40	380	1322	90	37	27	0	0	0	0	0	0	0	0	0	0	0	0	7702520	
500	1	B	2	N	2500	0	40	291	988	59	25	19	0	0	0	0	0	0	0	0	0	0	0	0	7702582	
501	1	B	2	N	2500	0	40	22	28	0	1	1	0	0	0	0	0	0	0	0	0	0	0	0	7703035	
502	1	B	2	N	2500	0	40	314	1085	56	32	23	0	0	0	0	0	0	0	0	0	0	0	0	7703050	
503	1	B	2	N	2500	0	40	369	1165	88	29	22	0	0	0	0	0	0	0	0	0	0	0	0	7703066	
504	1	B	2	N	2500	0	40	45	93	4	4	6	0	0	0	0	0	0	0	0	0	0	0	0	7703113	
505	1	B	2	N	2500	0	40	263	933	60	28	21	0	0	0	0	0	0	0	0	0	0	0	0	7703237	
506	1	B	2	N	2500	0	40	28	53	2	2	3	0	0	0	0	0	0	0	0	0	0	0	0	7703331	
507	1	B	2	N	2500	0	40	246	1036	52	24	19	0	0	0	0	0	0	0	0	0	0	0	0	7703347	
508	1	B	2	N	2500	0	40	88	169	8	6	6	0	0	0	0	0	0	0	0	0	0	0	0	7703347	
509	1	B	2	N	2500	0	40	247	776	46	20	14	0	0	0	0	0	0	0	0	0	0	0	0	7703393	
510	1	B	2	N	2500	0	40	271	919	53	22	15	0	0	0	0	0	0	0	0	0	0	0	0	7703471	
511	1	B	2	N	2500	0	40	20	16	0	0	0	0	0	0	0	0	0	0	0	0	0	0	0	7703518	
512	1	B	2	N	2500	0	40	43	82	8	8	7	0	0	0	0	0	0	0	0	0	0	0	0	7703659	
513	1	B	2	N	2500	0	40	20	26	1	2	3	0	0	0	0	0	0	0	0	0	0	0	0	7703690	
514	1	B	2	N	2500	0	40	23	41	8	10	12	0	0	0	0	0	0	0	0	0	0	0	0	7703737	
515	1	B	2	N	2500	0	40	141	772	50	19	14	0	0	0	0	0	0	0	0	0	0	0	0	7703877	
516	1	B	2	N	2500	0	40	342	732	29	17	15	0	0	0	0	0	0	0	0	0	0	0	0	7704095	
517	1	B	2	N	2500	0	40	280	986	53	22	20	0	0	0	0	0	0	0	0	0	0	0	0	7704283	
518	1	B	2	N	2500	0	40	31	51	1	2	3	0	0	0	0	0	0	0	0	0	0	0	0	7704298	
519	1	B	2	N	2500	0	40	333	809	48	22	17	0	0	0	0	0	0	0	0	0	0	0	0	7704439	
520	1	B	2	N	2500	0	40	208	532	18	13	11	0	0	0	0	0	0	0	0	0	0	0	0	7704922	
521	1	B	2	N	2500	0	40	283	1074	60	26	23	0	0	0	0	0	0	0	0	0	0	0	0	7704985	
522	1	B	2	N	2500	0	40	47	45	2	2	3	0	0	0	0	0	0	0	0	0	0	0	0	7705047	
523	1	B	2	N	2500	0	40	148	465	32	17	13	0	0	0	0	0	0	0	0	0	0	0	0	7705125	
524	1	B	2	N	2500	0	40	26	26	2	2	3	0	0	0	0	0	0	0	0	0	0	0	0	7705219	
525	1	B	3	N	2500	0	40	22	20	0	0	0	0	0	0	0	0	0	0	0	0	0	0	0	7712722	
526	1	B	3	N	2500	0	40	241	910	53	24	18	0	0	0	0	0	0	0	0	0	0	0	0	7712800	
527	1	B	3	N	2500	0	40	238	820	48	21	19	0	0	0	0	0	0	0	0	0	0	0	0	7713112	
528	1	B	3	N	2500	0	40	159	639	29	15	12	0	0	0	0	0	0	0	0	0	0	0	0	7713315	
529	1	B	3	N	2500	0	40	22	18	0	0	0	0	0	0	0	0	0	0	0	0	0	0	0	7713377	
530	1	B	3	N	2500	0	40	262	730	36	18	14	0	0	0	0	0	0	0	0	0	0	0	0	7713502	
531	1	B	3	N	2500	0	40	214	940	63	31	23	0	0	0	0	0	0	0	0	0	0	0	0	7713674	
532	1	B	3	N	2500	0	40	46	153	0	0	0	0	0	0	0	0	0	0	0	0	0	0	0	7713830	
533	1	B	3	N	2500	0	40	226	868	56	26	22	0	0	0	0	0	0	0	0	0	0	0	0	7713955	
534	1	B	3	N	2500	0	40	50	148	4	2	4	0	0	0	0	0	0	0	0	0	0	0	0	7714048	
535	1	B	3	N	2500	0	40	288	891	42	22	18	0	0	0	0	0	0	0	0	0	0	0	0	7714189	
536	1	B	3	N	2500	0	40	208	622	38	19	17	0	0	0	0	0	0	0	0	0	0	0	0	7714220	
537	1	B	3	N	2500	0	40	255	900	46	22	19	0	0	0	0	0	0	0	0	0	0	0	0	7714235	
538	1	B	3	N	2500	0	40	258	760	48	20	15	0	0	0	0	0	0	0	0	0	0	0	0	7714625	
539	1	B	3	N	2500	0	40	244	919	50	21	17	0	0	0	0	0	0	0	0	0	0	0	0	7714891	
540	1	B	3	N	2500	0	40	24	40	0	1	0	0	0	0	0	0	0	0	0	0	0	0	0	7714922	
541	1	B	3	N	2500	0	40	283	941	60	24	21	0	0	0	0	0	0	0	0	0	0	0	0	7714969	
542	1	B	3	N	2500	0	40	178	928	61	27	22	0	0	0	0	0	0	0	0	0	0	0	0	7715203	
543	1	B	3	N	2500	0	40	37	46	3	3	5	0	0	0	0	0	0	0	0	0	0	0	0	7715483	
544	1	B	3	N	2500	0	40	137	745	45	22	13	0	0	0	0	0	0	0	0	0	0	0	0	7715593	
545	1	B	3	N	2500	0	40	234	850	54	24	20	0	0	0	0	0	0	0	0	0	0	0	0	7715624	
546	1	B	3	N	2500	0	40	20	28	1	0	1	0	0	0	0	0	0	0	0	0	0	0	0	7715873	
547	1	B	3	N	2500	0	40	43	69	5	5	7	0	0	0	0	0	0	0	0	0	0	0	0	7715873	
548	1	B	3	N	2500	0	40	261	688	28	14	11	0	0	0	0	0	0	0	0	0	0	0	0	7716107	
549	1	B	3	N	2500	0	40	80	163	7	7	10	0	0	0	0	0	0	0	0	0	0	0	0	7716310	
550	1	B	3	N	2500	0	40	200	988	62	30	23	0	0	0	0	0	0	0	0	0	0	0	0	7716341	
551	1	B	3	N	2500	0	40	265	756	43	18	12	0	0	0	0	0	0	0	0	0	0	0	0	7716357	
552	1	B	3	N	2500	0	40	31	44	1	0	0	0	0	0	0	0	0	0	0	0	0	0	0	7716544	
553	1	B	3	N	2500	0	40	24	48	1	0	1	0	0	0	0	0	0	0	0	0	0	0	0	7716622	
554	1	B	3	N	2500	0	40	194	517	20	12	9	0	0	0	0	0	0	0	0	0	0	0	0	7716872	
555	1	B	3	N	2500	0	40	288	814	60	21	20	0	0	0	0	0	0	0	0	0	0	0	0	7717371	
556	1	B	3	N	2500	0	40	25	51	1	1	0	0	0	0	0	0	0	0	0	0	0	0	0	7717402	
557	1	B	3	N	2500	0	40	360	1177	84	36	27	0	0	0	0	0	0	0	0	0	0	0	0	7717511	
558	1	B	3	N	2500	0	40	207	872	56	27	18	0	0	0	0	0	0	0	0	0	0	0	0	7717558	
559	1	B	3	N	2500	0	40	38	81	5	4	4	0	0	0	0	0	0	0	0	0	0	0	0	7717745	
560	1	B	3	N	2500	0	40	31	29	1	2	3	0	0	0	0	0	0	0	0	0	0	0	0	7717777	
561	1	B	3	N	2500	0	40	312	1085	66	27	21	0	0	0	0	0	0	0	0	0	0	0	0	7717792	
562	1	B	3	N	2500	0	40	281	1046	66	29	22	0	0	0	0	0	0	0	0	0	0	0	0	7718042	
563	1	B	3	N	2500	0	40	204	653	39	17	11	0	0	0	0	0	0	0	0	0	0	0	0	7718120	
564	1	B	3	N	2500	0	40	100	386	27	13	10	0	0	0	0	0	0	0	0	0	0	0	0	7718151	
565	1	B	3	N	2500	0	40	191	813	44	22	16	0	0	0	0	0	0	0	0	0	0	0	0	7718151	
566	1	B	3	N	2500	0	40	181	651	32	15	11	0	0	0	0	0	0	0	0	0	0	0	0	7718198	
567	1	B	3	N	2500	0	40	243	938	56	24	19	0	0	0	0	0	0	0	0	0	0	0	0	7718229	
568	1	B	3	N	2500	0	40	227	952	60	26	20	0	0	0	0	0	0	0	0	0	0	0	0	7718276	
569	1	B	3	N	2500	0	40	272	921	53	21	17	0	0	0	0	0	0	0	0	0	0	0	0	7718369	
570	1	B	3	N	2500	0	40	229	737	54	23	16	0	0	0	0	0	0	0	0	0	0	0	0	7718588	
571	1	B	3	N	2500	0	40	149	828	55	24	19	0	0	0	0	0	0	0	0	0	0	0	0	7718619	
572	1	B	3	N	2500	0	40	265	868	53	29	29	0	0	0	0	0	0	0	0	0	0	0	0	7718837	
573	1	B	3	N	2500	0	40	148	632	38	18	14	0	0	0	0	0	0	0	0	0	0	0	0	7719399	
574	1	B	3	N	2500	0	40	195	739	53	25	19	0	0	0	0	0	0	0	0	0	0	0	0	7719773	
575	1	B	3	N	2500	0	40	24	35	7	6	7	0	0	0	0	0	0	0	0	0	0	0	0	7719914	
576	1	B	3	N	2500	0	40	100	218	41	52	56	0	0	0	0	0	0	0	0	0	0	0	0	7719992	
577	1	B	4	N	2500	0	40	196	739	40	20	14	0	0	0	0	0	0	0	0	0	0	0	0	7727480	
578	1	B	4	N	2500	0	40	210	719	39	18	13	0	0	0	0	0	0	0	0	0	0	0	0	7727527	
579	1	B	4	N	2500	0	40	241	876	50	25	20	0	0	0	0	0	0	0	0	0	0	0	0	7727573	
580	1	B	4	N	2500	0	40	167	485	23	13	11	0	0	0	0	0	0	0	0	0	0	0	0	7727683	
581	1	B	4	N	2500	0	40	255	944	58	24	19	0	0	0	0	0	0	0	0	0	0	0	0	7728260	
582	1	B	4	N	2500	0	40	30	49	0	0	0	0	0	0	0	0	0	0	0	0	0	0	0	7728322	
583	1	B	4	N	2500	0	40	230	753	44	19	14	0	0	0	0	0	0	0	0	0	0	0	0	7728509	
584	1	B	4	N	2500	0	40	25	27	1	1	2	0	0	0	0	0	0	0	0	0	0	0	0	7728650	
585	1	B	4	N	2500	0	40	253	868	59	24	20	0	0	0	0	0	0	0	0	0	0	0	0	7728665	
586	1	B	4	N	2500	0	40	156	524	22	11	8	0	0	0	0	0	0	0	0	0	0	0	0	7728759	
587	1	B	4	N	2500	0	40	301	872	42	19	18	0	0	0	0	0	0	0	0	0	0	0	0	7728899	
588	1	B	4	N	2500	0	40	379	1288	80	36	26	0	0	0	0	0	0	0	0	0	0	0	0	7729196	
589	1	B	4	N	2500	0	40	178	619	38	15	11	0	0	0	0	0	0	0	0	0	0	0	0	7729243	
590	1	B	4	N	2500	0	40	169	720	39	19	16	0	0	0	0	0	0	0	0	0	0	0	0	7729461	
591	1	B	4	N	2500	0	40	203	929	60	29	22	0	0	0	0	0	0	0	0	0	0	0	0	7729757	
592	1	B	4	N	2500	0	40	155	667	32	19	14	0	0	0	0	0	0	0	0	0	0	0	0	7730132	
593	1	B	4	N	2500	0	40	126	310	84	111	140	0	0	0	0	0	0	0	0	0	0	0	0	7730413	
594	1	B	4	N	2500	0	40	146	613	35	17	12	0	0	0	0	0	0	0	0	0	0	0	0	7730693	
595	1	B	4	N	2500	0	40	180	816	48	22	18	0	0	0	0	0	0	0	0	0	0	0	0	7730756	
596	1	B	4	N	2500	0	40	235	771	48	22	15	0	0	0	0	0	0	0	0	0	0	0	0	7730865	
597	1	B	4	N	2500	0	40	152	777	47	22	18	0	0	0	0	0	0	0	0	0	0	0	0	7731302	
598	1	B	4	N	2500	0	40	164	776	52	23	16	0	0	0	0	0	0	0	0	0	0	0	0	7731317	
599	1	B	4	N	2500	0	40	120	408	19	8	7	0	0	0	0	0	0	0	0	0	0	0	0	7731333	
600	1	B	4	N	2500	0	40	236	873	57	22	19	0	0	0	0	0	0	0	0	0	0	0	0	7731427	
601	1	B	4	N	2500	0	40	262	869	44	22	18	0	0	0	0	0	0	0	0	0	0	0	0	7731957	
602	1	B	4	N	2500	0	40	155	898	68	30	22	0	0	0	0	0	0	0	0	0	0	0	0	7732253	
603	1	B	4	N	2500	0	40	279	1052	59	24	18	0	0	0	0	0	0	0	0	0	0	0	0	7732300	
604	1	B	4	N	2500	0	40	253	899	58	24	21	0	0	0	0	0	0	0	0	0	0	0	0	7732487	
605	1	B	4	N	2500	0	40	263	860	48	21	18	0	0	0	0	0	0	0	0	0	0	0	0	7732799	
606	1	B	4	N	2500	0	40	344	1078	64	29	22	0	0	0	0	0	0	0	0	0	0	0	0	7732815	
607	1	B	4	N	2500	0	40	192	884	50	24	21	0	0	0	0	0	0	0	0	0	0	0	0	7733049	
608	1	B	4	N	2500	0	40	58	49	9	12	12	0	0	0	0	0	0	0	0	0	0	0	0	7733065	
609	1	B	4	N	2500	0	40	35	54	1	0	1	0	0	0	0	0	0	0	0	0	0	0	0	7733065	
610	1	B	4	N	2500	0	40	252	775	46	20	14	0	0	0	0	0	0	0	0	0	0	0	0	7733221	
611	1	B	4	N	2500	0	40	43	42	0	0	1	0	0	0	0	0	0	0	0	0	0	0	0	7733221	
612	1	B	4	N	2500	0	40	34	63	3	3	4	0	0	0	0	0	0	0	0	0	0	0	0	7733267	
613	1	B	4	N	2500	0	40	218	732	39	18	13	0	0	0	0	0	0	0	0	0	0	0	0	7733314	
614	1	B	4	N	2500	0	40	222	1036	60	28	22	0	0	0	0	0	0	0	0	0	0	0	0	7733361	
615	1	B	4	N	2500	0	40	158	776	40	21	15	0	0	0	0	0	0	0	0	0	0	0	0	7733423	
616	1	B	4	N	2500	0	40	167	738	42	20	15	0	0	0	0	0	0	0	0	0	0	0	0	7733470	
617	1	B	4	N	2500	0	40	35	53	1	1	2	0	0	0	0	0	0	0	0	0	0	0	0	7733626	
618	1	B	4	N	2500	0	40	256	912	52	23	16	0	0	0	0	0	0	0	0	0	0	0	0	7733767	
619	1	B	4	N	2500	0	40	282	945	66	24	18	0	0	0	0	0	0	0	0	0	0	0	0	7733891	
620	1	B	4	N	2500	0	40	198	695	250	327	404	0	0	0	0	0	0	0	0	0	0	0	0	7733923	
621	1	B	4	N	2500	0	40	141	230	11	7	7	0	0	0	0	0	0	0	0	0	0	0	0	7733938	
622	1	B	4	N	2500	0	40	233	899	57	26	20	0	0	0	0	0	0	0	0	0	0	0	0	7733985	
623	1	B	4	N	2500	0	40	44	42	2	2	3	0	0	0	0	0	0	0	0	0	0	0	0	7734001	
624	1	B	4	N	2500	0	40	247	913	61	26	21	0	0	0	0	0	0	0	0	0	0	0	0	7734001	
625	1	B	4	N	2500	0	40	38	49	5	1	0	0	0	0	0	0	0	0	0	0	0	0	0	7734016	
626	1	B	4	N	2500	0	40	239	755	42	22	18	0	0	0	0	0	0	0	0	0	0	0	0	7734063	
627	1	B	4	N	2500	0	40	305	1123	61	28	26	0	0	0	0	0	0	0	0	0	0	0	0	7734250	
628	1	B	4	N	2500	0	40	213	679	26	16	11	0	0	0	0	0	0	0	0	0	0	0	0	7734453	
629	1	B	5	N	2500	0	40	108	395	29	15	12	0	0	0	0	0	0	0	0	0	0	0	0	7741988	
630	1	B	5	N	2500	0	40	198	690	49	21	19	0	0	0	0	0	0	0	0	0	0	0	0	7742019	
631	1	B	5	N	2500	0	40	209	791	47	21	17	0	0	0	0	0	0	0	0	0	0	0	0	7742128	
632	1	B	5	N	2500	0	40	153	687	49	21	16	0	0	0	0	0	0	0	0	0	0	0	0	7742191	
633	1	B	5	N	2500	0	40	198	637	35	17	14	0	0	0	0	0	0	0	0	0	0	0	0	7742705	
634	1	B	5	N	2500	0	40	212	648	34	15	13	0	0	0	0	0	0	0	0	0	0	0	0	7742737	
635	1	B	5	N	2500	0	40	198	640	44	20	16	0	0	0	0	0	0	0	0	0	0	0	0	7742768	
636	1	B	5	N	2500	0	40	169	668	32	15	16	0	0	0	0	0	0	0	0	0	0	0	0	7743563	
637	1	B	5	N	2500	0	40	222	683	235	298	369	0	0	0	0	0	0	0	0	0	0	0	0	7743797	
638	1	B	5	N	2500	0	40	208	838	48	22	17	0	0	0	0	0	0	0	0	0	0	0	0	7744188	
639	1	B	5	N	2500	0	40	24	33	8	1	1	0	0	0	0	0	0	0	0	0	0	0	0	7744188	
640	1	B	5	N	2500	0	40	26	20	0	0	1	0	0	0	0	0	0	0	0	0	0	0	0	7744468	
641	1	B	5	N	2500	0	40	192	685	39	18	11	0	0	0	0	0	0	0	0	0	0	0	0	7744656	
642	1	B	5	N	2500	0	40	43	68	13	1	0	0	0	0	0	0	0	0	0	0	0	0	0	7745498	
643	1	B	5	N	2500	0	40	213	713	44	17	12	0	0	0	0	0	0	0	0	0	0	0	0	7745514	
644	1	B	5	N	2500	0	40	34	47	2	2	3	0	0	0	0	0	0	0	0	0	0	0	0	7745560	
645	1	B	5	N	2500	0	40	128	621	40	18	15	0	0	0	0	0	0	0	0	0	0	0	0	7745654	
646	1	B	5	N	2500	0	40	187	592	26	15	14	0	0	0	0	0	0	0	0	0	0	0	0	7745670	
647	1	B	5	N	2500	0	40	161	743	51	23	15	0	0	0	0	0	0	0	0	0	0	0	0	7745966	
648	1	B	5	N	2500	0	40	40	46	0	0	0	0	0	0	0	0	0	0	0	0	0	0	0	7746091	
649	1	B	5	N	2500	0	40	394	1300	79	32	22	0	0	0	0	0	0	0	0	0	0	0	0	7746106	
650	1	B	5	N	2500	0	40	51	49	15	1	1	0	0	0	0	0	0	0	0	0	0	0	0	7746216	
651	1	B	5	N	2500	0	40	36	57	8	1	1	0	0	0	0	0	0	0	0	0	0	0	0	7746262	
652	1	B	5	N	2500	0	40	215	504	17	14	10	0	0	0	0	0	0	0	0	0	0	0	0	7746340	
653	1	B	5	N	2500	0	40	119	594	32	16	9	0	0	0	0	0	0	0	0	0	0	0	0	7746465	
654	1	B	5	N	2500	0	40	188	449	23	11	9	0	0	0	0	0	0	0	0	0	0	0	0	7746528	
655	1	B	5	N	2500	0	40	212	697	32	16	12	0	0	0	0	0	0	0	0	0	0	0	0	7746668	
656	1	B	5	N	2500	0	40	175	655	36	18	14	0	0	0	0	0	0	0	0	0	0	0	0	7746684	
657	1	B	5	N	2500	0	40	344	1054	60	28	22	0	0	0	0	0	0	0	0	0	0	0	0	7746777	
658	1	B	5	N	2500	0	40	228	822	49	20	18	0	0	0	0	0	0	0	0	0	0	0	0	7747089	
659	1	B	5	N	2500	0	40	21	27	1	1	1	0	0	0	0	0	0	0	0	0	0	0	0	7747386	
660	1	B	5	N	2500	0	40	197	655	34	18	14	0	0	0	0	0	0	0	0	0	0	0	0	7747401	
661	1	B	5	N	2500	0	40	66	126	5	2	2	0	0	0	0	0	0	0	0	0	0	0	0	7747417	
662	1	B	5	N	2500	0	40	178	934	68	28	20	0	0	0	0	0	0	0	0	0	0	0	0	7747526	
663	1	B	5	N	2500	0	40	172	497	23	12	10	0	0	0	0	0	0	0	0	0	0	0	0	7747542	
664	1	B	5	N	2500	0	40	215	819	47	22	14	0	0	0	0	0	0	0	0	0	0	0	0	7747588	
665	1	B	5	N	2500	0	40	217	613	31	14	10	0	0	0	0	0	0	0	0	0	0	0	0	7747620	
666	1	B	5	N	2500	0	40	164	698	55	20	16	0	0	0	0	0	0	0	0	0	0	0	0	7747682	
667	1	B	5	N	2500	0	40	31	48	9	1	1	0	0	0	0	0	0	0	0	0	0	0	0	7747713	
668	1	B	5	N	2500	0	40	183	602	30	15	11	0	0	0	0	0	0	0	0	0	0	0	0	7747854	
669	1	B	5	N	2500	0	40	304	686	25	13	12	0	0	0	0	0	0	0	0	0	0	0	0	7747869	
670	1	B	5	N	2500	0	40	201	786	50	22	18	0	0	0	0	0	0	0	0	0	0	0	0	7747885	
671	1	B	5	N	2500	0	40	209	588	24	14	11	0	0	0	0	0	0	0	0	0	0	0	0	7748025	
672	1	B	5	N	2500	0	40	192	655	27	15	14	0	0	0	0	0	0	0	0	0	0	0	0	7748103	
673	1	B	5	N	2500	0	40	22	31	0	0	0	0	0	0	0	0	0	0	0	0	0	0	0	7748181	
674	1	B	5	N	2500	0	40	32	43	18	1	1	0	0	0	0	0	0	0	0	0	0	0	0	7748259	
675	1	B	5	N	2500	0	40	165	561	30	16	9	0	0	0	0	0	0	0	0	0	0	0	0	7748290	
676	1	B	5	N	2500	0	40	274	951	68	25	21	0	0	0	0	0	0	0	0	0	0	0	0	7748478	
677	1	B	5	N	2500	0	40	333	1024	54	24	23	0	0	0	0	0	0	0	0	0	0	0	0	7748665	
678	1	B	5	N	2500	0	40	279	893	59	26	23	0	0	0	0	0	0	0	0	0	0	0	0	7748727	
679	1	B	5	N	2500	0	40	23	23	1	1	1	0	0	0	0	0	0	0	0	0	0	0	0	7748743	
680	1	B	5	N	2500	0	40	231	880	54	22	16	0	0	0	0	0	0	0	0	0	0	0	0	7748790	
681	1	B	5	N	2500	0	40	194	654	30	15	11	0	0	0	0	0	0	0	0	0	0	0	0	7748992	
682	1	B	5	N	2500	0	40	132	439	24	12	8	0	0	0	0	0	0	0	0	0	0	0	0	7749086	
683	1	B	6	N	2500	0	40	41	65	1	0	0	0	0	0	0	0	0	0	0	0	0	0	0	7756730	
684	1	B	6	N	2500	0	40	22	29	0	0	0	0	0	0	0	0	0	0	0	0	0	0	0	7756886	
685	1	B	6	N	2500	0	40	25	42	3	0	0	0	0	0	0	0	0	0	0	0	0	0	0	7756948	
686	1	B	6	N	2500	0	40	105	750	6	0	1	0	0	0	0	0	0	0	0	0	0	0	0	7756948	
687	1	B	6	N	2500	0	40	135	582	31	15	12	0	0	0	0	0	0	0	0	0	0	0	0	7756995	
688	1	B	6	N	2500	0	40	21	29	0	0	0	0	0	0	0	0	0	0	0	0	0	0	0	7757463	
689	1	B	6	N	2500	0	40	21	29	0	0	0	0	0	0	0	0	0	0	0	0	0	0	0	7757884	
690	1	B	6	N	2500	0	40	36	86	0	0	0	0	0	0	0	0	0	0	0	0	0	0	0	7758025	
691	1	B	6	N	2500	0	40	20	28	0	0	0	0	0	0	0	0	0	0	0	0	0	0	0	7758337	
692	1	B	6	N	2500	0	40	30	38	1	0	0	0	0	0	0	0	0	0	0	0	0	0	0	7758696	
693	1	B	6	N	2500	0	40	22	23	0	0	0	0	0	0	0	0	0	0	0	0	0	0	0	7759460	
694	1	B	6	N	2500	0	40	20	31	1	1	1	0	0	0	0	0	0	0	0	0	0	0	0	7760599	
695	1	B	6	N	2500	0	40	61	88	5	2	1	0	0	0	0	0	0	0	0	0	0	0	0	7762206	
696	1	B	6	N	2500	0	40	102	404	24	8	6	0	0	0	0	0	0	0	0	0	0	0	0	7762206	
697	1	B	6	N	2500	0	40	245	895	72	25	17	0	0	0	0	0	0	0	0	0	0	0	0	7763407	
698	1	B	7	N	2500	0	40	20	32	0	0	0	0	0	0	0	0	0	0	0	0	0	0	0	7771394	
699	1	B	7	N	2500	0	40	173	602	203	259	315	0	0	0	0	0	0	0	0	0	0	0	0	7771441	
700	1	B	7	N	2500	0	40	315	1152	59	30	22	0	0	0	0	0	0	0	0	0	0	0	0	7771519	
701	1	B	7	N	2500	0	40	196	988	62	27	20	0	0	0	0	0	0	0	0	0	0	0	0	7771800	
702	1	B	7	N	2500	0	40	347	1149	62	30	19	0	0	0	0	0	0	0	0	0	0	0	0	7772034	
703	1	B	7	N	2500	0	40	25	40	0	0	0	0	0	0	0	0	0	0	0	0	0	0	0	7772080	
704	1	B	7	N	2500	0	40	208	990	81	33	23	0	0	0	0	0	0	0	0	0	0	0	0	7772143	
705	1	B	7	N	2500	0	40	241	799	49	23	15	0	0	0	0	0	0	0	0	0	0	0	0	7772205	
706	1	B	7	N	2500	0	40	21	19	1	0	0	0	0	0	0	0	0	0	0	0	0	0	0	7772392	
707	1	B	7	N	2500	0	40	37	67	1	0	0	0	0	0	0	0	0	0	0	0	0	0	0	7772439	
708	1	B	7	N	2500	0	40	242	894	45	23	18	0	0	0	0	0	0	0	0	0	0	0	0	7772736	
709	1	B	7	N	2500	0	40	26	44	0	0	0	0	0	0	0	0	0	0	0	0	0	0	0	7772767	
710	1	B	7	N	2500	0	40	26	44	0	0	0	0	0	0	0	0	0	0	0	0	0	0	0	7772923	
711	1	B	7	N	2500	0	40	268	785	38	19	12	0	0	0	0	0	0	0	0	0	0	0	0	7773110	
712	1	B	7	N	2500	0	40	26	51	0	0	0	0	0	0	0	0	0	0	0	0	0	0	0	7773313	
713	1	B	7	N	2500	0	40	349	1350	65	34	23	0	0	0	0	0	0	0	0	0	0	0	0	7773578	
714	1	B	7	N	2500	0	40	27	45	1	1	0	0	0	0	0	0	0	0	0	0	0	0	0	7773640	
715	1	B	7	N	2500	0	40	193	1002	47	27	18	0	0	0	0	0	0	0	0	0	0	0	0	7773859	
716	1	B	7	N	2500	0	40	277	950	60	24	20	0	0	0	0	0	0	0	0	0	0	0	0	7773874	
717	1	B	7	N	2500	0	40	293	904	45	20	16	0	0	0	0	0	0	0	0	0	0	0	0	7774483	
718	1	B	7	N	2500	0	40	27	41	2	1	3	0	0	0	0	0	0	0	0	0	0	0	0	7774842	
719	1	B	7	N	2500	0	40	115	154	5	1	1	0	0	0	0	0	0	0	0	0	0	0	0	7775060	
720	1	B	7	N	2500	0	40	173	457	122	156	199	0	0	0	0	0	0	0	0	0	0	0	0	7775918	
721	1	B	7	N	2500	0	40	371	1215	80	33	24	0	0	0	0	0	0	0	0	0	0	0	0	7776620	
722	1	B	7	N	2500	0	40	277	973	52	23	18	0	0	0	0	0	0	0	0	0	0	0	0	7776667	
723	1	B	7	N	2500	0	40	439	1388	73	39	33	0	0	0	0	0	0	0	0	0	0	0	0	7776838	
724	1	B	7	N	2500	0	40	341	1240	62	30	24	0	0	0	0	0	0	0	0	0	0	0	0	7776979	
725	1	B	7	N	2500	0	40	25	38	1	2	2	0	0	0	0	0	0	0	0	0	0	0	0	7777057	
726	1	B	7	N	2500	0	40	28	57	2	3	3	0	0	0	0	0	0	0	0	0	0	0	0	7777119	
727	1	B	7	N	2500	0	40	311	1186	67	29	23	0	0	0	0	0	0	0	0	0	0	0	0	7777291	
728	1	B	7	N	2500	0	40	245	967	63	31	26	0	0	0	0	0	0	0	0	0	0	0	0	7777306	
729	1	B	7	N	2500	0	40	333	1117	54	25	19	0	0	0	0	0	0	0	0	0	0	0	0	7777509	
730	1	B	7	N	2500	0	40	227	783	280	350	449	0	0	0	0	0	0	0	0	0	0	0	0	7777556	
731	1	B	7	N	2500	0	40	305	955	50	24	17	0	0	0	0	0	0	0	0	0	0	0	0	7777650	
732	1	B	7	N	2500	0	40	24	25	1	0	0	0	0	0	0	0	0	0	0	0	0	0	0	7777696	
733	1	B	7	N	2500	0	40	387	1127	51	24	19	0	0	0	0	0	0	0	0	0	0	0	0	7777728	
734	1	B	7	N	2500	0	40	435	1420	65	33	26	0	0	0	0	0	0	0	0	0	0	0	0	7778180	
735	1	B	7	N	2500	0	40	294	1127	72	32	23	0	0	0	0	0	0	0	0	0	0	0	0	7778242	
736	1	B	7	N	2500	0	40	301	962	50	22	20	0	0	0	0	0	0	0	0	0	0	0	0	7778367	
737	1	B	7	N	2500	0	40	20	39	4	4	3	0	0	0	0	0	0	0	0	0	0	0	0	7778461	
738	1	B	7	N	2500	0	40	311	992	50	24	16	0	0	0	0	0	0	0	0	0	0	0	0	7778523	
739	1	B	7	N	2500	0	40	173	467	143	174	219	0	0	0	0	0	0	0	0	0	0	0	0	7778804	
740	1	B	8	N	2500	0	40	257	863	41	20	16	0	0	0	0	0	0	0	0	0	0	0	0	7786308	
741	1	B	8	N	2500	0	40	21	28	0	0	0	0	0	0	0	0	0	0	0	0	0	0	0	7786323	
742	1	B	8	N	2500	0	40	183	389	82	99	118	0	0	0	0	0	0	0	0	0	0	0	0	7786323	
743	1	B	8	N	2500	0	40	250	897	66	29	21	0	0	0	0	0	0	0	0	0	0	0	0	7786620	
744	1	B	8	N	2500	0	40	28	48	0	0	0	0	0	0	0	0	0	0	0	0	0	0	0	7786854	
745	1	B	8	N	2500	0	40	21	31	0	0	0	0	0	0	0	0	0	0	0	0	0	0	0	7787197	
746	1	B	8	N	2500	0	40	21	25	0	0	0	0	0	0	0	0	0	0	0	0	0	0	0	7787524	
747	1	B	8	N	2500	0	40	248	969	60	33	24	0	0	0	0	0	0	0	0	0	0	0	0	7787649	
748	1	B	8	N	2500	0	40	290	981	57	25	19	0	0	0	0	0	0	0	0	0	0	0	0	7787946	
749	1	B	8	N	2500	0	40	328	1056	54	24	22	0	0	0	0	0	0	0	0	0	0	0	0	7788039	
750	1	B	8	N	2500	0	40	284	1047	56	27	20	0	0	0	0	0	0	0	0	0	0	0	0	7788710	
751	1	B	8	N	2500	0	40	267	901	58	27	20	0	0	0	0	0	0	0	0	0	0	0	0	7788960	
752	1	B	8	N	2500	0	40	68	109	25	32	37	0	0	0	0	0	0	0	0	0	0	0	0	7789381	
753	1	B	8	N	2500	0	40	28	62	0	0	0	0	0	0	0	0	0	0	0	0	0	0	0	7789724	
754	1	B	8	N	2500	0	40	253	992	59	30	20	0	0	0	0	0	0	0	0	0	0	0	0	7789724	
755	1	B	8	N	2500	0	40	238	809	50	20	16	0	0	0	0	0	0	0	0	0	0	0	0	7789989	
756	1	B	8	N	2500	0	40	25	37	1	0	0	0	0	0	0	0	0	0	0	0	0	0	0	7790020	
757	1	B	8	N	2500	0	40	222	936	52	28	20	0	0	0	0	0	0	0	0	0	0	0	0	7790052	
758	1	B	8	N	2500	0	40	41	55	2	1	1	0	0	0	0	0	0	0	0	0	0	0	0	7790098	
759	1	B	8	N	2500	0	40	165	629	108	113	123	0	0	0	0	0	0	0	0	0	0	0	0	7790270	
760	1	B	8	N	2500	0	40	240	949	48	22	19	0	0	0	0	0	0	0	0	0	0	0	0	7790286	
761	1	B	8	N	2500	0	40	199	838	50	22	15	0	0	0	0	0	0	0	0	0	0	0	0	7790707	
762	1	B	8	N	2500	0	40	223	929	49	23	18	0	0	0	0	0	0	0	0	0	0	0	0	7790894	
763	1	B	8	N	2500	0	40	32	38	1	1	2	0	0	0	0	0	0	0	0	0	0	0	0	7791206	
764	1	B	8	N	2500	0	40	222	871	43	21	15	0	0	0	0	0	0	0	0	0	0	0	0	7791268	
765	1	B	8	N	2500	0	40	26	42	2	2	2	0	0	0	0	0	0	0	0	0	0	0	0	7791424	
766	1	B	8	N	2500	0	40	240	880	47	23	16	0	0	0	0	0	0	0	0	0	0	0	0	7791596	
767	1	B	8	N	2500	0	40	262	1142	65	33	26	0	0	0	0	0	0	0	0	0	0	0	0	7791768	
768	1	B	8	N	2500	0	40	34	55	1	0	1	0	0	0	0	0	0	0	0	0	0	0	0	7792064	
769	1	B	8	N	2500	0	40	25	33	3	3	3	0	0	0	0	0	0	0	0	0	0	0	0	7792189	
770	1	B	8	N	2500	0	40	209	809	48	23	16	0	0	0	0	0	0	0	0	0	0	0	0	7792672	
771	1	B	8	N	2500	0	40	295	966	61	26	21	0	0	0	0	0	0	0	0	0	0	0	0	7792782	
772	1	B	8	N	2500	0	40	20	28	1	1	1	0	0	0	0	0	0	0	0	0	0	0	0	7792969	
773	1	B	8	N	2500	0	40	270	856	51	24	21	0	0	0	0	0	0	0	0	0	0	0	0	7793218	
774	1	B	8	N	2500	0	40	278	1111	63	31	26	0	0	0	0	0	0	0	0	0	0	0	0	7793359	
775	1	B	8	N	2500	0	40	51	78	4	5	5	0	0	0	0	0	0	0	0	0	0	0	0	7793374	
776	1	B	8	N	2500	0	40	322	1071	59	28	25	0	0	0	0	0	0	0	0	0	0	0	0	7793374	
777	1	B	9	N	2500	0	40	206	847	46	21	17	0	0	0	0	0	0	0	0	0	0	0	0	7801190	
778	1	B	9	N	2500	0	40	21	33	0	0	0	0	0	0	0	0	0	0	0	0	0	0	0	7801252	
779	1	B	9	N	2500	0	40	31	71	0	0	0	0	0	0	0	0	0	0	0	0	0	0	0	7801377	
780	1	B	9	N	2500	0	40	26	41	3	2	5	0	0	0	0	0	0	0	0	0	0	0	0	7801408	
781	1	B	9	N	2500	0	40	20	33	1	0	1	0	0	0	0	0	0	0	0	0	0	0	0	7801471	
782	1	B	9	N	2500	0	40	22	31	0	0	0	0	0	0	0	0	0	0	0	0	0	0	0	7801564	
783	1	B	9	N	2500	0	40	25	49	0	0	0	0	0	0	0	0	0	0	0	0	0	0	0	7801876	
784	1	B	9	N	2500	0	40	281	738	37	19	15	0	0	0	0	0	0	0	0	0	0	0	0	7801923	
785	1	B	9	N	2500	0	40	243	972	61	34	31	0	0	0	0	0	0	0	0	0	0	0	0	7801986	
786	1	B	9	N	2500	0	40	37	65	4	5	6	0	0	0	0	0	0	0	0	0	0	0	0	7802001	
787	1	B	9	N	2500	0	40	315	1095	67	36	26	0	0	0	0	0	0	0	0	0	0	0	0	7802001	
788	1	B	9	N	2500	0	40	37	115	1	0	0	0	0	0	0	0	0	0	0	0	0	0	0	7802064	
789	1	B	9	N	2500	0	40	240	820	52	20	16	0	0	0	0	0	0	0	0	0	0	0	0	7802142	
790	1	B	9	N	2500	0	40	21	25	0	0	0	0	0	0	0	0	0	0	0	0	0	0	0	7803124	
791	1	B	9	N	2500	0	40	36	31	2	2	1	0	0	0	0	0	0	0	0	0	0	0	0	7803717	
792	1	B	9	N	2500	0	40	311	906	57	23	18	0	0	0	0	0	0	0	0	0	0	0	0	7803717	
793	1	B	9	N	2500	0	40	297	941	50	21	16	0	0	0	0	0	0	0	0	0	0	0	0	7803936	
794	1	B	9	N	2500	0	40	376	1256	78	35	22	0	0	0	0	0	0	0	0	0	0	0	0	7804279	
795	1	B	9	N	2500	0	40	145	919	57	30	18	0	0	0	0	0	0	0	0	0	0	0	0	7804279	
796	1	B	9	N	2500	0	40	286	939	54	26	20	0	0	0	0	0	0	0	0	0	0	0	0	7804294	
797	1	B	9	N	2500	0	40	184	680	29	17	12	0	0	0	0	0	0	0	0	0	0	0	0	7804497	
798	1	B	9	N	2500	0	40	245	928	54	35	28	0	0	0	0	0	0	0	0	0	0	0	0	7804762	
799	1	B	9	N	2500	0	40	231	961	59	27	20	0	0	0	0	0	0	0	0	0	0	0	0	7804918	
800	1	B	9	N	2500	0	40	171	862	45	21	16	0	0	0	0	0	0	0	0	0	0	0	0	7805106	
801	1	B	9	N	2500	0	40	202	884	72	27	20	0	0	0	0	0	0	0	0	0	0	0	0	7805121	
802	1	B	9	N	2500	0	40	189	642	41	20	17	0	0	0	0	0	0	0	0	0	0	0	0	7805137	
803	1	B	9	N	2500	0	40	224	915	60	24	22	0	0	0	0	0	0	0	0	0	0	0	0	7805293	
804	1	B	9	N	2500	0	40	189	678	45	18	12	0	0	0	0	0	0	0	0	0	0	0	0	7805433	
805	1	B	9	N	2500	0	40	28	38	5	5	6	0	0	0	0	0	0	0	0	0	0	0	0	7805464	
806	1	B	9	N	2500	0	40	31	33	1	0	0	0	0	0	0	0	0	0	0	0	0	0	0	7805917	
807	1	B	9	N	2500	0	40	192	838	67	32	30	0	0	0	0	0	0	0	0	0	0	0	0	7805932	
808	1	B	9	N	2500	0	40	44	56	2	2	3	0	0	0	0	0	0	0	0	0	0	0	0	7806244	
809	1	B	9	N	2500	0	40	48	105	7	7	6	0	0	0	0	0	0	0	0	0	0	0	0	7806291	
810	1	B	9	N	2500	0	40	249	849	47	20	15	0	0	0	0	0	0	0	0	0	0	0	0	7806338	
811	1	B	9	N	2500	0	40	28	39	1	1	1	0	0	0	0	0	0	0	0	0	0	0	0	7806541	
812	1	B	9	N	2500	0	40	178	976	58	28	20	0	0	0	0	0	0	0	0	0	0	0	0	7806556	
813	1	B	9	N	2500	0	40	361	934	62	24	20	0	0	0	0	0	0	0	0	0	0	0	0	7806588	
814	1	B	9	N	2500	0	40	47	102	12	14	16	0	0	0	0	0	0	0	0	0	0	0	0	7806603	
815	1	B	9	N	2500	0	40	273	871	56	26	19	0	0	0	0	0	0	0	0	0	0	0	0	7806634	
816	1	B	9	N	2500	0	40	253	780	67	24	16	0	0	0	0	0	0	0	0	0	0	0	0	7806744	
817	1	B	9	N	2500	0	40	254	917	60	25	19	0	0	0	0	0	0	0	0	0	0	0	0	7806931	
818	1	B	9	N	2500	0	40	213	635	31	14	12	0	0	0	0	0	0	0	0	0	0	0	0	7807258	
819	1	B	9	N	2500	0	40	192	873	64	26	20	0	0	0	0	0	0	0	0	0	0	0	0	7807399	
820	1	B	9	N	2500	0	40	26	55	3	3	3	0	0	0	0	0	0	0	0	0	0	0	0	7807430	
821	1	B	9	N	2500	0	40	442	1773	571	683	818	0	0	0	0	0	0	0	0	0	0	0	0	7807508	
822	1	B	9	N	2500	0	40	202	810	50	24	18	0	0	0	0	0	0	0	0	0	0	0	0	7808070	
823	1	B	10	N	2500	0	40	158	706	41	19	15	0	0	0	0	0	0	0	0	0	0	0	0	7816228	
824	1	B	10	N	2500	0	40	192	576	33	17	13	0	0	0	0	0	0	0	0	0	0	0	0	7816852	
825	1	B	10	N	2500	0	40	141	408	17	8	9	0	0	0	0	0	0	0	0	0	0	0	0	7817258	
826	1	B	10	N	2500	0	40	235	661	38	20	13	0	0	0	0	0	0	0	0	0	0	0	0	7817788	
827	1	B	10	N	2500	0	40	224	809	46	22	17	0	0	0	0	0	0	0	0	0	0	0	0	7817804	
828	1	B	10	N	2500	0	40	24	24	0	0	0	0	0	0	0	0	0	0	0	0	0	0	0	7818163	
829	1	B	10	N	2500	0	40	211	639	41	19	13	0	0	0	0	0	0	0	0	0	0	0	0	7818834	
830	1	B	10	N	2500	0	40	217	819	54	25	17	0	0	0	0	0	0	0	0	0	0	0	0	7818912	
831	1	B	10	N	2500	0	40	25	38	0	0	0	0	0	0	0	0	0	0	0	0	0	0	0	7818943	
832	1	B	10	N	2500	0	40	23	21	0	0	1	0	0	0	0	0	0	0	0	0	0	0	0	7819036	
833	1	B	10	N	2500	0	40	191	773	47	21	13	0	0	0	0	0	0	0	0	0	0	0	0	7819068	
834	1	B	10	N	2500	0	40	213	991	69	31	26	0	0	0	0	0	0	0	0	0	0	0	0	7819629	
835	1	B	10	N	2500	0	40	305	971	71	28	21	0	0	0	0	0	0	0	0	0	0	0	0	7819645	
836	1	B	10	N	2500	0	40	20	17	0	1	0	0	0	0	0	0	0	0	0	0	0	0	0	7819707	
837	1	B	10	N	2500	0	40	226	717	37	17	15	0	0	0	0	0	0	0	0	0	0	0	0	7819723	
838	1	B	10	N	2500	0	40	231	910	57	27	20	0	0	0	0	0	0	0	0	0	0	0	0	7819894	
839	1	B	10	N	2500	0	40	221	778	46	21	14	0	0	0	0	0	0	0	0	0	0	0	0	7820019	
840	1	B	10	N	2500	0	40	206	710	44	22	17	0	0	0	0	0	0	0	0	0	0	0	0	7820472	
841	1	B	10	N	2500	0	40	260	1008	58	28	20	0	0	0	0	0	0	0	0	0	0	0	0	7820581	
842	1	B	10	N	2500	0	40	25	34	4	4	4	0	0	0	0	0	0	0	0	0	0	0	0	7820784	
843	1	B	10	N	2500	0	40	198	757	50	24	20	0	0	0	0	0	0	0	0	0	0	0	0	7820893	
844	1	B	10	N	2500	0	40	42	45	2	2	5	0	0	0	0	0	0	0	0	0	0	0	0	7821033	
845	1	B	10	N	2500	0	40	245	836	47	22	14	0	0	0	0	0	0	0	0	0	0	0	0	7821096	
846	1	B	10	N	2500	0	40	135	730	51	26	20	0	0	0	0	0	0	0	0	0	0	0	0	7821127	
847	1	B	10	N	2500	0	40	268	921	53	24	15	0	0	0	0	0	0	0	0	0	0	0	0	7821189	
848	1	B	10	N	2500	0	40	205	823	41	20	19	0	0	0	0	0	0	0	0	0	0	0	0	7821267	
849	1	B	10	N	2500	0	40	52	61	3	1	0	0	0	0	0	0	0	0	0	0	0	0	0	7821330	
850	1	B	10	N	2500	0	40	150	505	37	16	16	0	0	0	0	0	0	0	0	0	0	0	0	7821330	
851	1	B	10	N	2500	0	40	334	1086	66	28	21	0	0	0	0	0	0	0	0	0	0	0	0	7821454	
852	1	B	10	N	2500	0	40	28	45	5	6	6	0	0	0	0	0	0	0	0	0	0	0	0	7821579	
853	1	B	10	N	2500	0	40	314	812	211	260	305	0	0	0	0	0	0	0	0	0	0	0	0	7821642	
854	1	B	10	N	2500	0	40	23	30	1	2	2	0	0	0	0	0	0	0	0	0	0	0	0	7821657	
855	1	B	10	N	2500	0	40	198	898	57	28	22	0	0	0	0	0	0	0	0	0	0	0	0	7822250	
856	1	B	10	N	2500	0	40	160	811	51	23	18	0	0	0	0	0	0	0	0	0	0	0	0	7822390	
857	1	B	11	N	2500	0	40	176	486	17	12	9	0	0	0	0	0	0	0	0	0	0	0	0	7830331	
858	1	B	11	N	2500	0	40	259	953	60	28	20	0	0	0	0	0	0	0	0	0	0	0	0	7830627	
859	1	B	11	N	2500	0	40	237	683	41	20	17	0	0	0	0	0	0	0	0	0	0	0	0	7830721	
860	1	B	11	N	2500	0	40	34	44	1	1	1	0	0	0	0	0	0	0	0	0	0	0	0	7830768	
861	1	B	11	N	2500	0	40	184	529	23	14	12	0	0	0	0	0	0	0	0	0	0	0	0	7830768	
862	1	B	11	N	2500	0	40	22	24	1	0	0	0	0	0	0	0	0	0	0	0	0	0	0	7830799	
863	1	B	11	N	2500	0	40	312	838	57	29	23	0	0	0	0	0	0	0	0	0	0	0	0	7830814	
864	1	B	11	N	2500	0	40	157	399	18	7	5	0	0	0	0	0	0	0	0	0	0	0	0	7831142	
865	1	B	11	N	2500	0	40	207	634	36	17	14	0	0	0	0	0	0	0	0	0	0	0	0	7831236	
866	1	B	11	N	2500	0	40	196	651	29	16	13	0	0	0	0	0	0	0	0	0	0	0	0	7831438	
867	1	B	11	N	2500	0	40	223	834	44	22	16	0	0	0	0	0	0	0	0	0	0	0	0	7831548	
868	1	B	11	N	2500	0	40	130	433	20	13	9	0	0	0	0	0	0	0	0	0	0	0	0	7831610	
869	1	B	11	N	2500	0	40	171	555	29	15	12	0	0	0	0	0	0	0	0	0	0	0	0	7832078	
870	1	B	11	N	2500	0	40	20	23	1	1	1	0	0	0	0	0	0	0	0	0	0	0	0	7832094	
871	1	B	11	N	2500	0	40	185	513	139	155	160	0	0	0	0	0	0	0	0	0	0	0	0	7832390	
872	1	B	11	N	2500	0	40	215	632	35	18	14	0	0	0	0	0	0	0	0	0	0	0	0	7832546	
873	1	B	11	N	2500	0	40	271	877	44	21	15	0	0	0	0	0	0	0	0	0	0	0	0	7832749	
874	1	B	11	N	2500	0	40	190	530	31	14	12	0	0	0	0	0	0	0	0	0	0	0	0	7832749	
875	1	B	11	N	2500	0	40	197	764	35	21	17	0	0	0	0	0	0	0	0	0	0	0	0	7832764	
876	1	B	11	N	2500	0	40	22	25	0	0	1	0	0	0	0	0	0	0	0	0	0	0	0	7833170	
877	1	B	11	N	2500	0	40	225	649	40	16	15	0	0	0	0	0	0	0	0	0	0	0	0	7833295	
878	1	B	11	N	2500	0	40	247	641	22	13	14	0	0	0	0	0	0	0	0	0	0	0	0	7833404	
879	1	B	11	N	2500	0	40	277	970	51	29	25	0	0	0	0	0	0	0	0	0	0	0	0	7833716	
880	1	B	11	N	2500	0	40	21	32	3	3	3	0	0	0	0	0	0	0	0	0	0	0	0	7833966	
881	1	B	11	N	2500	0	40	247	819	43	21	16	0	0	0	0	0	0	0	0	0	0	0	0	7834106	
882	1	B	11	N	2500	0	40	28	40	6	5	4	0	0	0	0	0	0	0	0	0	0	0	0	7834215	
883	1	B	11	N	2500	0	40	201	649	32	16	13	0	0	0	0	0	0	0	0	0	0	0	0	7834293	
884	1	B	11	N	2500	0	40	21	35	11	13	14	0	0	0	0	0	0	0	0	0	0	0	0	7834480	
885	1	B	11	N	2500	0	40	198	592	31	14	12	0	0	0	0	0	0	0	0	0	0	0	0	7834683	
886	1	B	11	N	2500	0	40	219	659	25	16	10	0	0	0	0	0	0	0	0	0	0	0	0	7834699	
887	1	B	11	N	2500	0	40	101	438	21	12	9	0	0	0	0	0	0	0	0	0	0	0	0	7834839	
888	1	B	11	N	2500	0	40	214	587	24	13	12	0	0	0	0	0	0	0	0	0	0	0	0	7834886	
889	1	B	11	N	2500	0	40	94	286	33	48	81	0	0	0	0	0	0	0	0	0	0	0	0	7835089	
890	1	B	11	N	2500	0	40	217	704	41	19	14	0	0	0	0	0	0	0	0	0	0	0	0	7835104	
891	1	B	11	N	2500	0	40	114	595	39	20	15	0	0	0	0	0	0	0	0	0	0	0	0	7835151	
892	1	B	11	N	2500	0	40	180	498	24	12	9	0	0	0	0	0	0	0	0	0	0	0	0	7835292	
893	1	B	11	N	2500	0	40	36	63	2	1	1	0	0	0	0	0	0	0	0	0	0	0	0	7835650	
894	1	B	11	N	2500	0	40	189	677	33	17	15	0	0	0	0	0	0	0	0	0	0	0	0	7835869	
895	1	B	11	N	2500	0	40	199	475	16	8	9	0	0	0	0	0	0	0	0	0	0	0	0	7835978	
896	1	B	11	N	2500	0	40	249	728	39	17	13	0	0	0	0	0	0	0	0	0	0	0	0	7836025	
897	1	B	11	N	2500	0	40	37	53	2	1	1	0	0	0	0	0	0	0	0	0	0	0	0	7836212	
898	1	B	11	N	2500	0	40	229	599	26	16	11	0	0	0	0	0	0	0	0	0	0	0	0	7836259	
899	1	B	11	N	2500	0	40	236	695	38	18	14	0	0	0	0	0	0	0	0	0	0	0	0	7836306	
900	1	B	11	N	2500	0	40	209	608	24	15	12	0	0	0	0	0	0	0	0	0	0	0	0	7836555	
901	1	B	11	N	2500	0	40	154	686	33	17	15	0	0	0	0	0	0	0	0	0	0	0	0	7836696	
902	1	B	11	N	2500	0	40	263	695	39	16	11	0	0	0	0	0	0	0	0	0	0	0	0	7836711	
903	1	B	11	N	2500	0	40	272	693	31	17	16	0	0	0	0	0	0	0	0	0	0	0	0	7837039	
904	1	B	11	N	2500	0	40	259	986	50	27	22	0	0	0	0	0	0	0	0	0	0	0	0	7837054	
905	1	B	11	N	2500	0	40	205	630	24	15	13	0	0	0	0	0	0	0	0	0	0	0	0	7837242	
906	1	B	11	N	2500	0	40	26	33	2	2	2	0	0	0	0	0	0	0	0	0	0	0	0	7837632	
907	1	B	11	N	2500	0	40	28	26	1	1	2	0	0	0	0	0	0	0	0	0	0	0	0	7837632	
908	1	B	11	N	2500	0	40	198	663	30	15	12	0	0	0	0	0	0	0	0	0	0	0	0	7837632	
909	1	B	12	N	2500	0	40	40	113	0	0	0	0	0	0	0	0	0	0	0	0	0	0	0	7845182	
910	1	B	12	N	2500	0	40	20	26	0	0	0	0	0	0	0	0	0	0	0	0	0	0	0	7845588	
911	1	B	12	N	2500	0	40	28	54	3	2	2	0	0	0	0	0	0	0	0	0	0	0	0	7846446	
912	1	B	12	N	2500	0	40	115	160	3	1	1	0	0	0	0	0	0	0	0	0	0	0	0	7846726	
