Id	Plate	Row	Column	Clog	Scan rate	Status sort	Status sel	TOF	EXT	Green	Yellow	Red	PH Ext	PW Ext	PC Ext	PH Green	PW Green	PCGreen	PH Yellow	PW Yellow	PCYellow	PH Red	PW Red	PCRed	Time Stamp	
0	1	A	1	N	2500	0	40	130	250	29	1	2	0	0	0	0	0	0	0	0	0	0	0	0	28205906	
1	1	A	1	N	2500	0	40	83	134	15	0	0	0	0	0	0	0	0	0	0	0	0	0	0	28205922	
2	1	A	1	N	2500	0	40	30	25	3	0	0	0	0	0	0	0	0	0	0	0	0	0	0	28206047	
3	1	A	1	N	2500	0	40	25	38	1	0	0	0	0	0	0	0	0	0	0	0	0	0	0	28206203	
4	1	A	1	N	2500	0	40	93	235	19	1	2	0	0	0	0	0	0	0	0	0	0	0	0	28206203	
5	1	A	1	N	2500	0	40	1676	4392	227	93	74	0	0	0	0	0	0	0	0	0	0	0	0	28206218	
6	1	A	1	N	2500	0	40	53	61	6	0	0	0	0	0	0	0	0	0	0	0	0	0	0	28206265	
7	1	A	1	N	2500	0	40	48	73	7	0	0	0	0	0	0	0	0	0	0	0	0	0	0	28206265	
8	1	A	1	N	2500	0	40	1054	3204	173	60	61	0	0	0	0	0	0	0	0	0	0	0	0	28206437	
9	1	A	1	N	2500	0	40	44	67	5	0	0	0	0	0	0	0	0	0	0	0	0	0	0	28206499	
10	1	A	1	N	2500	0	40	51	58	6	5	5	0	0	0	0	0	0	0	0	0	0	0	0	28206530	
11	1	A	1	N	2500	0	40	24	20	2	0	0	0	0	0	0	0	0	0	0	0	0	0	0	28206764	
12	1	A	1	N	2500	0	40	1663	3901	319	78	64	0	0	0	0	0	0	0	0	0	0	0	0	28206795	
13	1	A	1	N	2500	0	40	111	155	13	6	4	0	0	0	0	0	0	0	0	0	0	0	0	28206842	
14	1	A	1	N	2500	0	40	67	78	7	2	1	0	0	0	0	0	0	0	0	0	0	0	0	28206842	
15	1	A	1	N	2500	0	40	1250	3870	201	76	61	0	0	0	0	0	0	0	0	0	0	0	0	28206858	
16	1	A	1	N	2500	0	40	1498	4417	207	72	61	0	0	0	0	0	0	0	0	0	0	0	0	28206998	
17	1	A	1	N	2500	0	40	2034	4964	318	76	73	0	0	0	0	0	0	0	0	0	0	0	0	28207107	
18	1	A	1	N	2500	0	40	34	50	3	1	0	0	0	0	0	0	0	0	0	0	0	0	0	28207107	
19	1	A	1	N	2500	0	40	1356	4165	265	93	72	0	0	0	0	0	0	0	0	0	0	0	0	28207279	
20	1	A	1	N	2500	0	40	1383	3788	193	70	56	0	0	0	0	0	0	0	0	0	0	0	0	28207310	
21	1	A	1	N	2500	0	40	1629	4661	296	99	75	0	0	0	0	0	0	0	0	0	0	0	0	28207341	
22	1	A	1	N	2500	0	40	65	112	18	1	0	0	0	0	0	0	0	0	0	0	0	0	0	28207404	
23	1	A	1	N	2500	0	40	42	66	7	0	0	0	0	0	0	0	0	0	0	0	0	0	0	28207731	
24	1	A	1	N	2500	0	40	1426	3808	194	63	64	0	0	0	0	0	0	0	0	0	0	0	0	28207778	
25	1	A	1	N	2500	0	40	1984	5641	323	124	96	0	0	0	0	0	0	0	0	0	0	0	0	28207872	
26	1	A	1	N	2500	0	40	1604	3950	288	74	71	0	0	0	0	0	0	0	0	0	0	0	0	28208153	
27	1	A	1	N	2500	0	40	1469	2937	158	50	45	0	0	0	0	0	0	0	0	0	0	0	0	28208371	
28	1	A	1	N	2500	0	40	184	194	21	5	5	0	0	0	0	0	0	0	0	0	0	0	0	28208465	
29	1	A	1	N	2500	0	40	1227	3380	169	59	56	0	0	0	0	0	0	0	0	0	0	0	0	28208480	
30	1	A	1	N	2500	0	40	1342	3389	204	68	60	0	0	0	0	0	0	0	0	0	0	0	0	28208699	
31	1	A	1	N	2500	0	40	1314	3735	222	68	57	0	0	0	0	0	0	0	0	0	0	0	0	28208808	
32	1	A	1	N	2500	0	40	1774	4632	177	74	61	0	0	0	0	0	0	0	0	0	0	0	0	28208979	
33	1	A	1	N	2500	0	40	1485	4295	248	84	60	0	0	0	0	0	0	0	0	0	0	0	0	28208995	
34	1	A	1	N	2500	0	40	801	2955	192	69	53	0	0	0	0	0	0	0	0	0	0	0	0	28209011	
35	1	A	1	N	2500	0	40	1469	3832	373	126	96	0	0	0	0	0	0	0	0	0	0	0	0	28209198	
36	1	A	1	N	2500	0	40	117	213	15	18	17	0	0	0	0	0	0	0	0	0	0	0	0	28209354	
37	1	A	1	N	2500	0	40	1121	3396	199	62	50	0	0	0	0	0	0	0	0	0	0	0	0	28209525	
38	1	A	1	N	2500	0	40	32	60	4	1	0	0	0	0	0	0	0	0	0	0	0	0	0	28209572	
39	1	A	1	N	2500	0	40	618	2087	145	47	38	0	0	0	0	0	0	0	0	0	0	0	0	28209744	
40	1	A	1	N	2500	0	40	35	29	6	0	0	0	0	0	0	0	0	0	0	0	0	0	0	28209744	
41	1	A	1	N	2500	0	40	659	722	59	9	12	0	0	0	0	0	0	0	0	0	0	0	0	28209744	
42	1	A	1	N	2500	0	40	66	113	18	1	1	0	0	0	0	0	0	0	0	0	0	0	0	28210196	
43	1	A	1	N	2500	0	40	2337	6478	327	98	87	0	0	0	0	0	0	0	0	0	0	0	0	28210290	
44	1	A	1	N	2500	0	40	56	48	0	0	0	0	0	0	0	0	0	0	0	0	0	0	0	28210290	
45	1	A	1	N	2500	0	40	714	2640	157	71	56	0	0	0	0	0	0	0	0	0	0	0	0	28210337	
46	1	A	1	N	2500	0	40	1156	3648	193	61	53	0	0	0	0	0	0	0	0	0	0	0	0	28210368	
47	1	A	1	N	2500	0	40	1239	3452	181	60	55	0	0	0	0	0	0	0	0	0	0	0	0	28210602	
48	1	A	1	N	2500	0	40	1302	3681	163	57	52	0	0	0	0	0	0	0	0	0	0	0	0	28210602	
49	1	A	1	N	2500	0	40	1873	4785	360	117	95	0	0	0	0	0	0	0	0	0	0	0	0	28210695	
50	1	A	1	N	2500	0	40	39	32	0	0	1	0	0	0	0	0	0	0	0	0	0	0	0	28210695	
51	1	A	1	N	2500	0	40	1764	4389	337	79	73	0	0	0	0	0	0	0	0	0	0	0	0	28210851	
52	1	A	1	N	2500	0	40	1551	4775	215	82	75	0	0	0	0	0	0	0	0	0	0	0	0	28210883	
53	1	A	1	N	2500	0	40	1606	4144	156	63	63	0	0	0	0	0	0	0	0	0	0	0	0	28210898	
54	1	A	1	N	2500	0	40	1339	4094	251	74	67	0	0	0	0	0	0	0	0	0	0	0	0	28210898	
55	1	A	1	N	2500	0	40	1661	4472	314	84	69	0	0	0	0	0	0	0	0	0	0	0	0	28211195	
56	1	A	1	N	2500	0	40	1504	4318	207	69	62	0	0	0	0	0	0	0	0	0	0	0	0	28211288	
57	1	A	1	N	2500	0	40	1272	3992	254	75	62	0	0	0	0	0	0	0	0	0	0	0	0	28211366	
58	1	A	1	N	2500	0	40	1391	4040	220	79	64	0	0	0	0	0	0	0	0	0	0	0	0	28211460	
59	1	A	1	N	2500	0	40	119	142	3	2	4	0	0	0	0	0	0	0	0	0	0	0	0	28211553	
60	1	A	1	N	2500	0	40	1188	3749	222	70	59	0	0	0	0	0	0	0	0	0	0	0	0	28211678	
61	1	A	1	N	2500	0	40	1070	2919	140	49	39	0	0	0	0	0	0	0	0	0	0	0	0	28211756	
62	1	A	1	N	2500	0	40	1159	3781	212	70	57	0	0	0	0	0	0	0	0	0	0	0	0	28211772	
63	1	A	1	N	2500	0	40	2505	5513	232	78	78	0	0	0	0	0	0	0	0	0	0	0	0	28212006	
64	1	A	1	N	2500	0	40	664	2366	99	43	41	0	0	0	0	0	0	0	0	0	0	0	0	28212240	
65	1	A	1	N	2500	0	40	30	55	9	0	0	0	0	0	0	0	0	0	0	0	0	0	0	28212505	
66	1	A	1	N	2500	0	40	1308	4322	237	89	78	0	0	0	0	0	0	0	0	0	0	0	0	28212708	
67	1	A	1	N	2500	0	40	2479	6553	317	96	96	0	0	0	0	0	0	0	0	0	0	0	0	28212786	
68	1	A	1	N	2500	0	40	1189	2984	155	51	45	0	0	0	0	0	0	0	0	0	0	0	0	28212973	
69	1	B	1	N	2500	0	40	1197	3191	189	54	3	0	0	0	0	0	0	0	0	0	0	0	0	28220477	
70	1	B	1	N	2500	0	40	73	92	7	0	2	0	0	0	0	0	0	0	0	0	0	0	0	28220492	
71	1	B	1	N	2500	0	40	94	271	29	1	2	0	0	0	0	0	0	0	0	0	0	0	0	28220539	
72	1	B	1	N	2500	0	40	94	202	16	2	2	0	0	0	0	0	0	0	0	0	0	0	0	28220555	
73	1	B	1	N	2500	0	40	92	280	26	1	2	0	0	0	0	0	0	0	0	0	0	0	0	28220555	
74	1	B	1	N	2500	0	40	24	21	0	0	1	0	0	0	0	0	0	0	0	0	0	0	0	28220555	
75	1	B	1	N	2500	0	40	99	230	29	1	3	0	0	0	0	0	0	0	0	0	0	0	0	28220617	
76	1	B	1	N	2500	0	40	144	217	33	3	3	0	0	0	0	0	0	0	0	0	0	0	0	28220617	
77	1	B	1	N	2500	0	40	61	101	11	0	1	0	0	0	0	0	0	0	0	0	0	0	0	28220648	
78	1	B	1	N	2500	0	40	42	43	2	1	2	0	0	0	0	0	0	0	0	0	0	0	0	28220648	
79	1	B	1	N	2500	0	40	71	86	7	1	2	0	0	0	0	0	0	0	0	0	0	0	0	28220742	
80	1	B	1	N	2500	0	40	166	386	50	8	6	0	0	0	0	0	0	0	0	0	0	0	0	28220742	
81	1	B	1	N	2500	0	40	69	95	6	6	7	0	0	0	0	0	0	0	0	0	0	0	0	28220757	
82	1	B	1	N	2500	0	40	75	75	9	2	2	0	0	0	0	0	0	0	0	0	0	0	0	28220773	
83	1	B	1	N	2500	0	40	24	23	2	0	0	0	0	0	0	0	0	0	0	0	0	0	0	28220773	
84	1	B	1	N	2500	0	40	21	19	1	0	0	0	0	0	0	0	0	0	0	0	0	0	0	28220773	
85	1	B	1	N	2500	0	40	30	39	2	0	0	0	0	0	0	0	0	0	0	0	0	0	0	28220804	
86	1	B	1	N	2500	0	40	46	55	4	1	0	0	0	0	0	0	0	0	0	0	0	0	0	28220804	
87	1	B	1	N	2500	0	40	26	31	2	1	0	0	0	0	0	0	0	0	0	0	0	0	0	28220820	
88	1	B	1	N	2500	0	40	454	1301	244	24	20	0	0	0	0	0	0	0	0	0	0	0	0	28220851	
89	1	B	1	N	2500	0	40	21	18	3	0	1	0	0	0	0	0	0	0	0	0	0	0	0	28220851	
90	1	B	1	N	2500	0	40	93	118	11	1	1	0	0	0	0	0	0	0	0	0	0	0	0	28220882	
91	1	B	1	N	2500	0	40	1478	4117	196	78	68	0	0	0	0	0	0	0	0	0	0	0	0	28220945	
92	1	B	1	N	2500	0	40	42	47	9	1	1	0	0	0	0	0	0	0	0	0	0	0	0	28220960	
93	1	B	1	N	2500	0	40	24	23	1	0	0	0	0	0	0	0	0	0	0	0	0	0	0	28221023	
94	1	B	1	N	2500	0	40	299	627	95	28	19	0	0	0	0	0	0	0	0	0	0	0	0	28221085	
95	1	B	1	N	2500	0	40	1441	4428	289	91	82	0	0	0	0	0	0	0	0	0	0	0	0	28221101	
96	1	B	1	N	2500	0	40	1562	3216	273	54	55	0	0	0	0	0	0	0	0	0	0	0	0	28221101	
97	1	B	1	N	2500	0	40	94	97	7	1	2	0	0	0	0	0	0	0	0	0	0	0	0	28221132	
98	1	B	1	N	2500	0	40	108	165	21	4	5	0	0	0	0	0	0	0	0	0	0	0	0	28221163	
99	1	B	1	N	2500	0	40	140	244	27	5	6	0	0	0	0	0	0	0	0	0	0	0	0	28221459	
100	1	B	1	N	2500	0	40	31	39	3	1	0	0	0	0	0	0	0	0	0	0	0	0	0	28221522	
101	1	B	1	N	2500	0	40	26	24	1	0	0	0	0	0	0	0	0	0	0	0	0	0	0	28221522	
102	1	B	1	N	2500	0	40	1421	4207	250	89	73	0	0	0	0	0	0	0	0	0	0	0	0	28221569	
103	1	B	1	N	2500	0	40	1803	4873	244	83	77	0	0	0	0	0	0	0	0	0	0	0	0	28221756	
104	1	B	1	N	2500	0	40	26	22	1	0	1	0	0	0	0	0	0	0	0	0	0	0	0	28221756	
105	1	B	1	N	2500	0	40	511	1335	68	33	29	0	0	0	0	0	0	0	0	0	0	0	0	28221771	
106	1	B	1	N	2500	0	40	47	47	8	1	1	0	0	0	0	0	0	0	0	0	0	0	0	28221803	
107	1	B	1	N	2500	0	40	60	112	9	0	1	0	0	0	0	0	0	0	0	0	0	0	0	28221834	
108	1	B	1	N	2500	0	40	1444	3125	148	52	50	0	0	0	0	0	0	0	0	0	0	0	0	28221912	
109	1	B	1	N	2500	0	40	149	245	25	6	3	0	0	0	0	0	0	0	0	0	0	0	0	28221974	
110	1	B	1	N	2500	0	40	48	46	3	0	1	0	0	0	0	0	0	0	0	0	0	0	0	28222005	
111	1	B	1	N	2500	0	40	26	28	5	0	1	0	0	0	0	0	0	0	0	0	0	0	0	28222068	
112	1	B	1	N	2500	0	40	171	582	105	13	7	0	0	0	0	0	0	0	0	0	0	0	0	28222068	
113	1	B	1	N	2500	0	40	139	253	24	4	4	0	0	0	0	0	0	0	0	0	0	0	0	28222083	
114	1	B	1	N	2500	0	40	49	69	5	6	8	0	0	0	0	0	0	0	0	0	0	0	0	28222255	
115	1	B	1	N	2500	0	40	20	16	1	0	0	0	0	0	0	0	0	0	0	0	0	0	0	28222442	
116	1	B	1	N	2500	0	40	132	204	18	5	5	0	0	0	0	0	0	0	0	0	0	0	0	28222442	
117	1	B	1	N	2500	0	40	26	30	1	1	1	0	0	0	0	0	0	0	0	0	0	0	0	28222473	
118	1	B	1	N	2500	0	40	1587	4048	212	71	67	0	0	0	0	0	0	0	0	0	0	0	0	28222536	
119	1	B	1	N	2500	0	40	28	27	4	0	0	0	0	0	0	0	0	0	0	0	0	0	0	28222598	
120	1	B	1	N	2500	0	40	65	75	5	1	1	0	0	0	0	0	0	0	0	0	0	0	0	28222817	
121	1	B	1	N	2500	0	40	1727	3522	291	65	65	0	0	0	0	0	0	0	0	0	0	0	0	28222895	
122	1	B	1	N	2500	0	40	1454	3816	221	76	72	0	0	0	0	0	0	0	0	0	0	0	0	28223004	
123	1	B	1	N	2500	0	40	1486	3283	127	58	61	0	0	0	0	0	0	0	0	0	0	0	0	28223097	
124	1	B	1	N	2500	0	40	24	22	1	0	1	0	0	0	0	0	0	0	0	0	0	0	0	28223316	
125	1	B	1	N	2500	0	40	42	49	2	2	3	0	0	0	0	0	0	0	0	0	0	0	0	28223316	
126	1	B	1	N	2500	0	40	31	31	2	1	1	0	0	0	0	0	0	0	0	0	0	0	0	28223378	
127	1	B	1	N	2500	0	40	154	258	26	3	4	0	0	0	0	0	0	0	0	0	0	0	0	28223503	
128	1	B	1	N	2500	0	40	2024	5465	473	124	106	0	0	0	0	0	0	0	0	0	0	0	0	28223503	
129	1	B	1	N	2500	0	40	1140	2740	141	53	52	0	0	0	0	0	0	0	0	0	0	0	0	28223534	
130	1	B	1	N	2500	0	40	41	63	9	1	2	0	0	0	0	0	0	0	0	0	0	0	0	28223612	
131	1	B	1	N	2500	0	40	779	2449	153	60	49	0	0	0	0	0	0	0	0	0	0	0	0	28223706	
132	1	B	1	N	2500	0	40	50	60	6	1	1	0	0	0	0	0	0	0	0	0	0	0	0	28223737	
133	1	B	1	N	2500	0	40	57	102	19	1	1	0	0	0	0	0	0	0	0	0	0	0	0	28223753	
134	1	B	1	N	2500	0	40	28	23	2	0	0	0	0	0	0	0	0	0	0	0	0	0	0	28223753	
135	1	B	1	N	2500	0	40	1543	4372	263	97	82	0	0	0	0	0	0	0	0	0	0	0	0	28223784	
136	1	B	1	N	2500	0	40	21	17	0	0	0	0	0	0	0	0	0	0	0	0	0	0	0	28223799	
137	1	B	1	N	2500	0	40	47	38	0	0	1	0	0	0	0	0	0	0	0	0	0	0	0	28223799	
138	1	B	1	N	2500	0	40	20	15	0	0	0	0	0	0	0	0	0	0	0	0	0	0	0	28223799	
139	1	B	1	N	2500	0	40	27	22	1	0	0	0	0	0	0	0	0	0	0	0	0	0	0	28223799	
140	1	B	1	N	2500	0	40	28	23	0	0	0	0	0	0	0	0	0	0	0	0	0	0	0	28223799	
141	1	B	1	N	2500	0	40	2596	2651	40	33	49	0	0	0	0	0	0	0	0	0	0	0	0	28223799	
142	1	B	1	N	2500	0	40	20	16	0	0	0	0	0	0	0	0	0	0	0	0	0	0	0	28224002	
143	1	B	1	N	2500	0	40	29	23	0	0	0	0	0	0	0	0	0	0	0	0	0	0	0	28224002	
144	1	B	1	N	2500	0	40	29	23	0	0	0	0	0	0	0	0	0	0	0	0	0	0	0	28224018	
145	1	B	1	N	2500	0	40	68	68	1	1	1	0	0	0	0	0	0	0	0	0	0	0	0	28224018	
146	1	B	1	N	2500	0	40	55	45	1	0	0	0	0	0	0	0	0	0	0	0	0	0	0	28224018	
147	1	B	1	N	2500	0	40	1570	4123	255	87	73	0	0	0	0	0	0	0	0	0	0	0	0	28224018	
148	1	B	1	N	2500	0	40	2351	5789	270	90	84	0	0	0	0	0	0	0	0	0	0	0	0	28224080	
149	1	B	1	N	2500	0	40	39	44	6	0	0	0	0	0	0	0	0	0	0	0	0	0	0	28224096	
150	1	B	1	N	2500	0	40	25	25	4	0	0	0	0	0	0	0	0	0	0	0	0	0	0	28224096	
151	1	B	1	N	2500	0	40	1199	3241	206	68	56	0	0	0	0	0	0	0	0	0	0	0	0	28224143	
152	1	B	1	N	2500	0	40	75	94	11	1	1	0	0	0	0	0	0	0	0	0	0	0	0	28224143	
153	1	B	1	N	2500	0	40	1102	2902	170	64	51	0	0	0	0	0	0	0	0	0	0	0	0	28224158	
154	1	B	1	N	2500	0	40	129	173	20	3	2	0	0	0	0	0	0	0	0	0	0	0	0	28224283	
155	1	B	1	N	2500	0	40	179	585	60	63	73	0	0	0	0	0	0	0	0	0	0	0	0	28224314	
156	1	B	1	N	2500	0	40	1707	4781	267	98	86	0	0	0	0	0	0	0	0	0	0	0	0	28224408	
157	1	B	1	N	2500	0	40	3746	10589	408	168	151	0	0	0	0	0	0	0	0	0	0	0	0	28224486	
158	1	B	1	N	2500	0	40	169	161	0	0	3	0	0	0	0	0	0	0	0	0	0	0	0	28224486	
159	1	B	1	N	2500	0	40	246	239	0	1	3	0	0	0	0	0	0	0	0	0	0	0	0	28224486	
160	1	B	1	N	2500	0	40	59	55	0	0	0	0	0	0	0	0	0	0	0	0	0	0	0	28224486	
161	1	B	1	N	2500	0	40	20	16	0	0	0	0	0	0	0	0	0	0	0	0	0	0	0	28224486	
162	1	B	1	N	2500	0	40	196	181	1	0	2	0	0	0	0	0	0	0	0	0	0	0	0	28224486	
163	1	B	1	N	2500	0	40	23	18	0	0	0	0	0	0	0	0	0	0	0	0	0	0	0	28224486	
164	1	B	1	N	2500	0	40	32	28	0	0	0	0	0	0	0	0	0	0	0	0	0	0	0	28224486	
165	1	B	1	N	2500	0	40	65	55	1	0	0	0	0	0	0	0	0	0	0	0	0	0	0	28224486	
166	1	B	1	N	2500	0	40	41	34	0	0	0	0	0	0	0	0	0	0	0	0	0	0	0	28224486	
167	1	B	1	N	2500	0	40	21	19	0	0	0	0	0	0	0	0	0	0	0	0	0	0	0	28224533	
168	1	B	1	N	2500	0	40	20	19	0	0	0	0	0	0	0	0	0	0	0	0	0	0	0	28224548	
169	1	B	1	N	2500	0	40	144	161	21	4	4	0	0	0	0	0	0	0	0	0	0	0	0	28224548	
170	1	B	1	N	2500	0	40	179	288	27	7	6	0	0	0	0	0	0	0	0	0	0	0	0	28224548	
171	1	B	1	N	2500	0	40	38	37	1	1	1	0	0	0	0	0	0	0	0	0	0	0	0	28224595	
172	1	B	1	N	2500	0	40	620	903	36	21	24	0	0	0	0	0	0	0	0	0	0	0	0	28224673	
173	1	B	1	N	2500	0	40	2197	5544	262	91	94	0	0	0	0	0	0	0	0	0	0	0	0	28224735	
174	1	B	1	N	2500	0	40	2035	5153	231	82	80	0	0	0	0	0	0	0	0	0	0	0	0	28224798	
175	1	B	1	N	2500	0	40	23	20	1	0	0	0	0	0	0	0	0	0	0	0	0	0	0	28224845	
176	1	B	1	N	2500	0	40	26	28	1	1	0	0	0	0	0	0	0	0	0	0	0	0	0	28224860	
177	1	B	1	N	2500	0	40	36	44	1	2	3	0	0	0	0	0	0	0	0	0	0	0	0	28224923	
178	1	B	1	N	2500	0	40	20	20	0	0	0	0	0	0	0	0	0	0	0	0	0	0	0	28224954	
179	1	B	1	N	2500	0	40	27	26	0	1	1	0	0	0	0	0	0	0	0	0	0	0	0	28225079	
180	1	B	1	N	2500	0	40	218	1079	137	148	164	0	0	0	0	0	0	0	0	0	0	0	0	28225203	
181	1	B	1	N	2500	0	40	36	31	1	0	0	0	0	0	0	0	0	0	0	0	0	0	0	28225203	
182	1	B	1	N	2500	0	40	31	27	1	0	0	0	0	0	0	0	0	0	0	0	0	0	0	28225203	
183	1	B	1	N	2500	0	40	21	23	0	1	1	0	0	0	0	0	0	0	0	0	0	0	0	28225375	
184	1	B	1	N	2500	0	40	1804	3870	376	78	77	0	0	0	0	0	0	0	0	0	0	0	0	28225391	
185	1	B	1	N	2500	0	40	230	562	74	7	7	0	0	0	0	0	0	0	0	0	0	0	0	28225500	
186	1	B	1	N	2500	0	40	1453	3654	192	67	65	0	0	0	0	0	0	0	0	0	0	0	0	28225531	
187	1	B	1	N	2500	0	40	1786	4062	182	102	103	0	0	0	0	0	0	0	0	0	0	0	0	28225578	
188	1	B	1	N	2500	0	40	170	156	2	2	3	0	0	0	0	0	0	0	0	0	0	0	0	28225578	
189	1	B	1	N	2500	0	40	66	59	1	1	1	0	0	0	0	0	0	0	0	0	0	0	0	28225578	
190	1	B	1	N	2500	0	40	1728	4840	295	111	93	0	0	0	0	0	0	0	0	0	0	0	0	28225578	
191	1	B	1	N	2500	0	40	1356	3535	234	79	67	0	0	0	0	0	0	0	0	0	0	0	0	28225640	
192	1	B	1	N	2500	0	40	61	76	3	2	3	0	0	0	0	0	0	0	0	0	0	0	0	28225656	
193	1	B	1	N	2500	0	40	80	90	13	2	3	0	0	0	0	0	0	0	0	0	0	0	0	28225734	
194	1	B	1	N	2500	0	40	113	125	14	1	2	0	0	0	0	0	0	0	0	0	0	0	0	28225734	
195	1	B	1	N	2500	0	40	1662	3899	273	89	74	0	0	0	0	0	0	0	0	0	0	0	0	28225734	
196	1	B	1	N	2500	0	40	124	128	1	1	2	0	0	0	0	0	0	0	0	0	0	0	0	28225734	
197	1	B	1	N	2500	0	40	2271	4911	394	89	79	0	0	0	0	0	0	0	0	0	0	0	0	28225765	
198	1	B	1	N	2500	0	40	45	39	3	1	2	0	0	0	0	0	0	0	0	0	0	0	0	28225781	
199	1	B	1	N	2500	0	40	55	92	4	4	4	0	0	0	0	0	0	0	0	0	0	0	0	28225812	
200	1	B	1	N	2500	0	40	1206	2778	162	49	46	0	0	0	0	0	0	0	0	0	0	0	0	28225937	
201	1	B	1	N	2500	0	40	1336	4545	282	107	88	0	0	0	0	0	0	0	0	0	0	0	0	28226030	
202	1	B	1	N	2500	0	40	1051	2880	185	54	48	0	0	0	0	0	0	0	0	0	0	0	0	28226202	
203	1	B	1	N	2500	0	40	1528	4278	197	85	76	0	0	0	0	0	0	0	0	0	0	0	0	28226311	
204	1	B	1	N	2500	0	40	23	20	0	0	0	0	0	0	0	0	0	0	0	0	0	0	0	28226467	
205	1	B	1	N	2500	0	40	2189	5041	205	74	81	0	0	0	0	0	0	0	0	0	0	0	0	28226529	
206	1	B	1	N	2500	0	40	37	40	3	3	4	0	0	0	0	0	0	0	0	0	0	0	0	28226685	
207	1	B	1	N	2500	0	40	191	482	50	49	61	0	0	0	0	0	0	0	0	0	0	0	0	28226717	
208	1	B	1	N	2500	0	40	35	36	1	1	1	0	0	0	0	0	0	0	0	0	0	0	0	28226841	
209	1	B	1	N	2500	0	40	26	23	1	1	1	0	0	0	0	0	0	0	0	0	0	0	0	28227060	
210	1	B	1	N	2500	0	40	46	77	5	5	5	0	0	0	0	0	0	0	0	0	0	0	0	28227060	
211	1	B	1	N	2500	0	40	46	57	10	0	1	0	0	0	0	0	0	0	0	0	0	0	0	28227091	
212	1	B	1	N	2500	0	40	57	61	9	1	2	0	0	0	0	0	0	0	0	0	0	0	0	28227450	
213	1	B	1	N	2500	0	40	21	16	2	0	0	0	0	0	0	0	0	0	0	0	0	0	0	28227465	
214	1	B	1	N	2500	0	40	176	185	12	4	5	0	0	0	0	0	0	0	0	0	0	0	0	28227465	
215	1	B	1	N	2500	0	40	1391	2827	204	59	53	0	0	0	0	0	0	0	0	0	0	0	0	28227543	
216	1	B	1	N	2500	0	40	174	226	24	27	39	0	0	0	0	0	0	0	0	0	0	0	0	28227543	
217	1	B	1	N	2500	0	40	233	280	21	15	21	0	0	0	0	0	0	0	0	0	0	0	0	28227731	
218	1	B	1	N	2500	0	40	60	69	3	3	4	0	0	0	0	0	0	0	0	0	0	0	0	28227840	
219	1	B	1	N	2500	0	40	35	32	1	1	0	0	0	0	0	0	0	0	0	0	0	0	0	28227949	
220	1	B	1	N	2500	0	40	30	27	1	0	0	0	0	0	0	0	0	0	0	0	0	0	0	28228011	
221	1	C	1	N	2500	0	40	161	517	61	51	56	0	0	0	0	0	0	0	0	0	0	0	0	28235250	
222	1	C	1	N	2500	0	40	1610	3861	218	74	72	0	0	0	0	0	0	0	0	0	0	0	0	28235375	
223	1	C	1	N	2500	0	40	892	1882	93	48	51	0	0	0	0	0	0	0	0	0	0	0	0	28235375	
224	1	C	1	N	2500	0	40	46	72	4	2	3	0	0	0	0	0	0	0	0	0	0	0	0	28235453	
225	1	C	1	N	2500	0	40	147	606	72	78	80	0	0	0	0	0	0	0	0	0	0	0	0	28235515	
226	1	C	1	N	2500	0	40	1623	4741	288	99	88	0	0	0	0	0	0	0	0	0	0	0	0	28235562	
227	1	C	1	N	2500	0	40	1120	2472	131	46	39	0	0	0	0	0	0	0	0	0	0	0	0	28235702	
228	1	C	1	N	2500	0	40	1182	2561	96	41	49	0	0	0	0	0	0	0	0	0	0	0	0	28235702	
229	1	C	1	N	2500	0	40	69	67	2	2	3	0	0	0	0	0	0	0	0	0	0	0	0	28235733	
230	1	C	1	N	2500	0	40	28	30	1	1	1	0	0	0	0	0	0	0	0	0	0	0	0	28235749	
231	1	C	1	N	2500	0	40	29	26	1	0	1	0	0	0	0	0	0	0	0	0	0	0	0	28235780	
232	1	C	1	N	2500	0	40	79	122	7	7	8	0	0	0	0	0	0	0	0	0	0	0	0	28235858	
233	1	C	1	N	2500	0	40	1584	4056	240	83	78	0	0	0	0	0	0	0	0	0	0	0	0	28235874	
234	1	C	1	N	2500	0	40	1094	2952	171	55	48	0	0	0	0	0	0	0	0	0	0	0	0	28235874	
235	1	C	1	N	2500	0	40	54	64	7	1	1	0	0	0	0	0	0	0	0	0	0	0	0	28235889	
236	1	C	1	N	2500	0	40	65	72	3	2	5	0	0	0	0	0	0	0	0	0	0	0	0	28236014	
237	1	C	1	N	2500	0	40	47	60	2	2	3	0	0	0	0	0	0	0	0	0	0	0	0	28236030	
238	1	C	1	N	2500	0	40	54	64	4	2	3	0	0	0	0	0	0	0	0	0	0	0	0	28236061	
239	1	C	1	N	2500	0	40	68	103	6	6	6	0	0	0	0	0	0	0	0	0	0	0	0	28236155	
240	1	C	1	N	2500	0	40	21	19	0	0	0	0	0	0	0	0	0	0	0	0	0	0	0	28236170	
241	1	C	1	N	2500	0	40	25	21	0	0	0	0	0	0	0	0	0	0	0	0	0	0	0	28236279	
242	1	C	1	N	2500	0	40	91	209	34	2	3	0	0	0	0	0	0	0	0	0	0	0	0	28236295	
243	1	C	1	N	2500	0	40	24	23	1	0	1	0	0	0	0	0	0	0	0	0	0	0	0	28236311	
244	1	C	1	N	2500	0	40	1762	4541	271	86	82	0	0	0	0	0	0	0	0	0	0	0	0	28236326	
245	1	C	1	N	2500	0	40	64	65	2	1	1	0	0	0	0	0	0	0	0	0	0	0	0	28236342	
246	1	C	1	N	2500	0	40	24	19	0	0	0	0	0	0	0	0	0	0	0	0	0	0	0	28236373	
247	1	C	1	N	2500	0	40	29	25	1	0	1	0	0	0	0	0	0	0	0	0	0	0	0	28236373	
248	1	C	1	N	2500	0	40	24	34	1	1	2	0	0	0	0	0	0	0	0	0	0	0	0	28236420	
249	1	C	1	N	2500	0	40	25	25	1	1	2	0	0	0	0	0	0	0	0	0	0	0	0	28236545	
250	1	C	1	N	2500	0	40	2810	7325	321	110	106	0	0	0	0	0	0	0	0	0	0	0	0	28236576	
251	1	C	1	N	2500	0	40	283	1410	204	193	219	0	0	0	0	0	0	0	0	0	0	0	0	28236794	
252	1	C	1	N	2500	0	40	1218	3476	230	67	56	0	0	0	0	0	0	0	0	0	0	0	0	28236810	
253	1	C	1	N	2500	0	40	20	16	0	0	0	0	0	0	0	0	0	0	0	0	0	0	0	28236841	
254	1	C	1	N	2500	0	40	1673	3637	224	70	67	0	0	0	0	0	0	0	0	0	0	0	0	28236919	
255	1	C	1	N	2500	0	40	1823	5616	323	116	91	0	0	0	0	0	0	0	0	0	0	0	0	28236935	
256	1	C	1	N	2500	0	40	1735	3212	120	47	57	0	0	0	0	0	0	0	0	0	0	0	0	28236997	
257	1	C	1	N	2500	0	40	24	25	0	1	1	0	0	0	0	0	0	0	0	0	0	0	0	28237013	
258	1	C	1	N	2500	0	40	27	26	0	0	1	0	0	0	0	0	0	0	0	0	0	0	0	28237091	
259	1	C	1	N	2500	0	40	58	56	5	3	7	0	0	0	0	0	0	0	0	0	0	0	0	28237091	
260	1	C	1	N	2500	0	40	616	850	41	28	30	0	0	0	0	0	0	0	0	0	0	0	0	28237153	
261	1	C	1	N	2500	0	40	72	126	10	1	2	0	0	0	0	0	0	0	0	0	0	0	0	28237184	
262	1	C	1	N	2500	0	40	30	35	1	1	2	0	0	0	0	0	0	0	0	0	0	0	0	28237278	
263	1	C	1	N	2500	0	40	23	22	0	0	1	0	0	0	0	0	0	0	0	0	0	0	0	28237371	
264	1	C	1	N	2500	0	40	23	20	1	1	0	0	0	0	0	0	0	0	0	0	0	0	0	28237449	
265	1	C	1	N	2500	0	40	142	392	43	16	11	0	0	0	0	0	0	0	0	0	0	0	0	28237543	
266	1	C	1	N	2500	0	40	172	367	39	11	7	0	0	0	0	0	0	0	0	0	0	0	0	28237543	
267	1	C	1	N	2500	0	40	1871	4910	213	75	74	0	0	0	0	0	0	0	0	0	0	0	0	28237559	
268	1	C	1	N	2500	0	40	75	66	0	0	1	0	0	0	0	0	0	0	0	0	0	0	0	28237559	
269	1	C	1	N	2500	0	40	36	36	1	2	2	0	0	0	0	0	0	0	0	0	0	0	0	28237683	
270	1	C	1	N	2500	0	40	54	68	5	4	6	0	0	0	0	0	0	0	0	0	0	0	0	28237730	
271	1	C	1	N	2500	0	40	1446	3711	214	67	67	0	0	0	0	0	0	0	0	0	0	0	0	28237761	
272	1	C	1	N	2500	0	40	20	17	0	0	0	0	0	0	0	0	0	0	0	0	0	0	0	28237839	
273	1	C	1	N	2500	0	40	22	22	1	0	1	0	0	0	0	0	0	0	0	0	0	0	0	28237855	
274	1	C	1	N	2500	0	40	30	28	2	1	0	0	0	0	0	0	0	0	0	0	0	0	0	28237855	
275	1	C	1	N	2500	0	40	1040	2539	132	45	43	0	0	0	0	0	0	0	0	0	0	0	0	28237902	
276	1	C	1	N	2500	0	40	53	76	9	2	2	0	0	0	0	0	0	0	0	0	0	0	0	28237933	
277	1	C	1	N	2500	0	40	2874	9099	431	152	137	0	0	0	0	0	0	0	0	0	0	0	0	28237964	
278	1	C	1	N	2500	0	40	49	68	4	3	4	0	0	0	0	0	0	0	0	0	0	0	0	28238151	
279	1	C	1	N	2500	0	40	57	108	9	6	10	0	0	0	0	0	0	0	0	0	0	0	0	28238261	
280	1	C	1	N	2500	0	40	35	28	1	1	0	0	0	0	0	0	0	0	0	0	0	0	0	28238261	
281	1	C	1	N	2500	0	40	1393	3947	226	70	67	0	0	0	0	0	0	0	0	0	0	0	0	28238339	
282	1	C	1	N	2500	0	40	1472	4287	251	83	76	0	0	0	0	0	0	0	0	0	0	0	0	28238339	
283	1	C	1	N	2500	0	40	1844	4150	253	74	75	0	0	0	0	0	0	0	0	0	0	0	0	28238448	
284	1	C	1	N	2500	0	40	2145	6178	285	121	91	0	0	0	0	0	0	0	0	0	0	0	0	28238463	
285	1	C	1	N	2500	0	40	32	30	1	0	1	0	0	0	0	0	0	0	0	0	0	0	0	28238510	
286	1	C	1	N	2500	0	40	52	57	2	2	2	0	0	0	0	0	0	0	0	0	0	0	0	28238510	
287	1	C	1	N	2500	0	40	241	803	82	80	88	0	0	0	0	0	0	0	0	0	0	0	0	28238526	
288	1	C	1	N	2500	0	40	49	53	4	3	4	0	0	0	0	0	0	0	0	0	0	0	0	28238557	
289	1	C	1	N	2500	0	40	45	53	2	2	3	0	0	0	0	0	0	0	0	0	0	0	0	28238619	
290	1	C	1	N	2500	0	40	1219	3566	199	62	53	0	0	0	0	0	0	0	0	0	0	0	0	28238697	
291	1	C	1	N	2500	0	40	31	33	0	1	1	0	0	0	0	0	0	0	0	0	0	0	0	28238744	
292	1	C	1	N	2500	0	40	2040	3720	191	82	75	0	0	0	0	0	0	0	0	0	0	0	0	28238744	
293	1	C	1	N	2500	0	40	43	47	1	1	1	0	0	0	0	0	0	0	0	0	0	0	0	28238760	
294	1	C	1	N	2500	0	40	28	23	1	0	1	0	0	0	0	0	0	0	0	0	0	0	0	28238775	
295	1	C	1	N	2500	0	40	2257	5371	273	96	90	0	0	0	0	0	0	0	0	0	0	0	0	28238807	
296	1	C	1	N	2500	0	40	1484	3976	297	82	71	0	0	0	0	0	0	0	0	0	0	0	0	28238822	
297	1	C	1	N	2500	0	40	1940	5022	260	83	74	0	0	0	0	0	0	0	0	0	0	0	0	28238838	
298	1	C	1	N	2500	0	40	227	449	27	26	28	0	0	0	0	0	0	0	0	0	0	0	0	28238916	
299	1	C	1	N	2500	0	40	1747	4809	229	90	78	0	0	0	0	0	0	0	0	0	0	0	0	28238931	
300	1	C	1	N	2500	0	40	1404	4438	250	96	80	0	0	0	0	0	0	0	0	0	0	0	0	28238947	
301	1	C	1	N	2500	0	40	30	29	0	0	0	0	0	0	0	0	0	0	0	0	0	0	0	28238947	
302	1	C	1	N	2500	0	40	24	19	0	0	0	0	0	0	0	0	0	0	0	0	0	0	0	28238947	
303	1	C	1	N	2500	0	40	21	16	0	0	0	0	0	0	0	0	0	0	0	0	0	0	0	28238947	
304	1	C	1	N	2500	0	40	24	20	0	0	0	0	0	0	0	0	0	0	0	0	0	0	0	28238947	
305	1	C	1	N	2500	0	40	21	19	0	0	0	0	0	0	0	0	0	0	0	0	0	0	0	28238947	
306	1	C	1	N	2500	0	40	28	24	0	0	0	0	0	0	0	0	0	0	0	0	0	0	0	28238947	
307	1	C	1	N	2500	0	40	47	40	0	0	0	0	0	0	0	0	0	0	0	0	0	0	0	28238947	
308	1	C	1	N	2500	0	40	28	24	0	0	0	0	0	0	0	0	0	0	0	0	0	0	0	28238947	
309	1	C	1	N	2500	0	40	2362	5573	239	76	76	0	0	0	0	0	0	0	0	0	0	0	0	28238947	
310	1	C	1	N	2500	0	40	1228	3073	142	49	50	0	0	0	0	0	0	0	0	0	0	0	0	28238963	
311	1	C	1	N	2500	0	40	56	67	3	2	3	0	0	0	0	0	0	0	0	0	0	0	0	28238994	
312	1	C	1	N	2500	0	40	3689	9973	447	131	134	0	0	0	0	0	0	0	0	0	0	0	0	28239041	
313	1	C	1	N	2500	0	40	36	30	1	1	0	0	0	0	0	0	0	0	0	0	0	0	0	28239087	
314	1	C	1	N	2500	0	40	31	31	1	1	1	0	0	0	0	0	0	0	0	0	0	0	0	28239103	
315	1	C	1	N	2500	0	40	37	37	1	1	1	0	0	0	0	0	0	0	0	0	0	0	0	28239119	
316	1	C	1	N	2500	0	40	58	67	4	3	5	0	0	0	0	0	0	0	0	0	0	0	0	28239134	
317	1	C	1	N	2500	0	40	1208	3507	206	65	52	0	0	0	0	0	0	0	0	0	0	0	0	28239150	
318	1	C	1	N	2500	0	40	70	125	8	8	9	0	0	0	0	0	0	0	0	0	0	0	0	28239150	
319	1	C	1	N	2500	0	40	24	20	0	0	1	0	0	0	0	0	0	0	0	0	0	0	0	28239243	
320	1	C	1	N	2500	0	40	37	34	1	1	2	0	0	0	0	0	0	0	0	0	0	0	0	28239243	
321	1	C	1	N	2500	0	40	24	23	1	0	0	0	0	0	0	0	0	0	0	0	0	0	0	28239290	
322	1	C	1	N	2500	0	40	142	267	9	4	6	0	0	0	0	0	0	0	0	0	0	0	0	28239290	
323	1	C	1	N	2500	0	40	31	36	1	1	1	0	0	0	0	0	0	0	0	0	0	0	0	28239321	
324	1	C	1	N	2500	0	40	1581	4244	250	74	69	0	0	0	0	0	0	0	0	0	0	0	0	28239321	
325	1	C	1	N	2500	0	40	145	447	56	49	56	0	0	0	0	0	0	0	0	0	0	0	0	28239337	
326	1	C	1	N	2500	0	40	37	35	2	1	2	0	0	0	0	0	0	0	0	0	0	0	0	28239415	
327	1	C	1	N	2500	0	40	78	108	5	4	6	0	0	0	0	0	0	0	0	0	0	0	0	28239415	
328	1	C	1	N	2500	0	40	92	285	20	21	25	0	0	0	0	0	0	0	0	0	0	0	0	28239431	
329	1	C	1	N	2500	0	40	1422	4131	271	88	68	0	0	0	0	0	0	0	0	0	0	0	0	28239446	
330	1	C	1	N	2500	0	40	1045	2472	96	44	40	0	0	0	0	0	0	0	0	0	0	0	0	28239462	
331	1	C	1	N	2500	0	40	21	19	0	0	1	0	0	0	0	0	0	0	0	0	0	0	0	28239462	
332	1	C	1	N	2500	0	40	140	535	64	62	72	0	0	0	0	0	0	0	0	0	0	0	0	28239493	
333	1	C	1	N	2500	0	40	1346	3574	215	68	60	0	0	0	0	0	0	0	0	0	0	0	0	28239509	
334	1	C	1	N	2500	0	40	38	42	2	1	4	0	0	0	0	0	0	0	0	0	0	0	0	28239571	
335	1	C	1	N	2500	0	40	1620	3593	159	66	65	0	0	0	0	0	0	0	0	0	0	0	0	28239587	
336	1	C	1	N	2500	0	40	1509	4028	200	83	68	0	0	0	0	0	0	0	0	0	0	0	0	28239602	
337	1	C	1	N	2500	0	40	210	715	100	75	88	0	0	0	0	0	0	0	0	0	0	0	0	28239680	
338	1	C	1	N	2500	0	40	20	17	0	0	0	0	0	0	0	0	0	0	0	0	0	0	0	28239711	
339	1	C	1	N	2500	0	40	1441	4463	289	89	76	0	0	0	0	0	0	0	0	0	0	0	0	28239727	
340	1	C	1	N	2500	0	40	1206	3069	167	54	49	0	0	0	0	0	0	0	0	0	0	0	0	28239727	
341	1	C	1	N	2500	0	40	86	127	7	8	11	0	0	0	0	0	0	0	0	0	0	0	0	28239743	
342	1	C	1	N	2500	0	40	29	31	1	1	1	0	0	0	0	0	0	0	0	0	0	0	0	28239758	
343	1	C	1	N	2500	0	40	152	429	39	40	48	0	0	0	0	0	0	0	0	0	0	0	0	28239758	
344	1	C	1	N	2500	0	40	28	26	1	0	1	0	0	0	0	0	0	0	0	0	0	0	0	28239867	
345	1	C	1	N	2500	0	40	40	39	1	0	0	0	0	0	0	0	0	0	0	0	0	0	0	28239899	
346	1	C	1	N	2500	0	40	1379	3600	131	61	51	0	0	0	0	0	0	0	0	0	0	0	0	28239930	
347	1	C	1	N	2500	0	40	38	40	1	1	2	0	0	0	0	0	0	0	0	0	0	0	0	28239930	
348	1	C	1	N	2500	0	40	66	102	5	5	7	0	0	0	0	0	0	0	0	0	0	0	0	28239992	
349	1	C	1	N	2500	0	40	1624	4044	349	76	73	0	0	0	0	0	0	0	0	0	0	0	0	28240008	
350	1	C	1	N	2500	0	40	1705	4592	347	102	82	0	0	0	0	0	0	0	0	0	0	0	0	28240008	
351	1	C	1	N	2500	0	40	53	49	1	1	1	0	0	0	0	0	0	0	0	0	0	0	0	28240008	
352	1	C	1	N	2500	0	40	1304	3829	220	80	73	0	0	0	0	0	0	0	0	0	0	0	0	28240102	
353	1	C	1	N	2500	0	40	89	143	8	6	9	0	0	0	0	0	0	0	0	0	0	0	0	28240117	
354	1	C	1	N	2500	0	40	1021	2235	82	31	32	0	0	0	0	0	0	0	0	0	0	0	0	28240164	
355	1	C	1	N	2500	0	40	1588	4295	226	79	77	0	0	0	0	0	0	0	0	0	0	0	0	28240242	
356	1	C	1	N	2500	0	40	958	2069	87	35	38	0	0	0	0	0	0	0	0	0	0	0	0	28240304	
357	1	C	1	N	2500	0	40	1715	4360	240	78	74	0	0	0	0	0	0	0	0	0	0	0	0	28240382	
358	1	C	1	N	2500	0	40	70	129	26	29	26	0	0	0	0	0	0	0	0	0	0	0	0	28240382	
359	1	C	1	N	2500	0	40	1876	5350	300	99	88	0	0	0	0	0	0	0	0	0	0	0	0	28240445	
360	1	C	1	N	2500	0	40	55	53	5	3	3	0	0	0	0	0	0	0	0	0	0	0	0	28240476	
361	1	C	1	N	2500	0	40	1655	3574	266	75	65	0	0	0	0	0	0	0	0	0	0	0	0	28240492	
362	1	C	1	N	2500	0	40	130	272	26	21	23	0	0	0	0	0	0	0	0	0	0	0	0	28240492	
363	1	C	1	N	2500	0	40	1467	3822	169	71	72	0	0	0	0	0	0	0	0	0	0	0	0	28240538	
364	1	C	1	N	2500	0	40	291	347	42	34	28	0	0	0	0	0	0	0	0	0	0	0	0	28240538	
365	1	C	1	N	2500	0	40	197	486	59	11	8	0	0	0	0	0	0	0	0	0	0	0	0	28240554	
366	1	C	1	N	2500	0	40	1613	4520	225	95	77	0	0	0	0	0	0	0	0	0	0	0	0	28240585	
367	1	C	1	N	2500	0	40	1828	3821	274	67	71	0	0	0	0	0	0	0	0	0	0	0	0	28240616	
368	1	C	1	N	2500	0	40	25	21	1	0	1	0	0	0	0	0	0	0	0	0	0	0	0	28240679	
369	1	C	1	N	2500	0	40	95	154	19	21	26	0	0	0	0	0	0	0	0	0	0	0	0	28240804	
370	1	C	1	N	2500	0	40	144	354	29	23	30	0	0	0	0	0	0	0	0	0	0	0	0	28240819	
371	1	C	1	N	2500	0	40	30	33	1	1	1	0	0	0	0	0	0	0	0	0	0	0	0	28240928	
372	1	C	1	N	2500	0	40	69	116	8	9	12	0	0	0	0	0	0	0	0	0	0	0	0	28240944	
373	1	C	1	N	2500	0	40	32	36	1	1	0	0	0	0	0	0	0	0	0	0	0	0	0	28241069	
374	1	C	1	N	2500	0	40	1097	2719	143	46	43	0	0	0	0	0	0	0	0	0	0	0	0	28241084	
375	1	C	1	N	2500	0	40	22	19	0	0	1	0	0	0	0	0	0	0	0	0	0	0	0	28241209	
376	1	C	1	N	2500	0	40	195	687	103	80	90	0	0	0	0	0	0	0	0	0	0	0	0	28241225	
377	1	C	1	N	2500	0	40	28	28	0	0	1	0	0	0	0	0	0	0	0	0	0	0	0	28241225	
378	1	C	1	N	2500	0	40	1672	4061	233	73	64	0	0	0	0	0	0	0	0	0	0	0	0	28241256	
379	1	C	1	N	2500	0	40	24	20	0	1	1	0	0	0	0	0	0	0	0	0	0	0	0	28241396	
380	1	C	1	N	2500	0	40	65	84	4	4	3	0	0	0	0	0	0	0	0	0	0	0	0	28241459	
381	1	C	1	N	2500	0	40	92	98	4	2	5	0	0	0	0	0	0	0	0	0	0	0	0	28241552	
382	1	C	1	N	2500	0	40	22	18	0	1	0	0	0	0	0	0	0	0	0	0	0	0	0	28241599	
383	1	C	1	N	2500	0	40	30	28	0	0	1	0	0	0	0	0	0	0	0	0	0	0	0	28241615	
384	1	C	1	N	2500	0	40	1641	4452	338	87	74	0	0	0	0	0	0	0	0	0	0	0	0	28241646	
385	1	C	1	N	2500	0	40	20	20	0	0	1	0	0	0	0	0	0	0	0	0	0	0	0	28241755	
386	1	C	1	N	2500	0	40	42	40	2	2	3	0	0	0	0	0	0	0	0	0	0	0	0	28241771	
387	1	C	1	N	2500	0	40	24	26	0	0	0	0	0	0	0	0	0	0	0	0	0	0	0	28241864	
388	1	C	1	N	2500	0	40	33	31	1	1	1	0	0	0	0	0	0	0	0	0	0	0	0	28241911	
389	1	C	1	N	2500	0	40	74	103	8	1	3	0	0	0	0	0	0	0	0	0	0	0	0	28242036	
390	1	C	1	N	2500	0	40	36	38	1	1	0	0	0	0	0	0	0	0	0	0	0	0	0	28242052	
391	1	C	1	N	2500	0	40	29	28	1	1	1	0	0	0	0	0	0	0	0	0	0	0	0	28242208	
392	1	C	1	N	2500	0	40	294	591	105	6	8	0	0	0	0	0	0	0	0	0	0	0	0	28242223	
393	1	C	1	N	2500	0	40	23	26	1	0	1	0	0	0	0	0	0	0	0	0	0	0	0	28242395	
394	1	C	1	N	2500	0	40	22	18	0	0	0	0	0	0	0	0	0	0	0	0	0	0	0	28242426	
395	1	C	1	N	2500	0	40	20	15	1	1	1	0	0	0	0	0	0	0	0	0	0	0	0	28242473	
396	1	C	1	N	2500	0	40	41	41	2	1	1	0	0	0	0	0	0	0	0	0	0	0	0	28242691	
397	1	C	1	N	2500	0	40	1915	6227	299	109	85	0	0	0	0	0	0	0	0	0	0	0	0	28242707	
