Id	Plate	Row	Column	Clog	Scan rate	Status sort	Status sel	TOF	EXT	Green	Yellow	Red	PH Ext	PW Ext	PC Ext	PH Green	PW Green	PCGreen	PH Yellow	PW Yellow	PCYellow	PH Red	PW Red	PCRed	Time Stamp	
0	1	E	6	N	2500	0	40	30	77	9	0	0	0	0	0	0	0	0	0	0	0	0	0	0	17838945	
1	1	E	6	N	2500	0	40	35	99	9	0	0	0	0	0	0	0	0	0	0	0	0	0	0	17839241	
2	1	E	6	N	2500	0	40	39	46	1	1	0	0	0	0	0	0	0	0	0	0	0	0	0	17843599	
3	1	E	7	N	2500	0	40	406	1201	62	23	16	0	0	0	0	0	0	0	0	0	0	0	0	17853587	
4	1	E	7	N	2500	0	40	392	1239	70	25	20	0	0	0	0	0	0	0	0	0	0	0	0	17853680	
5	1	E	7	N	2500	0	40	477	1391	63	32	27	0	0	0	0	0	0	0	0	0	0	0	0	17854539	
6	1	E	7	N	2500	0	40	38	45	1	1	1	0	0	0	0	0	0	0	0	0	0	0	0	17854649	
7	1	E	7	N	2500	0	40	421	1369	72	30	20	0	0	0	0	0	0	0	0	0	0	0	0	17855023	
8	1	E	7	N	2500	0	40	344	1357	74	33	29	0	0	0	0	0	0	0	0	0	0	0	0	17855429	
9	1	E	7	N	2500	0	40	412	1287	57	25	25	0	0	0	0	0	0	0	0	0	0	0	0	17855976	
10	1	E	7	N	2500	0	40	305	1436	74	30	27	0	0	0	0	0	0	0	0	0	0	0	0	17856038	
11	1	E	7	N	2500	0	40	89	154	8	9	11	0	0	0	0	0	0	0	0	0	0	0	0	17856116	
12	1	E	7	N	2500	0	40	403	1120	59	20	17	0	0	0	0	0	0	0	0	0	0	0	0	17856163	
13	1	E	7	N	2500	0	40	419	1258	68	25	21	0	0	0	0	0	0	0	0	0	0	0	0	17856210	
14	1	E	7	N	2500	0	40	31	32	2	1	1	0	0	0	0	0	0	0	0	0	0	0	0	17856334	
15	1	E	7	N	2500	0	40	514	1608	93	39	29	0	0	0	0	0	0	0	0	0	0	0	0	17856366	
16	1	E	7	N	2500	0	40	696	2243	111	47	36	0	0	0	0	0	0	0	0	0	0	0	0	17856678	
17	1	E	7	N	2500	0	40	23	22	1	1	2	0	0	0	0	0	0	0	0	0	0	0	0	17856756	
18	1	E	7	N	2500	0	40	45	143	4	0	0	0	0	0	0	0	0	0	0	0	0	0	0	17857083	
19	1	E	7	N	2500	0	40	89	88	9	9	11	0	0	0	0	0	0	0	0	0	0	0	0	17857317	
20	1	E	7	N	2500	0	40	429	1295	70	24	24	0	0	0	0	0	0	0	0	0	0	0	0	17857693	
21	1	E	7	N	2500	0	40	81	87	7	6	8	0	0	0	0	0	0	0	0	0	0	0	0	17857771	
22	1	E	7	N	2500	0	40	426	1315	67	28	20	0	0	0	0	0	0	0	0	0	0	0	0	17857786	
23	1	E	7	N	2500	0	40	435	1086	55	21	17	0	0	0	0	0	0	0	0	0	0	0	0	17857864	
24	1	E	7	N	2500	0	40	534	1739	92	48	43	0	0	0	0	0	0	0	0	0	0	0	0	17857895	
25	1	E	7	N	2500	0	40	29	62	3	2	3	0	0	0	0	0	0	0	0	0	0	0	0	17858098	
26	1	E	7	N	2500	0	40	449	1364	76	28	22	0	0	0	0	0	0	0	0	0	0	0	0	17858114	
27	1	E	7	N	2500	0	40	292	1026	49	23	18	0	0	0	0	0	0	0	0	0	0	0	0	17858114	
28	1	E	7	N	2500	0	40	66	78	3	2	4	0	0	0	0	0	0	0	0	0	0	0	0	17858379	
29	1	E	7	N	2500	0	40	38	94	8	6	8	0	0	0	0	0	0	0	0	0	0	0	0	17858630	
30	1	E	7	N	2500	0	40	471	1450	75	35	28	0	0	0	0	0	0	0	0	0	0	0	0	17859020	
31	1	E	7	N	2500	0	40	20	26	1	1	1	0	0	0	0	0	0	0	0	0	0	0	0	17859191	
32	1	E	7	N	2500	0	40	546	1606	81	34	27	0	0	0	0	0	0	0	0	0	0	0	0	17859207	
33	1	E	7	N	2500	0	40	286	479	58	41	69	0	0	0	0	0	0	0	0	0	0	0	0	17859222	
34	1	E	7	N	2500	0	40	497	1652	94	37	31	0	0	0	0	0	0	0	0	0	0	0	0	17859534	
35	1	E	7	N	2500	0	40	273	1155	73	31	22	0	0	0	0	0	0	0	0	0	0	0	0	17859862	
36	1	E	7	N	2500	0	40	94	138	11	12	15	0	0	0	0	0	0	0	0	0	0	0	0	17859940	
37	1	E	7	N	2500	0	40	23	43	1	0	0	0	0	0	0	0	0	0	0	0	0	0	0	17859956	
38	1	E	7	N	2500	0	40	25	35	2	1	2	0	0	0	0	0	0	0	0	0	0	0	0	17860643	
39	1	E	7	N	2500	0	40	50	197	17	0	0	0	0	0	0	0	0	0	0	0	0	0	0	17861111	
40	1	E	8	N	2500	0	40	329	1173	81	29	23	0	0	0	0	0	0	0	0	0	0	0	0	17868383	
41	1	E	8	N	2500	0	40	354	870	40	18	19	0	0	0	0	0	0	0	0	0	0	0	0	17868710	
42	1	E	8	N	2500	0	40	379	1021	47	21	22	0	0	0	0	0	0	0	0	0	0	0	0	17868913	
43	1	E	8	N	2500	0	40	240	409	13	7	5	0	0	0	0	0	0	0	0	0	0	0	0	17869538	
44	1	E	8	N	2500	0	40	430	980	54	20	18	0	0	0	0	0	0	0	0	0	0	0	0	17870084	
45	1	E	8	N	2500	0	40	35	44	1	1	2	0	0	0	0	0	0	0	0	0	0	0	0	17870412	
46	1	E	8	N	2500	0	40	640	1518	123	31	28	0	0	0	0	0	0	0	0	0	0	0	0	17870506	
47	1	E	8	N	2500	0	40	21	28	1	1	0	0	0	0	0	0	0	0	0	0	0	0	0	17870881	
48	1	E	8	N	2500	0	40	350	772	27	11	14	0	0	0	0	0	0	0	0	0	0	0	0	17871005	
49	1	E	8	N	2500	0	40	25	38	1	1	0	0	0	0	0	0	0	0	0	0	0	0	0	17871083	
50	1	E	8	N	2500	0	40	393	975	46	17	16	0	0	0	0	0	0	0	0	0	0	0	0	17871161	
51	1	E	8	N	2500	0	40	334	711	26	13	12	0	0	0	0	0	0	0	0	0	0	0	0	17871224	
52	1	E	8	N	2500	0	40	395	1005	56	21	20	0	0	0	0	0	0	0	0	0	0	0	0	17871239	
53	1	E	8	N	2500	0	40	421	1052	52	21	16	0	0	0	0	0	0	0	0	0	0	0	0	17871271	
54	1	E	8	N	2500	0	40	401	1043	46	22	19	0	0	0	0	0	0	0	0	0	0	0	0	17871598	
55	1	E	8	N	2500	0	40	78	293	34	26	29	0	0	0	0	0	0	0	0	0	0	0	0	17871629	
56	1	E	8	N	2500	0	40	304	566	18	9	10	0	0	0	0	0	0	0	0	0	0	0	0	17871707	
57	1	E	8	N	2500	0	40	273	812	40	19	19	0	0	0	0	0	0	0	0	0	0	0	0	17871754	
58	1	E	8	N	2500	0	40	27	25	1	1	1	0	0	0	0	0	0	0	0	0	0	0	0	17871817	
59	1	E	8	N	2500	0	40	302	1161	55	27	23	0	0	0	0	0	0	0	0	0	0	0	0	17871941	
60	1	E	8	N	2500	0	40	479	1356	62	31	25	0	0	0	0	0	0	0	0	0	0	0	0	17872160	
61	1	E	8	N	2500	0	40	72	149	5	2	1	0	0	0	0	0	0	0	0	0	0	0	0	17872363	
62	1	E	8	N	2500	0	40	37	58	3	2	3	0	0	0	0	0	0	0	0	0	0	0	0	17872598	
63	1	E	8	N	2500	0	40	142	926	160	165	178	0	0	0	0	0	0	0	0	0	0	0	0	17872629	
64	1	E	8	N	2500	0	40	402	1074	61	21	24	0	0	0	0	0	0	0	0	0	0	0	0	17872911	
65	1	E	8	N	2500	0	40	305	1316	69	34	30	0	0	0	0	0	0	0	0	0	0	0	0	17873035	
66	1	E	8	N	2500	0	40	42	34	1	1	1	0	0	0	0	0	0	0	0	0	0	0	0	17873035	
67	1	E	8	N	2500	0	40	309	623	23	10	11	0	0	0	0	0	0	0	0	0	0	0	0	17873113	
68	1	E	8	N	2500	0	40	502	1143	76	27	27	0	0	0	0	0	0	0	0	0	0	0	0	17873207	
69	1	E	8	N	2500	0	40	407	1002	47	20	19	0	0	0	0	0	0	0	0	0	0	0	0	17873301	
70	1	E	8	N	2500	0	40	389	1021	49	20	19	0	0	0	0	0	0	0	0	0	0	0	0	17873332	
71	1	E	8	N	2500	0	40	26	35	2	1	3	0	0	0	0	0	0	0	0	0	0	0	0	17873347	
72	1	E	8	N	2500	0	40	374	960	43	18	19	0	0	0	0	0	0	0	0	0	0	0	0	17873363	
73	1	E	8	N	2500	0	40	441	1197	62	26	24	0	0	0	0	0	0	0	0	0	0	0	0	17873536	
74	1	E	8	N	2500	0	40	400	898	40	18	15	0	0	0	0	0	0	0	0	0	0	0	0	17873660	
75	1	E	8	N	2500	0	40	35	77	6	5	6	0	0	0	0	0	0	0	0	0	0	0	0	17873926	
76	1	E	8	N	2500	0	40	505	1536	79	31	30	0	0	0	0	0	0	0	0	0	0	0	0	17873972	
77	1	E	8	N	2500	0	40	439	1178	61	26	23	0	0	0	0	0	0	0	0	0	0	0	0	17874160	
78	1	E	8	N	2500	0	40	428	1270	65	26	29	0	0	0	0	0	0	0	0	0	0	0	0	17874269	
79	1	E	8	N	2500	0	40	61	252	11	0	1	0	0	0	0	0	0	0	0	0	0	0	0	17874425	
80	1	E	8	N	2500	0	40	443	1019	68	23	22	0	0	0	0	0	0	0	0	0	0	0	0	17874534	
81	1	E	8	N	2500	0	40	27	25	1	2	1	0	0	0	0	0	0	0	0	0	0	0	0	17874799	
82	1	E	8	N	2500	0	40	423	1011	63	21	16	0	0	0	0	0	0	0	0	0	0	0	0	17874862	
83	1	E	8	N	2500	0	40	265	1080	60	30	24	0	0	0	0	0	0	0	0	0	0	0	0	17874971	
84	1	E	8	N	2500	0	40	582	1349	111	45	37	0	0	0	0	0	0	0	0	0	0	0	0	17875236	
85	1	E	8	N	2500	0	40	20	31	0	0	0	0	0	0	0	0	0	0	0	0	0	0	0	17875657	
86	1	E	9	N	2500	0	40	370	945	42	19	17	0	0	0	0	0	0	0	0	0	0	0	0	17883321	
87	1	E	9	N	2500	0	40	310	605	34	10	11	0	0	0	0	0	0	0	0	0	0	0	0	17883695	
88	1	E	9	N	2500	0	40	712	2169	96	40	34	0	0	0	0	0	0	0	0	0	0	0	0	17883804	
89	1	E	9	N	2500	0	40	31	44	2	2	2	0	0	0	0	0	0	0	0	0	0	0	0	17883882	
90	1	E	9	N	2500	0	40	25	33	7	7	6	0	0	0	0	0	0	0	0	0	0	0	0	17884038	
91	1	E	9	N	2500	0	40	20	29	1	0	1	0	0	0	0	0	0	0	0	0	0	0	0	17884617	
92	1	E	9	N	2500	0	40	29	49	2	2	2	0	0	0	0	0	0	0	0	0	0	0	0	17884773	
93	1	E	9	N	2500	0	40	405	1048	49	25	22	0	0	0	0	0	0	0	0	0	0	0	0	17884788	
94	1	E	9	N	2500	0	40	381	916	39	21	19	0	0	0	0	0	0	0	0	0	0	0	0	17885116	
95	1	E	9	N	2500	0	40	370	763	32	15	15	0	0	0	0	0	0	0	0	0	0	0	0	17885241	
96	1	E	9	N	2500	0	40	36	80	6	5	5	0	0	0	0	0	0	0	0	0	0	0	0	17885256	
97	1	E	9	N	2500	0	40	413	912	49	17	15	0	0	0	0	0	0	0	0	0	0	0	0	17885491	
98	1	E	9	N	2500	0	40	422	1318	72	29	24	0	0	0	0	0	0	0	0	0	0	0	0	17885507	
99	1	E	9	N	2500	0	40	26	45	2	0	1	0	0	0	0	0	0	0	0	0	0	0	0	17885803	
100	1	E	9	N	2500	0	40	63	205	14	15	18	0	0	0	0	0	0	0	0	0	0	0	0	17885928	
101	1	E	9	N	2500	0	40	434	1122	50	25	21	0	0	0	0	0	0	0	0	0	0	0	0	17885959	
102	1	E	9	N	2500	0	40	27	50	1	2	2	0	0	0	0	0	0	0	0	0	0	0	0	17886053	
103	1	E	9	N	2500	0	40	384	878	41	17	16	0	0	0	0	0	0	0	0	0	0	0	0	17886115	
104	1	E	9	N	2500	0	40	40	79	7	6	6	0	0	0	0	0	0	0	0	0	0	0	0	17886224	
105	1	E	9	N	2500	0	40	40	89	9	9	11	0	0	0	0	0	0	0	0	0	0	0	0	17886256	
106	1	E	9	N	2500	0	40	363	748	29	14	17	0	0	0	0	0	0	0	0	0	0	0	0	17886271	
107	1	E	9	N	2500	0	40	33	56	2	0	1	0	0	0	0	0	0	0	0	0	0	0	0	17886458	
108	1	E	9	N	2500	0	40	30	55	1	0	0	0	0	0	0	0	0	0	0	0	0	0	0	17886568	
109	1	E	9	N	2500	0	40	351	803	32	14	15	0	0	0	0	0	0	0	0	0	0	0	0	17886599	
110	1	E	9	N	2500	0	40	388	969	50	21	19	0	0	0	0	0	0	0	0	0	0	0	0	17886848	
111	1	E	9	N	2500	0	40	320	666	25	12	10	0	0	0	0	0	0	0	0	0	0	0	0	17886864	
112	1	E	9	N	2500	0	40	389	864	39	17	20	0	0	0	0	0	0	0	0	0	0	0	0	17886895	
113	1	E	9	N	2500	0	40	344	802	31	16	18	0	0	0	0	0	0	0	0	0	0	0	0	17886958	
114	1	E	9	N	2500	0	40	395	940	53	24	20	0	0	0	0	0	0	0	0	0	0	0	0	17887145	
115	1	E	9	N	2500	0	40	502	1008	40	21	17	0	0	0	0	0	0	0	0	0	0	0	0	17887394	
116	1	E	9	N	2500	0	40	73	257	37	32	36	0	0	0	0	0	0	0	0	0	0	0	0	17887473	
117	1	E	9	N	2500	0	40	228	826	105	98	142	0	0	0	0	0	0	0	0	0	0	0	0	17887505	
118	1	E	9	N	2500	0	40	416	962	47	19	19	0	0	0	0	0	0	0	0	0	0	0	0	17887692	
119	1	E	9	N	2500	0	40	309	612	18	9	8	0	0	0	0	0	0	0	0	0	0	0	0	17888051	
120	1	E	9	N	2500	0	40	406	1033	60	21	18	0	0	0	0	0	0	0	0	0	0	0	0	17888300	
121	1	E	9	N	2500	0	40	424	1100	50	24	20	0	0	0	0	0	0	0	0	0	0	0	0	17888456	
122	1	E	9	N	2500	0	40	235	863	45	22	19	0	0	0	0	0	0	0	0	0	0	0	0	17888472	
123	1	E	9	N	2500	0	40	396	943	43	19	19	0	0	0	0	0	0	0	0	0	0	0	0	17888473	
124	1	E	9	N	2500	0	40	395	843	41	17	20	0	0	0	0	0	0	0	0	0	0	0	0	17888925	
125	1	E	9	N	2500	0	40	364	787	32	15	15	0	0	0	0	0	0	0	0	0	0	0	0	17889440	
126	1	E	9	N	2500	0	40	380	992	45	21	20	0	0	0	0	0	0	0	0	0	0	0	0	17889705	
127	1	E	9	N	2500	0	40	263	549	23	10	9	0	0	0	0	0	0	0	0	0	0	0	0	17890049	
128	1	E	10	N	2500	0	40	375	870	37	18	19	0	0	0	0	0	0	0	0	0	0	0	0	17897776	
129	1	E	10	N	2500	0	40	301	535	20	9	10	0	0	0	0	0	0	0	0	0	0	0	0	17898524	
130	1	E	10	N	2500	0	40	374	788	34	15	12	0	0	0	0	0	0	0	0	0	0	0	0	17898852	
131	1	E	10	N	2500	0	40	334	677	21	12	11	0	0	0	0	0	0	0	0	0	0	0	0	17899117	
132	1	E	10	N	2500	0	40	329	678	25	12	11	0	0	0	0	0	0	0	0	0	0	0	0	17899320	
133	1	E	10	N	2500	0	40	396	950	46	20	18	0	0	0	0	0	0	0	0	0	0	0	0	17899586	
134	1	E	10	N	2500	0	40	300	582	25	10	10	0	0	0	0	0	0	0	0	0	0	0	0	17899851	
135	1	E	10	N	2500	0	40	340	760	26	15	13	0	0	0	0	0	0	0	0	0	0	0	0	17899945	
136	1	E	10	N	2500	0	40	51	70	3	2	2	0	0	0	0	0	0	0	0	0	0	0	0	17900023	
137	1	E	10	N	2500	0	40	377	793	35	16	15	0	0	0	0	0	0	0	0	0	0	0	0	17900382	
138	1	E	10	N	2500	0	40	376	828	37	18	16	0	0	0	0	0	0	0	0	0	0	0	0	17900632	
139	1	E	10	N	2500	0	40	282	540	18	8	13	0	0	0	0	0	0	0	0	0	0	0	0	17900679	
140	1	E	10	N	2500	0	40	33	53	1	0	0	0	0	0	0	0	0	0	0	0	0	0	0	17900882	
141	1	E	10	N	2500	0	40	276	501	17	7	9	0	0	0	0	0	0	0	0	0	0	0	0	17901007	
142	1	E	10	N	2500	0	40	337	726	29	14	15	0	0	0	0	0	0	0	0	0	0	0	0	17901100	
143	1	E	10	N	2500	0	40	186	438	15	9	9	0	0	0	0	0	0	0	0	0	0	0	0	17901693	
144	1	E	10	N	2500	0	40	263	429	15	7	7	0	0	0	0	0	0	0	0	0	0	0	0	17901896	
145	1	E	10	N	2500	0	40	344	744	30	12	15	0	0	0	0	0	0	0	0	0	0	0	0	17901912	
146	1	E	10	N	2500	0	40	309	593	25	9	14	0	0	0	0	0	0	0	0	0	0	0	0	17901958	
147	1	E	10	N	2500	0	40	297	614	18	11	12	0	0	0	0	0	0	0	0	0	0	0	0	17902036	
148	1	E	10	N	2500	0	40	243	355	8	4	5	0	0	0	0	0	0	0	0	0	0	0	0	17902099	
149	1	E	10	N	2500	0	40	321	656	32	13	10	0	0	0	0	0	0	0	0	0	0	0	0	17902442	
150	1	E	10	N	2500	0	40	537	1154	64	22	17	0	0	0	0	0	0	0	0	0	0	0	0	17902474	
151	1	E	10	N	2500	0	40	38	74	4	5	5	0	0	0	0	0	0	0	0	0	0	0	0	17902583	
152	1	E	10	N	2500	0	40	264	447	12	7	9	0	0	0	0	0	0	0	0	0	0	0	0	17902739	
153	1	E	10	N	2500	0	40	20	23	0	1	1	0	0	0	0	0	0	0	0	0	0	0	0	17902833	
154	1	E	10	N	2500	0	40	289	605	24	12	13	0	0	0	0	0	0	0	0	0	0	0	0	17902927	
155	1	E	10	N	2500	0	40	332	666	20	9	12	0	0	0	0	0	0	0	0	0	0	0	0	17902958	
156	1	E	10	N	2500	0	40	379	1117	56	25	26	0	0	0	0	0	0	0	0	0	0	0	0	17903036	
157	1	E	10	N	2500	0	40	339	602	21	8	10	0	0	0	0	0	0	0	0	0	0	0	0	17903067	
158	1	E	10	N	2500	0	40	23	27	0	0	0	0	0	0	0	0	0	0	0	0	0	0	0	17903145	
159	1	E	10	N	2500	0	40	271	515	16	9	9	0	0	0	0	0	0	0	0	0	0	0	0	17903176	
160	1	E	10	N	2500	0	40	212	305	8	4	7	0	0	0	0	0	0	0	0	0	0	0	0	17903332	
161	1	E	10	N	2500	0	40	348	818	35	14	14	0	0	0	0	0	0	0	0	0	0	0	0	17903332	
162	1	E	10	N	2500	0	40	309	597	26	9	9	0	0	0	0	0	0	0	0	0	0	0	0	17903598	
163	1	E	10	N	2500	0	40	435	1065	40	23	23	0	0	0	0	0	0	0	0	0	0	0	0	17903786	
164	1	E	10	N	2500	0	40	401	664	23	10	13	0	0	0	0	0	0	0	0	0	0	0	0	17903786	
165	1	E	10	N	2500	0	40	498	909	25	15	15	0	0	0	0	0	0	0	0	0	0	0	0	17903801	
166	1	E	10	N	2500	0	40	319	734	26	18	16	0	0	0	0	0	0	0	0	0	0	0	0	17903910	
167	1	E	10	N	2500	0	40	20	24	2	1	1	0	0	0	0	0	0	0	0	0	0	0	0	17903910	
168	1	E	10	N	2500	0	40	28	57	2	2	3	0	0	0	0	0	0	0	0	0	0	0	0	17903926	
169	1	E	10	N	2500	0	40	287	613	26	11	11	0	0	0	0	0	0	0	0	0	0	0	0	17903988	
170	1	E	10	N	2500	0	40	233	399	11	5	7	0	0	0	0	0	0	0	0	0	0	0	0	17904082	
171	1	E	10	N	2500	0	40	30	50	3	2	3	0	0	0	0	0	0	0	0	0	0	0	0	17904098	
172	1	E	10	N	2500	0	40	24	31	1	0	0	0	0	0	0	0	0	0	0	0	0	0	0	17904098	
173	1	E	10	N	2500	0	40	26	55	4	3	3	0	0	0	0	0	0	0	0	0	0	0	0	17904098	
174	1	E	10	N	2500	0	40	316	621	24	10	11	0	0	0	0	0	0	0	0	0	0	0	0	17904285	
175	1	E	10	N	2500	0	40	24	23	0	1	1	0	0	0	0	0	0	0	0	0	0	0	0	17904347	
176	1	E	10	N	2500	0	40	329	519	21	11	11	0	0	0	0	0	0	0	0	0	0	0	0	17904378	
177	1	E	10	N	2500	0	40	29	72	5	3	5	0	0	0	0	0	0	0	0	0	0	0	0	17904425	
178	1	E	10	N	2500	0	40	260	449	14	7	6	0	0	0	0	0	0	0	0	0	0	0	0	17904924	
179	1	E	10	N	2500	0	40	78	279	9	1	1	0	0	0	0	0	0	0	0	0	0	0	0	17904987	
180	1	E	11	N	2500	0	40	254	455	17	7	7	0	0	0	0	0	0	0	0	0	0	0	0	17912604	
181	1	E	11	N	2500	0	40	272	486	17	8	10	0	0	0	0	0	0	0	0	0	0	0	0	17912744	
182	1	E	11	N	2500	0	40	269	500	17	9	10	0	0	0	0	0	0	0	0	0	0	0	0	17912760	
183	1	E	11	N	2500	0	40	284	448	15	7	9	0	0	0	0	0	0	0	0	0	0	0	0	17913914	
184	1	E	11	N	2500	0	40	90	106	8	7	6	0	0	0	0	0	0	0	0	0	0	0	0	17914070	
185	1	E	11	N	2500	0	40	117	271	7	6	6	0	0	0	0	0	0	0	0	0	0	0	0	17914273	
186	1	E	11	N	2500	0	40	286	461	14	6	8	0	0	0	0	0	0	0	0	0	0	0	0	17914366	
187	1	E	11	N	2500	0	40	223	339	11	7	8	0	0	0	0	0	0	0	0	0	0	0	0	17914382	
188	1	E	11	N	2500	0	40	35	64	4	4	5	0	0	0	0	0	0	0	0	0	0	0	0	17914742	
189	1	E	11	N	2500	0	40	72	144	2	2	3	0	0	0	0	0	0	0	0	0	0	0	0	17915413	
190	1	E	11	N	2500	0	40	253	574	27	15	15	0	0	0	0	0	0	0	0	0	0	0	0	17915492	
191	1	E	11	N	2500	0	40	187	255	8	3	5	0	0	0	0	0	0	0	0	0	0	0	0	17915819	
192	1	E	11	N	2500	0	40	130	269	6	4	4	0	0	0	0	0	0	0	0	0	0	0	0	17915944	
193	1	E	11	N	2500	0	40	22	30	1	0	0	0	0	0	0	0	0	0	0	0	0	0	0	17915975	
194	1	E	11	N	2500	0	40	191	487	17	11	10	0	0	0	0	0	0	0	0	0	0	0	0	17916240	
195	1	E	11	N	2500	0	40	86	90	2	1	2	0	0	0	0	0	0	0	0	0	0	0	0	17916365	
196	1	E	11	N	2500	0	40	241	331	11	7	6	0	0	0	0	0	0	0	0	0	0	0	0	17916381	
197	1	E	11	N	2500	0	40	265	466	15	7	10	0	0	0	0	0	0	0	0	0	0	0	0	17916459	
198	1	E	11	N	2500	0	40	124	279	7	5	6	0	0	0	0	0	0	0	0	0	0	0	0	17916927	
199	1	E	11	N	2500	0	40	206	245	8	4	6	0	0	0	0	0	0	0	0	0	0	0	0	17917052	
200	1	E	11	N	2500	0	40	27	48	2	3	4	0	0	0	0	0	0	0	0	0	0	0	0	17917332	
201	1	E	11	N	2500	0	40	364	658	25	14	15	0	0	0	0	0	0	0	0	0	0	0	0	17917379	
202	1	E	11	N	2500	0	40	27	56	2	3	2	0	0	0	0	0	0	0	0	0	0	0	0	17917457	
203	1	E	11	N	2500	0	40	158	166	6	3	2	0	0	0	0	0	0	0	0	0	0	0	0	17917801	
204	1	E	11	N	2500	0	40	24	35	2	1	2	0	0	0	0	0	0	0	0	0	0	0	0	17917833	
205	1	E	11	N	2500	0	40	147	202	5	3	4	0	0	0	0	0	0	0	0	0	0	0	0	17918098	
206	1	E	11	N	2500	0	40	44	138	5	0	0	0	0	0	0	0	0	0	0	0	0	0	0	17918238	
207	1	E	11	N	2500	0	40	237	368	11	5	8	0	0	0	0	0	0	0	0	0	0	0	0	17918238	
208	1	E	11	N	2500	0	40	33	55	3	2	3	0	0	0	0	0	0	0	0	0	0	0	0	17918363	
209	1	E	11	N	2500	0	40	403	892	38	19	17	0	0	0	0	0	0	0	0	0	0	0	0	17918457	
210	1	E	11	N	2500	0	40	267	394	14	7	7	0	0	0	0	0	0	0	0	0	0	0	0	17918894	
211	1	E	11	N	2500	0	40	155	204	4	2	3	0	0	0	0	0	0	0	0	0	0	0	0	17919019	
212	1	E	11	N	2500	0	40	37	63	2	3	3	0	0	0	0	0	0	0	0	0	0	0	0	17919191	
213	1	E	11	N	2500	0	40	254	377	9	6	6	0	0	0	0	0	0	0	0	0	0	0	0	17919206	
214	1	E	11	N	2500	0	40	22	30	1	1	1	0	0	0	0	0	0	0	0	0	0	0	0	17919206	
215	1	E	11	N	2500	0	40	76	114	5	3	4	0	0	0	0	0	0	0	0	0	0	0	0	17919409	
216	1	E	11	N	2500	0	40	269	441	13	6	9	0	0	0	0	0	0	0	0	0	0	0	0	17919456	
217	1	E	11	N	2500	0	40	162	448	14	8	9	0	0	0	0	0	0	0	0	0	0	0	0	17919472	
218	1	E	11	N	2500	0	40	39	56	2	2	3	0	0	0	0	0	0	0	0	0	0	0	0	17919518	
219	1	E	11	N	2500	0	40	23	23	0	0	1	0	0	0	0	0	0	0	0	0	0	0	0	17919581	
220	1	E	11	N	2500	0	40	28	56	1	1	0	0	0	0	0	0	0	0	0	0	0	0	0	17919690	
221	1	E	11	N	2500	0	40	78	82	2	2	1	0	0	0	0	0	0	0	0	0	0	0	0	17919690	
222	1	E	11	N	2500	0	40	288	553	22	9	13	0	0	0	0	0	0	0	0	0	0	0	0	17919768	
223	1	E	12	N	2500	0	40	47	106	8	8	9	0	0	0	0	0	0	0	0	0	0	0	0	17926931	
224	1	E	12	N	2500	0	40	25	58	4	0	0	0	0	0	0	0	0	0	0	0	0	0	0	17927446	
225	1	E	12	N	2500	0	40	190	454	14	9	8	0	0	0	0	0	0	0	0	0	0	0	0	17927478	
226	1	E	12	N	2500	0	40	59	196	7	0	0	0	0	0	0	0	0	0	0	0	0	0	0	17928478	
227	1	E	12	N	2500	0	40	29	39	1	0	0	0	0	0	0	0	0	0	0	0	0	0	0	17928478	
228	1	E	12	N	2500	0	40	28	35	1	0	0	0	0	0	0	0	0	0	0	0	0	0	0	17928478	
229	1	E	12	N	2500	0	40	287	583	20	10	11	0	0	0	0	0	0	0	0	0	0	0	0	17930304	
230	1	E	12	N	2500	0	40	24	39	7	0	0	0	0	0	0	0	0	0	0	0	0	0	0	17930366	
231	1	E	12	N	2500	0	40	34	86	2	0	0	0	0	0	0	0	0	0	0	0	0	0	0	17932942	
232	1	E	12	N	2500	0	40	28	37	2	1	1	0	0	0	0	0	0	0	0	0	0	0	0	17933973	
233	1	F	1	N	2500	0	40	450	1698	110	50	35	0	0	0	0	0	0	0	0	0	0	0	0	17943415	
234	1	F	1	N	2500	0	40	425	1255	61	24	17	0	0	0	0	0	0	0	0	0	0	0	0	17943446	
235	1	F	1	N	2500	0	40	23	32	5	0	0	0	0	0	0	0	0	0	0	0	0	0	0	17943477	
236	1	F	1	N	2500	0	40	35	63	2	0	0	0	0	0	0	0	0	0	0	0	0	0	0	17943493	
237	1	F	1	N	2500	0	40	517	1666	89	38	33	0	0	0	0	0	0	0	0	0	0	0	0	17943618	
238	1	F	1	N	2500	0	40	462	1474	72	29	23	0	0	0	0	0	0	0	0	0	0	0	0	17943899	
239	1	F	1	N	2500	0	40	414	1256	59	23	18	0	0	0	0	0	0	0	0	0	0	0	0	17943961	
240	1	F	1	N	2500	0	40	395	1172	52	24	20	0	0	0	0	0	0	0	0	0	0	0	0	17944242	
241	1	F	1	N	2500	0	40	400	1136	47	21	15	0	0	0	0	0	0	0	0	0	0	0	0	17944648	
242	1	F	1	N	2500	0	40	66	130	11	10	14	0	0	0	0	0	0	0	0	0	0	0	0	17944758	
243	1	F	1	N	2500	0	40	22	31	5	7	5	0	0	0	0	0	0	0	0	0	0	0	0	17944898	
244	1	F	1	N	2500	0	40	23	22	1	1	1	0	0	0	0	0	0	0	0	0	0	0	0	17945413	
245	1	F	1	N	2500	0	40	439	1241	62	23	20	0	0	0	0	0	0	0	0	0	0	0	0	17945663	
246	1	F	1	N	2500	0	40	27	45	5	4	4	0	0	0	0	0	0	0	0	0	0	0	0	17945726	
247	1	F	1	N	2500	0	40	502	1585	82	36	27	0	0	0	0	0	0	0	0	0	0	0	0	17945991	
248	1	F	1	N	2500	0	40	64	168	33	4	2	0	0	0	0	0	0	0	0	0	0	0	0	17946007	
249	1	F	1	N	2500	0	40	345	1342	72	29	21	0	0	0	0	0	0	0	0	0	0	0	0	17946069	
250	1	F	1	N	2500	0	40	44	51	1	0	0	0	0	0	0	0	0	0	0	0	0	0	0	17946225	
251	1	F	1	N	2500	0	40	570	2249	120	59	38	0	0	0	0	0	0	0	0	0	0	0	0	17946334	
252	1	F	1	N	2500	0	40	21	21	5	3	3	0	0	0	0	0	0	0	0	0	0	0	0	17946787	
253	1	F	1	N	2500	0	40	566	2316	147	69	51	0	0	0	0	0	0	0	0	0	0	0	0	17946818	
254	1	F	1	N	2500	0	40	529	1593	78	33	27	0	0	0	0	0	0	0	0	0	0	0	0	17946896	
255	1	F	1	N	2500	0	40	390	1344	70	27	22	0	0	0	0	0	0	0	0	0	0	0	0	17947005	
256	1	F	1	N	2500	0	40	24	25	2	1	2	0	0	0	0	0	0	0	0	0	0	0	0	17947005	
257	1	F	1	N	2500	0	40	520	1378	62	32	21	0	0	0	0	0	0	0	0	0	0	0	0	17947208	
258	1	F	1	N	2500	0	40	738	1580	130	40	32	0	0	0	0	0	0	0	0	0	0	0	0	17947255	
259	1	F	1	N	2500	0	40	311	1473	98	36	26	0	0	0	0	0	0	0	0	0	0	0	0	17947364	
260	1	F	1	N	2500	0	40	481	1398	63	33	28	0	0	0	0	0	0	0	0	0	0	0	0	17947520	
261	1	F	1	N	2500	0	40	414	1248	58	24	18	0	0	0	0	0	0	0	0	0	0	0	0	17947769	
262	1	F	1	N	2500	0	40	386	1539	81	39	30	0	0	0	0	0	0	0	0	0	0	0	0	17947988	
263	1	F	1	N	2500	0	40	430	1542	85	44	34	0	0	0	0	0	0	0	0	0	0	0	0	17948113	
264	1	F	1	N	2500	0	40	72	79	7	4	6	0	0	0	0	0	0	0	0	0	0	0	0	17948752	
265	1	F	1	N	2500	0	40	693	2233	91	44	35	0	0	0	0	0	0	0	0	0	0	0	0	17949049	
266	1	F	1	N	2500	0	40	499	1654	89	41	34	0	0	0	0	0	0	0	0	0	0	0	0	17949080	
267	1	F	1	N	2500	0	40	20	29	2	1	2	0	0	0	0	0	0	0	0	0	0	0	0	17949595	
268	1	F	1	N	2500	0	40	76	218	20	20	21	0	0	0	0	0	0	0	0	0	0	0	0	17949719	
269	1	F	1	N	2500	0	40	65	101	3	2	1	0	0	0	0	0	0	0	0	0	0	0	0	17950125	
270	1	F	1	N	2500	0	40	31	24	0	0	1	0	0	0	0	0	0	0	0	0	0	0	0	17950500	
271	1	F	1	N	2500	0	40	150	127	1	1	2	0	0	0	0	0	0	0	0	0	0	0	0	17950500	
272	1	F	1	N	2500	0	40	32	25	0	0	0	0	0	0	0	0	0	0	0	0	0	0	0	17950500	
273	1	F	1	N	2500	0	40	23	18	0	0	0	0	0	0	0	0	0	0	0	0	0	0	0	17950500	
274	1	F	1	N	2500	0	40	696	1692	70	26	22	0	0	0	0	0	0	0	0	0	0	0	0	17950500	
275	1	F	2	N	2500	0	40	29	71	7	0	0	0	0	0	0	0	0	0	0	0	0	0	0	17957728	
276	1	F	2	N	2500	0	40	382	1422	76	34	28	0	0	0	0	0	0	0	0	0	0	0	0	17957837	
277	1	F	2	N	2500	0	40	363	1399	67	37	29	0	0	0	0	0	0	0	0	0	0	0	0	17958182	
278	1	F	2	N	2500	0	40	404	1264	56	29	25	0	0	0	0	0	0	0	0	0	0	0	0	17958291	
279	1	F	2	N	2500	0	40	515	1888	104	45	35	0	0	0	0	0	0	0	0	0	0	0	0	17958977	
280	1	F	2	N	2500	0	40	411	1018	54	20	17	0	0	0	0	0	0	0	0	0	0	0	0	17959133	
281	1	F	2	N	2500	0	40	138	181	14	6	9	0	0	0	0	0	0	0	0	0	0	0	0	17959430	
282	1	F	2	N	2500	0	40	424	1267	63	26	23	0	0	0	0	0	0	0	0	0	0	0	0	17959524	
283	1	F	2	N	2500	0	40	449	1116	56	22	21	0	0	0	0	0	0	0	0	0	0	0	0	17959665	
284	1	F	2	N	2500	0	40	33	37	1	0	0	0	0	0	0	0	0	0	0	0	0	0	0	17960289	
285	1	F	2	N	2500	0	40	50	64	1	0	0	0	0	0	0	0	0	0	0	0	0	0	0	17960289	
286	1	F	2	N	2500	0	40	22	24	0	0	0	0	0	0	0	0	0	0	0	0	0	0	0	17960289	
287	1	F	2	N	2500	0	40	82	116	3	1	2	0	0	0	0	0	0	0	0	0	0	0	0	17960289	
288	1	F	2	N	2500	0	40	464	1201	67	23	17	0	0	0	0	0	0	0	0	0	0	0	0	17960289	
289	1	F	2	N	2500	0	40	516	1539	71	32	21	0	0	0	0	0	0	0	0	0	0	0	0	17960429	
290	1	F	2	N	2500	0	40	581	1679	108	35	30	0	0	0	0	0	0	0	0	0	0	0	0	17960445	
291	1	F	2	N	2500	0	40	444	1336	80	28	22	0	0	0	0	0	0	0	0	0	0	0	0	17960508	
292	1	F	2	N	2500	0	40	349	1122	60	27	21	0	0	0	0	0	0	0	0	0	0	0	0	17960742	
293	1	F	2	N	2500	0	40	302	1113	68	25	25	0	0	0	0	0	0	0	0	0	0	0	0	17960898	
294	1	F	2	N	2500	0	40	32	66	2	0	0	0	0	0	0	0	0	0	0	0	0	0	0	17960914	
295	1	F	2	N	2500	0	40	422	1117	60	22	19	0	0	0	0	0	0	0	0	0	0	0	0	17961304	
296	1	F	2	N	2500	0	40	34	40	2	1	2	0	0	0	0	0	0	0	0	0	0	0	0	17961319	
297	1	F	2	N	2500	0	40	30	63	5	5	5	0	0	0	0	0	0	0	0	0	0	0	0	17961943	
298	1	F	2	N	2500	0	40	672	1955	99	38	35	0	0	0	0	0	0	0	0	0	0	0	0	17962130	
299	1	F	2	N	2500	0	40	457	1222	59	25	26	0	0	0	0	0	0	0	0	0	0	0	0	17962130	
300	1	F	2	N	2500	0	40	627	1821	88	35	35	0	0	0	0	0	0	0	0	0	0	0	0	17962208	
301	1	F	2	N	2500	0	40	504	1526	85	33	29	0	0	0	0	0	0	0	0	0	0	0	0	17962318	
302	1	F	2	N	2500	0	40	460	1345	70	36	34	0	0	0	0	0	0	0	0	0	0	0	0	17962333	
303	1	F	2	N	2500	0	40	462	1459	84	33	29	0	0	0	0	0	0	0	0	0	0	0	0	17962442	
304	1	F	2	N	2500	0	40	417	1252	77	26	28	0	0	0	0	0	0	0	0	0	0	0	0	17962615	
305	1	F	2	N	2500	0	40	48	88	19	20	17	0	0	0	0	0	0	0	0	0	0	0	0	17962662	
306	1	F	2	N	2500	0	40	398	1098	60	22	18	0	0	0	0	0	0	0	0	0	0	0	0	17962865	
307	1	F	2	N	2500	0	40	534	1430	73	32	26	0	0	0	0	0	0	0	0	0	0	0	0	17963021	
308	1	F	2	N	2500	0	40	394	997	53	19	16	0	0	0	0	0	0	0	0	0	0	0	0	17963036	
309	1	F	2	N	2500	0	40	535	1520	78	31	32	0	0	0	0	0	0	0	0	0	0	0	0	17963036	
310	1	F	2	N	2500	0	40	416	1272	65	25	21	0	0	0	0	0	0	0	0	0	0	0	0	17963036	
311	1	F	2	N	2500	0	40	487	1160	82	25	18	0	0	0	0	0	0	0	0	0	0	0	0	17963177	
312	1	F	2	N	2500	0	40	741	2552	126	62	46	0	0	0	0	0	0	0	0	0	0	0	0	17963754	
313	1	F	2	N	2500	0	40	53	57	3	3	5	0	0	0	0	0	0	0	0	0	0	0	0	17964050	
314	1	F	2	N	2500	0	40	24	25	0	0	0	0	0	0	0	0	0	0	0	0	0	0	0	17964066	
315	1	F	2	N	2500	0	40	443	1333	70	27	24	0	0	0	0	0	0	0	0	0	0	0	0	17964222	
316	1	F	2	N	2500	0	40	485	1325	79	27	23	0	0	0	0	0	0	0	0	0	0	0	0	17964237	
317	1	F	2	N	2500	0	40	24	38	6	8	6	0	0	0	0	0	0	0	0	0	0	0	0	17964269	
318	1	F	2	N	2500	0	40	361	867	33	15	13	0	0	0	0	0	0	0	0	0	0	0	0	17964284	
319	1	F	2	N	2500	0	40	456	1230	73	26	25	0	0	0	0	0	0	0	0	0	0	0	0	17964284	
320	1	F	2	N	2500	0	40	51	49	4	3	4	0	0	0	0	0	0	0	0	0	0	0	0	17964347	
321	1	F	2	N	2500	0	40	41	37	5	4	5	0	0	0	0	0	0	0	0	0	0	0	0	17964347	
322	1	F	2	N	2500	0	40	39	41	2	2	2	0	0	0	0	0	0	0	0	0	0	0	0	17964347	
323	1	F	2	N	2500	0	40	24	38	2	2	2	0	0	0	0	0	0	0	0	0	0	0	0	17964487	
324	1	F	2	N	2500	0	40	457	1377	70	27	21	0	0	0	0	0	0	0	0	0	0	0	0	17964705	
325	1	F	2	N	2500	0	40	84	91	8	8	9	0	0	0	0	0	0	0	0	0	0	0	0	17964721	
326	1	F	2	N	2500	0	40	40	51	2	2	1	0	0	0	0	0	0	0	0	0	0	0	0	17964861	
327	1	F	3	N	2500	0	40	307	1112	75	29	27	0	0	0	0	0	0	0	0	0	0	0	0	17972838	
328	1	F	3	N	2500	0	40	20	20	0	0	0	0	0	0	0	0	0	0	0	0	0	0	0	17973134	
329	1	F	3	N	2500	0	40	373	985	58	20	19	0	0	0	0	0	0	0	0	0	0	0	0	17973134	
330	1	F	3	N	2500	0	40	405	1070	51	23	20	0	0	0	0	0	0	0	0	0	0	0	0	17973587	
331	1	F	3	N	2500	0	40	333	620	25	12	12	0	0	0	0	0	0	0	0	0	0	0	0	17974226	
332	1	F	3	N	2500	0	40	39	63	7	3	5	0	0	0	0	0	0	0	0	0	0	0	0	17974242	
333	1	F	3	N	2500	0	40	343	1232	61	30	22	0	0	0	0	0	0	0	0	0	0	0	0	17974382	
334	1	F	3	N	2500	0	40	25	40	10	11	11	0	0	0	0	0	0	0	0	0	0	0	0	17974429	
335	1	F	3	N	2500	0	40	24	20	1	1	1	0	0	0	0	0	0	0	0	0	0	0	0	17974555	
336	1	F	3	N	2500	0	40	109	154	14	12	15	0	0	0	0	0	0	0	0	0	0	0	0	17974555	
337	1	F	3	N	2500	0	40	22	33	1	1	2	0	0	0	0	0	0	0	0	0	0	0	0	17975319	
338	1	F	3	N	2500	0	40	280	569	23	10	7	0	0	0	0	0	0	0	0	0	0	0	0	17975319	
339	1	F	3	N	2500	0	40	464	1206	71	25	22	0	0	0	0	0	0	0	0	0	0	0	0	17975397	
340	1	F	3	N	2500	0	40	38	90	2	0	1	0	0	0	0	0	0	0	0	0	0	0	0	17975476	
341	1	F	3	N	2500	0	40	20	27	1	0	0	0	0	0	0	0	0	0	0	0	0	0	0	17975632	
342	1	F	3	N	2500	0	40	29	49	1	1	1	0	0	0	0	0	0	0	0	0	0	0	0	17975710	
343	1	F	3	N	2500	0	40	396	937	47	18	16	0	0	0	0	0	0	0	0	0	0	0	0	17975991	
344	1	F	3	N	2500	0	40	408	1175	60	25	22	0	0	0	0	0	0	0	0	0	0	0	0	17976319	
345	1	F	3	N	2500	0	40	36	66	3	3	4	0	0	0	0	0	0	0	0	0	0	0	0	17976490	
346	1	F	3	N	2500	0	40	22	28	2	1	1	0	0	0	0	0	0	0	0	0	0	0	0	17976506	
347	1	F	3	N	2500	0	40	56	196	14	14	18	0	0	0	0	0	0	0	0	0	0	0	0	17976818	
348	1	F	3	N	2500	0	40	418	1141	54	23	20	0	0	0	0	0	0	0	0	0	0	0	0	17976896	
349	1	F	3	N	2500	0	40	323	1250	77	33	25	0	0	0	0	0	0	0	0	0	0	0	0	17977333	
350	1	F	3	N	2500	0	40	395	952	46	19	18	0	0	0	0	0	0	0	0	0	0	0	0	17977458	
351	1	F	3	N	2500	0	40	431	1143	60	22	22	0	0	0	0	0	0	0	0	0	0	0	0	17977614	
352	1	F	3	N	2500	0	40	37	63	4	4	5	0	0	0	0	0	0	0	0	0	0	0	0	17977660	
353	1	F	3	N	2500	0	40	37	91	7	6	8	0	0	0	0	0	0	0	0	0	0	0	0	17977676	
354	1	F	3	N	2500	0	40	361	758	28	15	14	0	0	0	0	0	0	0	0	0	0	0	0	17977738	
355	1	F	3	N	2500	0	40	24	25	0	0	0	0	0	0	0	0	0	0	0	0	0	0	0	17977738	
356	1	F	3	N	2500	0	40	33	50	1	0	0	0	0	0	0	0	0	0	0	0	0	0	0	17977754	
357	1	F	3	N	2500	0	40	360	1134	70	30	25	0	0	0	0	0	0	0	0	0	0	0	0	17977879	
358	1	F	3	N	2500	0	40	24	38	2	1	0	0	0	0	0	0	0	0	0	0	0	0	0	17977972	
359	1	F	3	N	2500	0	40	420	971	45	18	17	0	0	0	0	0	0	0	0	0	0	0	0	17978035	
360	1	F	3	N	2500	0	40	375	981	46	20	18	0	0	0	0	0	0	0	0	0	0	0	0	17978066	
361	1	F	3	N	2500	0	40	26	27	1	1	2	0	0	0	0	0	0	0	0	0	0	0	0	17978222	
362	1	F	3	N	2500	0	40	28	59	7	7	8	0	0	0	0	0	0	0	0	0	0	0	0	17978238	
363	1	F	3	N	2500	0	40	553	1237	74	22	23	0	0	0	0	0	0	0	0	0	0	0	0	17978331	
364	1	F	3	N	2500	0	40	430	1048	43	21	23	0	0	0	0	0	0	0	0	0	0	0	0	17978456	
365	1	F	3	N	2500	0	40	36	93	8	0	0	0	0	0	0	0	0	0	0	0	0	0	0	17978503	
366	1	F	3	N	2500	0	40	381	910	34	16	19	0	0	0	0	0	0	0	0	0	0	0	0	17978799	
367	1	F	3	N	2500	0	40	409	1062	47	21	20	0	0	0	0	0	0	0	0	0	0	0	0	17978830	
368	1	F	3	N	2500	0	40	40	193	7	0	0	0	0	0	0	0	0	0	0	0	0	0	0	17979002	
369	1	F	3	N	2500	0	40	36	61	5	3	3	0	0	0	0	0	0	0	0	0	0	0	0	17979142	
370	1	F	4	N	2500	0	40	546	1742	93	41	31	0	0	0	0	0	0	0	0	0	0	0	0	17987448	
371	1	F	4	N	2500	0	40	27	52	3	2	3	0	0	0	0	0	0	0	0	0	0	0	0	17987979	
372	1	F	4	N	2500	0	40	576	1649	106	40	32	0	0	0	0	0	0	0	0	0	0	0	0	17988088	
373	1	F	4	N	2500	0	40	620	1414	107	28	22	0	0	0	0	0	0	0	0	0	0	0	0	17988135	
374	1	F	4	N	2500	0	40	95	518	67	62	73	0	0	0	0	0	0	0	0	0	0	0	0	17988166	
375	1	F	4	N	2500	0	40	22	27	1	1	1	0	0	0	0	0	0	0	0	0	0	0	0	17988525	
376	1	F	4	N	2500	0	40	21	32	2	2	2	0	0	0	0	0	0	0	0	0	0	0	0	17989305	
377	1	F	4	N	2500	0	40	380	753	34	13	13	0	0	0	0	0	0	0	0	0	0	0	0	17989509	
378	1	F	4	N	2500	0	40	350	660	27	12	12	0	0	0	0	0	0	0	0	0	0	0	0	17989696	
379	1	F	4	N	2500	0	40	386	814	35	14	17	0	0	0	0	0	0	0	0	0	0	0	0	17990382	
380	1	F	4	N	2500	0	40	31	51	2	2	3	0	0	0	0	0	0	0	0	0	0	0	0	17990445	
381	1	F	4	N	2500	0	40	28	48	1	0	2	0	0	0	0	0	0	0	0	0	0	0	0	17990445	
382	1	F	4	N	2500	0	40	37	72	3	2	3	0	0	0	0	0	0	0	0	0	0	0	0	17990945	
383	1	F	4	N	2500	0	40	215	767	33	18	17	0	0	0	0	0	0	0	0	0	0	0	0	17991039	
384	1	F	4	N	2500	0	40	149	187	6	3	6	0	0	0	0	0	0	0	0	0	0	0	0	17991273	
385	1	F	4	N	2500	0	40	23	28	1	1	1	0	0	0	0	0	0	0	0	0	0	0	0	17991507	
386	1	F	4	N	2500	0	40	381	798	27	15	14	0	0	0	0	0	0	0	0	0	0	0	0	17991522	
387	1	F	4	N	2500	0	40	222	534	25	10	11	0	0	0	0	0	0	0	0	0	0	0	0	17991600	
388	1	F	4	N	2500	0	40	391	631	33	12	10	0	0	0	0	0	0	0	0	0	0	0	0	17991663	
389	1	F	4	N	2500	0	40	425	1016	51	19	16	0	0	0	0	0	0	0	0	0	0	0	0	17991709	
390	1	F	4	N	2500	0	40	384	768	34	15	16	0	0	0	0	0	0	0	0	0	0	0	0	17992068	
391	1	F	4	N	2500	0	40	461	976	30	16	18	0	0	0	0	0	0	0	0	0	0	0	0	17992677	
392	1	F	4	N	2500	0	40	34	73	6	5	5	0	0	0	0	0	0	0	0	0	0	0	0	17992708	
393	1	F	4	N	2500	0	40	382	661	38	12	13	0	0	0	0	0	0	0	0	0	0	0	0	17992786	
394	1	F	4	N	2500	0	40	73	94	12	7	6	0	0	0	0	0	0	0	0	0	0	0	0	17992833	
395	1	F	4	N	2500	0	40	22	41	8	8	10	0	0	0	0	0	0	0	0	0	0	0	0	17992864	
396	1	F	4	N	2500	0	40	25	35	6	7	7	0	0	0	0	0	0	0	0	0	0	0	0	17992864	
397	1	F	4	N	2500	0	40	406	897	44	17	17	0	0	0	0	0	0	0	0	0	0	0	0	17993176	
398	1	F	4	N	2500	0	40	382	795	30	15	13	0	0	0	0	0	0	0	0	0	0	0	0	17993815	
399	1	F	4	N	2500	0	40	41	75	4	5	6	0	0	0	0	0	0	0	0	0	0	0	0	17993956	
400	1	F	4	N	2500	0	40	353	744	25	12	9	0	0	0	0	0	0	0	0	0	0	0	0	17994003	
401	1	F	4	N	2500	0	40	33	81	3	0	1	0	0	0	0	0	0	0	0	0	0	0	0	17994018	
402	1	F	4	N	2500	0	40	23	40	2	2	3	0	0	0	0	0	0	0	0	0	0	0	0	17994065	
403	1	F	4	N	2500	0	40	26	21	0	0	0	0	0	0	0	0	0	0	0	0	0	0	0	17994127	
404	1	F	4	N	2500	0	40	57	111	6	6	9	0	0	0	0	0	0	0	0	0	0	0	0	17994143	
405	1	F	4	N	2500	0	40	27	48	2	2	3	0	0	0	0	0	0	0	0	0	0	0	0	17994533	
406	1	F	5	N	2500	0	40	218	414	13	7	9	0	0	0	0	0	0	0	0	0	0	0	0	18002135	
407	1	F	5	N	2500	0	40	171	227	4	3	6	0	0	0	0	0	0	0	0	0	0	0	0	18002167	
408	1	F	5	N	2500	0	40	388	963	49	20	19	0	0	0	0	0	0	0	0	0	0	0	0	18002167	
409	1	F	5	N	2500	0	40	100	113	3	1	1	0	0	0	0	0	0	0	0	0	0	0	0	18002182	
410	1	F	5	N	2500	0	40	232	302	10	4	6	0	0	0	0	0	0	0	0	0	0	0	0	18004118	
411	1	F	5	N	2500	0	40	27	41	3	2	3	0	0	0	0	0	0	0	0	0	0	0	0	18004196	
412	1	F	5	N	2500	0	40	125	199	7	4	4	0	0	0	0	0	0	0	0	0	0	0	0	18004524	
413	1	F	5	N	2500	0	40	36	36	2	1	2	0	0	0	0	0	0	0	0	0	0	0	0	18004836	
414	1	F	5	N	2500	0	40	22	38	0	0	0	0	0	0	0	0	0	0	0	0	0	0	0	18004961	
415	1	F	5	N	2500	0	40	23	38	1	0	1	0	0	0	0	0	0	0	0	0	0	0	0	18005304	
416	1	F	5	N	2500	0	40	46	98	3	0	1	0	0	0	0	0	0	0	0	0	0	0	0	18006070	
417	1	F	5	N	2500	0	40	191	287	9	4	6	0	0	0	0	0	0	0	0	0	0	0	0	18006179	
418	1	F	5	N	2500	0	40	260	350	9	6	5	0	0	0	0	0	0	0	0	0	0	0	0	18006210	
419	1	F	5	N	2500	0	40	307	561	15	9	11	0	0	0	0	0	0	0	0	0	0	0	0	18006382	
420	1	F	5	N	2500	0	40	196	459	14	10	12	0	0	0	0	0	0	0	0	0	0	0	0	18006475	
421	1	F	5	N	2500	0	40	24	26	1	1	2	0	0	0	0	0	0	0	0	0	0	0	0	18006491	
422	1	F	5	N	2500	0	40	187	247	8	3	6	0	0	0	0	0	0	0	0	0	0	0	0	18006506	
423	1	F	5	N	2500	0	40	32	77	5	4	3	0	0	0	0	0	0	0	0	0	0	0	0	18006865	
424	1	F	5	N	2500	0	40	36	54	4	4	2	0	0	0	0	0	0	0	0	0	0	0	0	18006959	
425	1	F	5	N	2500	0	40	272	447	16	6	7	0	0	0	0	0	0	0	0	0	0	0	0	18006959	
426	1	F	5	N	2500	0	40	66	182	17	16	16	0	0	0	0	0	0	0	0	0	0	0	0	18006990	
427	1	F	5	N	2500	0	40	177	398	14	7	8	0	0	0	0	0	0	0	0	0	0	0	0	18007208	
428	1	F	5	N	2500	0	40	297	498	13	9	11	0	0	0	0	0	0	0	0	0	0	0	0	18007318	
429	1	F	5	N	2500	0	40	114	516	74	69	82	0	0	0	0	0	0	0	0	0	0	0	0	18007380	
430	1	F	5	N	2500	0	40	31	35	1	1	1	0	0	0	0	0	0	0	0	0	0	0	0	18007474	
431	1	F	5	N	2500	0	40	34	73	3	4	4	0	0	0	0	0	0	0	0	0	0	0	0	18007614	
432	1	F	5	N	2500	0	40	36	73	4	5	6	0	0	0	0	0	0	0	0	0	0	0	0	18007661	
433	1	F	5	N	2500	0	40	26	46	3	2	2	0	0	0	0	0	0	0	0	0	0	0	0	18007879	
434	1	F	5	N	2500	0	40	24	38	2	2	2	0	0	0	0	0	0	0	0	0	0	0	0	18008035	
435	1	F	5	N	2500	0	40	158	212	5	2	4	0	0	0	0	0	0	0	0	0	0	0	0	18008285	
436	1	F	5	N	2500	0	40	146	169	3	2	3	0	0	0	0	0	0	0	0	0	0	0	0	18008456	
437	1	F	5	N	2500	0	40	106	282	10	5	5	0	0	0	0	0	0	0	0	0	0	0	0	18008472	
438	1	F	5	N	2500	0	40	39	95	7	6	8	0	0	0	0	0	0	0	0	0	0	0	0	18008690	
439	1	F	5	N	2500	0	40	364	784	29	15	14	0	0	0	0	0	0	0	0	0	0	0	0	18008815	
440	1	F	5	N	2500	0	40	201	384	14	8	8	0	0	0	0	0	0	0	0	0	0	0	0	18009034	
441	1	F	5	N	2500	0	40	211	336	13	7	7	0	0	0	0	0	0	0	0	0	0	0	0	18009065	
442	1	F	6	N	2500	0	40	34	47	1	1	1	0	0	0	0	0	0	0	0	0	0	0	0	18016716	
443	1	F	6	N	2500	0	40	23	23	1	1	1	0	0	0	0	0	0	0	0	0	0	0	0	18017231	
444	1	F	6	N	2500	0	40	131	214	6	3	5	0	0	0	0	0	0	0	0	0	0	0	0	18017246	
445	1	F	6	N	2500	0	40	67	64	1	1	1	0	0	0	0	0	0	0	0	0	0	0	0	18020275	
446	1	F	6	N	2500	0	40	23	42	1	0	0	0	0	0	0	0	0	0	0	0	0	0	0	18021009	
447	1	F	6	N	2500	0	40	328	739	24	14	13	0	0	0	0	0	0	0	0	0	0	0	0	18021680	
448	1	F	7	N	2500	0	40	521	1912	132	38	30	0	0	0	0	0	0	0	0	0	0	0	0	18031246	
449	1	F	7	N	2500	0	40	359	1542	96	33	23	0	0	0	0	0	0	0	0	0	0	0	0	18032277	
450	1	F	7	N	2500	0	40	335	1415	75	31	22	0	0	0	0	0	0	0	0	0	0	0	0	18032589	
451	1	F	7	N	2500	0	40	40	87	5	5	6	0	0	0	0	0	0	0	0	0	0	0	0	18033993	
452	1	F	7	N	2500	0	40	432	1298	57	26	22	0	0	0	0	0	0	0	0	0	0	0	0	18034087	
453	1	F	7	N	2500	0	40	570	1712	97	34	28	0	0	0	0	0	0	0	0	0	0	0	0	18034336	
454	1	F	7	N	2500	0	40	56	161	14	14	13	0	0	0	0	0	0	0	0	0	0	0	0	18035242	
455	1	F	7	N	2500	0	40	27	26	2	1	1	0	0	0	0	0	0	0	0	0	0	0	0	18035289	
456	1	F	7	N	2500	0	40	32	56	3	2	4	0	0	0	0	0	0	0	0	0	0	0	0	18035289	
457	1	F	7	N	2500	0	40	233	976	46	20	14	0	0	0	0	0	0	0	0	0	0	0	0	18035351	
458	1	F	7	N	2500	0	40	463	1271	70	23	16	0	0	0	0	0	0	0	0	0	0	0	0	18035493	
459	1	F	7	N	2500	0	40	446	1340	75	23	23	0	0	0	0	0	0	0	0	0	0	0	0	18035571	
460	1	F	7	N	2500	0	40	415	1164	59	20	17	0	0	0	0	0	0	0	0	0	0	0	0	18035602	
461	1	F	7	N	2500	0	40	475	1444	79	28	17	0	0	0	0	0	0	0	0	0	0	0	0	18035617	
462	1	F	7	N	2500	0	40	523	1824	103	38	31	0	0	0	0	0	0	0	0	0	0	0	0	18035805	
463	1	F	7	N	2500	0	40	24	33	2	1	1	0	0	0	0	0	0	0	0	0	0	0	0	18035820	
464	1	F	7	N	2500	0	40	358	1638	145	41	31	0	0	0	0	0	0	0	0	0	0	0	0	18035820	
465	1	F	7	N	2500	0	40	419	948	44	17	16	0	0	0	0	0	0	0	0	0	0	0	0	18035851	
466	1	F	7	N	2500	0	40	442	886	51	13	10	0	0	0	0	0	0	0	0	0	0	0	0	18035945	
467	1	F	7	N	2500	0	40	417	1836	100	48	35	0	0	0	0	0	0	0	0	0	0	0	0	18036023	
468	1	F	7	N	2500	0	40	123	104	1	1	2	0	0	0	0	0	0	0	0	0	0	0	0	18036023	
469	1	F	7	N	2500	0	40	33	26	0	0	0	0	0	0	0	0	0	0	0	0	0	0	0	18036023	
470	1	F	7	N	2500	0	40	25	19	0	0	0	0	0	0	0	0	0	0	0	0	0	0	0	18036023	
471	1	F	7	N	2500	0	40	560	1755	95	34	24	0	0	0	0	0	0	0	0	0	0	0	0	18036210	
472	1	F	7	N	2500	0	40	483	1360	66	28	17	0	0	0	0	0	0	0	0	0	0	0	0	18036319	
473	1	F	7	N	2500	0	40	602	1891	92	35	25	0	0	0	0	0	0	0	0	0	0	0	0	18036631	
474	1	F	7	N	2500	0	40	243	416	11	5	5	0	0	0	0	0	0	0	0	0	0	0	0	18036647	
475	1	F	7	N	2500	0	40	24	52	2	0	0	0	0	0	0	0	0	0	0	0	0	0	0	18036663	
476	1	F	7	N	2500	0	40	38	81	6	4	4	0	0	0	0	0	0	0	0	0	0	0	0	18036678	
477	1	F	7	N	2500	0	40	433	1351	81	28	23	0	0	0	0	0	0	0	0	0	0	0	0	18036678	
478	1	F	7	N	2500	0	40	25	26	0	1	1	0	0	0	0	0	0	0	0	0	0	0	0	18036694	
479	1	F	7	N	2500	0	40	498	1345	83	25	17	0	0	0	0	0	0	0	0	0	0	0	0	18037068	
480	1	F	7	N	2500	0	40	24	40	2	2	1	0	0	0	0	0	0	0	0	0	0	0	0	18037162	
481	1	F	7	N	2500	0	40	437	1333	72	25	18	0	0	0	0	0	0	0	0	0	0	0	0	18037302	
482	1	F	7	N	2500	0	40	298	577	20	8	8	0	0	0	0	0	0	0	0	0	0	0	0	18037474	
483	1	F	7	N	2500	0	40	42	62	2	2	2	0	0	0	0	0	0	0	0	0	0	0	0	18038036	
484	1	F	7	N	2500	0	40	26	47	1	0	0	0	0	0	0	0	0	0	0	0	0	0	0	18038083	
485	1	F	7	N	2500	0	40	430	1095	57	22	14	0	0	0	0	0	0	0	0	0	0	0	0	18038208	
486	1	F	7	N	2500	0	40	25	44	1	0	0	0	0	0	0	0	0	0	0	0	0	0	0	18038348	
487	1	F	7	N	2500	0	40	55	110	6	6	8	0	0	0	0	0	0	0	0	0	0	0	0	18038364	
488	1	F	7	N	2500	0	40	20	24	1	1	1	0	0	0	0	0	0	0	0	0	0	0	0	18038426	
489	1	F	7	N	2500	0	40	39	87	2	0	0	0	0	0	0	0	0	0	0	0	0	0	0	18038458	
490	1	F	8	N	2500	0	40	517	1828	112	42	32	0	0	0	0	0	0	0	0	0	0	0	0	18046121	
491	1	F	8	N	2500	0	40	511	1364	60	26	25	0	0	0	0	0	0	0	0	0	0	0	0	18046262	
492	1	F	8	N	2500	0	40	35	54	2	2	2	0	0	0	0	0	0	0	0	0	0	0	0	18046449	
493	1	F	8	N	2500	0	40	528	1387	74	31	21	0	0	0	0	0	0	0	0	0	0	0	0	18046621	
494	1	F	8	N	2500	0	40	417	957	43	17	21	0	0	0	0	0	0	0	0	0	0	0	0	18047636	
495	1	F	8	N	2500	0	40	396	790	33	13	13	0	0	0	0	0	0	0	0	0	0	0	0	18047777	
496	1	F	8	N	2500	0	40	279	1319	92	35	27	0	0	0	0	0	0	0	0	0	0	0	0	18048276	
497	1	F	8	N	2500	0	40	433	1142	52	20	19	0	0	0	0	0	0	0	0	0	0	0	0	18048619	
498	1	F	8	N	2500	0	40	22	36	1	0	0	0	0	0	0	0	0	0	0	0	0	0	0	18048869	
499	1	F	8	N	2500	0	40	22	20	1	0	1	0	0	0	0	0	0	0	0	0	0	0	0	18049306	
500	1	F	8	N	2500	0	40	781	2268	102	39	32	0	0	0	0	0	0	0	0	0	0	0	0	18049415	
501	1	F	8	N	2500	0	40	416	1028	45	19	16	0	0	0	0	0	0	0	0	0	0	0	0	18049868	
502	1	F	8	N	2500	0	40	426	1084	55	17	19	0	0	0	0	0	0	0	0	0	0	0	0	18051258	
503	1	F	8	N	2500	0	40	57	159	14	12	15	0	0	0	0	0	0	0	0	0	0	0	0	18051648	
504	1	F	8	N	2500	0	40	118	265	11	10	8	0	0	0	0	0	0	0	0	0	0	0	0	18051772	
505	1	F	8	N	2500	0	40	32	39	1	1	0	0	0	0	0	0	0	0	0	0	0	0	0	18051850	
506	1	F	8	N	2500	0	40	31	57	3	3	4	0	0	0	0	0	0	0	0	0	0	0	0	18051866	
507	1	F	8	N	2500	0	40	294	626	28	11	10	0	0	0	0	0	0	0	0	0	0	0	0	18051913	
508	1	F	8	N	2500	0	40	35	55	2	1	0	0	0	0	0	0	0	0	0	0	0	0	0	18051928	
509	1	F	8	N	2500	0	40	275	444	12	7	9	0	0	0	0	0	0	0	0	0	0	0	0	18051975	
510	1	F	8	N	2500	0	40	464	1211	78	22	21	0	0	0	0	0	0	0	0	0	0	0	0	18052178	
511	1	F	8	N	2500	0	40	79	239	23	22	27	0	0	0	0	0	0	0	0	0	0	0	0	18052287	
512	1	F	8	N	2500	0	40	447	1231	63	23	22	0	0	0	0	0	0	0	0	0	0	0	0	18052350	
513	1	F	8	N	2500	0	40	500	1359	67	26	23	0	0	0	0	0	0	0	0	0	0	0	0	18052428	
514	1	F	9	N	2500	0	40	448	867	44	15	12	0	0	0	0	0	0	0	0	0	0	0	0	18060809	
515	1	F	9	N	2500	0	40	378	800	27	14	12	0	0	0	0	0	0	0	0	0	0	0	0	18060871	
516	1	F	9	N	2500	0	40	549	1609	86	31	26	0	0	0	0	0	0	0	0	0	0	0	0	18061152	
517	1	F	9	N	2500	0	40	237	1111	65	27	24	0	0	0	0	0	0	0	0	0	0	0	0	18061543	
518	1	F	9	N	2500	0	40	29	48	10	11	11	0	0	0	0	0	0	0	0	0	0	0	0	18062011	
519	1	F	9	N	2500	0	40	29	49	3	3	3	0	0	0	0	0	0	0	0	0	0	0	0	18062480	
520	1	F	9	N	2500	0	40	43	134	4	0	0	0	0	0	0	0	0	0	0	0	0	0	0	18062496	
521	1	F	9	N	2500	0	40	314	604	23	10	12	0	0	0	0	0	0	0	0	0	0	0	0	18062589	
522	1	F	9	N	2500	0	40	318	1169	64	26	24	0	0	0	0	0	0	0	0	0	0	0	0	18062808	
523	1	F	9	N	2500	0	40	410	1039	44	21	18	0	0	0	0	0	0	0	0	0	0	0	0	18062995	
524	1	F	9	N	2500	0	40	69	261	12	1	1	0	0	0	0	0	0	0	0	0	0	0	0	18063885	
525	1	F	9	N	2500	0	40	42	52	3	2	2	0	0	0	0	0	0	0	0	0	0	0	0	18064228	
526	1	F	9	N	2500	0	40	382	757	27	11	11	0	0	0	0	0	0	0	0	0	0	0	0	18064526	
527	1	F	9	N	2500	0	40	28	76	5	4	7	0	0	0	0	0	0	0	0	0	0	0	0	18064697	
528	1	F	9	N	2500	0	40	360	765	33	13	16	0	0	0	0	0	0	0	0	0	0	0	0	18064791	
529	1	F	9	N	2500	0	40	90	310	38	36	44	0	0	0	0	0	0	0	0	0	0	0	0	18064822	
530	1	F	9	N	2500	0	40	402	923	46	20	17	0	0	0	0	0	0	0	0	0	0	0	0	18064947	
531	1	F	9	N	2500	0	40	27	42	1	0	0	0	0	0	0	0	0	0	0	0	0	0	0	18065009	
532	1	F	9	N	2500	0	40	388	816	35	15	17	0	0	0	0	0	0	0	0	0	0	0	0	18065181	
533	1	F	9	N	2500	0	40	21	27	1	1	2	0	0	0	0	0	0	0	0	0	0	0	0	18065290	
534	1	F	9	N	2500	0	40	380	874	35	16	19	0	0	0	0	0	0	0	0	0	0	0	0	18065306	
535	1	F	9	N	2500	0	40	545	1182	62	19	17	0	0	0	0	0	0	0	0	0	0	0	0	18065415	
536	1	F	9	N	2500	0	40	375	831	38	17	17	0	0	0	0	0	0	0	0	0	0	0	0	18065634	
537	1	F	9	N	2500	0	40	28	34	1	1	1	0	0	0	0	0	0	0	0	0	0	0	0	18065962	
538	1	F	9	N	2500	0	40	57	167	14	12	14	0	0	0	0	0	0	0	0	0	0	0	0	18065993	
539	1	F	9	N	2500	0	40	310	634	27	11	12	0	0	0	0	0	0	0	0	0	0	0	0	18066040	
540	1	F	9	N	2500	0	40	390	828	39	15	15	0	0	0	0	0	0	0	0	0	0	0	0	18066227	
541	1	F	9	N	2500	0	40	323	747	29	15	13	0	0	0	0	0	0	0	0	0	0	0	0	18066586	
542	1	F	9	N	2500	0	40	56	47	0	0	0	0	0	0	0	0	0	0	0	0	0	0	0	18066601	
543	1	F	9	N	2500	0	40	148	127	3	2	2	0	0	0	0	0	0	0	0	0	0	0	0	18066601	
544	1	F	9	N	2500	0	40	89	76	1	1	1	0	0	0	0	0	0	0	0	0	0	0	0	18066601	
545	1	F	9	N	2500	0	40	40	32	1	0	0	0	0	0	0	0	0	0	0	0	0	0	0	18066601	
546	1	F	9	N	2500	0	40	35	28	0	0	0	0	0	0	0	0	0	0	0	0	0	0	0	18066601	
547	1	F	9	N	2500	0	40	64	53	0	0	1	0	0	0	0	0	0	0	0	0	0	0	0	18066601	
548	1	F	9	N	2500	0	40	47	38	0	0	0	0	0	0	0	0	0	0	0	0	0	0	0	18066601	
549	1	F	9	N	2500	0	40	63	52	0	0	0	0	0	0	0	0	0	0	0	0	0	0	0	18066601	
550	1	F	9	N	2500	0	40	62	51	1	0	1	0	0	0	0	0	0	0	0	0	0	0	0	18066601	
551	1	F	9	N	2500	0	40	43	34	0	0	1	0	0	0	0	0	0	0	0	0	0	0	0	18066601	
552	1	F	9	N	2500	0	40	682	1817	87	37	31	0	0	0	0	0	0	0	0	0	0	0	0	18066601	
553	1	F	9	N	2500	0	40	349	694	25	11	10	0	0	0	0	0	0	0	0	0	0	0	0	18066664	
554	1	F	9	N	2500	0	40	590	1715	101	39	27	0	0	0	0	0	0	0	0	0	0	0	0	18066711	
555	1	F	9	N	2500	0	40	403	896	38	16	13	0	0	0	0	0	0	0	0	0	0	0	0	18066851	
556	1	F	9	N	2500	0	40	365	797	30	13	10	0	0	0	0	0	0	0	0	0	0	0	0	18067007	
557	1	F	9	N	2500	0	40	49	185	17	15	16	0	0	0	0	0	0	0	0	0	0	0	0	18067069	
558	1	F	9	N	2500	0	40	256	493	21	9	8	0	0	0	0	0	0	0	0	0	0	0	0	18067194	
559	1	F	9	N	2500	0	40	39	79	3	4	6	0	0	0	0	0	0	0	0	0	0	0	0	18067631	
560	1	F	10	N	2500	0	40	23	37	0	0	0	0	0	0	0	0	0	0	0	0	0	0	0	18075279	
561	1	F	10	N	2500	0	40	56	182	7	0	0	0	0	0	0	0	0	0	0	0	0	0	0	18076355	
562	1	F	10	N	2500	0	40	31	57	3	0	0	0	0	0	0	0	0	0	0	0	0	0	0	18076355	
563	1	F	10	N	2500	0	40	47	110	10	7	9	0	0	0	0	0	0	0	0	0	0	0	0	18076481	
564	1	F	10	N	2500	0	40	20	31	1	1	2	0	0	0	0	0	0	0	0	0	0	0	0	18076606	
565	1	F	10	N	2500	0	40	414	1013	42	20	19	0	0	0	0	0	0	0	0	0	0	0	0	18077261	
566	1	F	10	N	2500	0	40	37	83	5	5	4	0	0	0	0	0	0	0	0	0	0	0	0	18077668	
567	1	F	10	N	2500	0	40	361	743	35	17	16	0	0	0	0	0	0	0	0	0	0	0	0	18077746	
568	1	F	10	N	2500	0	40	33	57	4	3	3	0	0	0	0	0	0	0	0	0	0	0	0	18077761	
569	1	F	10	N	2500	0	40	479	1208	83	24	17	0	0	0	0	0	0	0	0	0	0	0	0	18077808	
570	1	F	10	N	2500	0	40	396	851	41	16	15	0	0	0	0	0	0	0	0	0	0	0	0	18077949	
571	1	F	10	N	2500	0	40	335	619	21	11	9	0	0	0	0	0	0	0	0	0	0	0	0	18077980	
572	1	F	10	N	2500	0	40	390	811	38	16	17	0	0	0	0	0	0	0	0	0	0	0	0	18078042	
573	1	F	10	N	2500	0	40	53	133	10	9	13	0	0	0	0	0	0	0	0	0	0	0	0	18078073	
574	1	F	10	N	2500	0	40	297	619	24	12	13	0	0	0	0	0	0	0	0	0	0	0	0	18078167	
575	1	F	10	N	2500	0	40	405	855	41	16	16	0	0	0	0	0	0	0	0	0	0	0	0	18078307	
576	1	F	10	N	2500	0	40	298	582	30	9	11	0	0	0	0	0	0	0	0	0	0	0	0	18078323	
577	1	F	10	N	2500	0	40	28	56	1	0	0	0	0	0	0	0	0	0	0	0	0	0	0	18078635	
578	1	F	10	N	2500	0	40	66	146	10	9	12	0	0	0	0	0	0	0	0	0	0	0	0	18078744	
579	1	F	10	N	2500	0	40	301	626	26	15	13	0	0	0	0	0	0	0	0	0	0	0	0	18079275	
580	1	F	10	N	2500	0	40	274	538	26	10	12	0	0	0	0	0	0	0	0	0	0	0	0	18079494	
581	1	F	10	N	2500	0	40	333	727	27	13	13	0	0	0	0	0	0	0	0	0	0	0	0	18079494	
582	1	F	10	N	2500	0	40	517	1299	53	25	27	0	0	0	0	0	0	0	0	0	0	0	0	18079541	
583	1	F	10	N	2500	0	40	354	1448	90	41	31	0	0	0	0	0	0	0	0	0	0	0	0	18079634	
584	1	F	10	N	2500	0	40	173	411	19	7	6	0	0	0	0	0	0	0	0	0	0	0	0	18079946	
585	1	F	10	N	2500	0	40	355	754	26	14	14	0	0	0	0	0	0	0	0	0	0	0	0	18080290	
586	1	F	10	N	2500	0	40	30	40	3	2	2	0	0	0	0	0	0	0	0	0	0	0	0	18080461	
587	1	F	10	N	2500	0	40	27	55	1	1	1	0	0	0	0	0	0	0	0	0	0	0	0	18080711	
588	1	F	10	N	2500	0	40	345	678	21	11	12	0	0	0	0	0	0	0	0	0	0	0	0	18080804	
589	1	F	10	N	2500	0	40	307	588	26	11	11	0	0	0	0	0	0	0	0	0	0	0	0	18081007	
590	1	F	10	N	2500	0	40	75	224	26	24	30	0	0	0	0	0	0	0	0	0	0	0	0	18081085	
591	1	F	10	N	2500	0	40	21	20	0	0	0	0	0	0	0	0	0	0	0	0	0	0	0	18081850	
592	1	F	10	N	2500	0	40	51	115	10	10	9	0	0	0	0	0	0	0	0	0	0	0	0	18081896	
593	1	F	10	N	2500	0	40	381	845	33	15	13	0	0	0	0	0	0	0	0	0	0	0	0	18082021	
594	1	F	10	N	2500	0	40	88	104	4	2	3	0	0	0	0	0	0	0	0	0	0	0	0	18082146	
595	1	F	10	N	2500	0	40	41	86	6	5	5	0	0	0	0	0	0	0	0	0	0	0	0	18082411	
596	1	F	11	N	2500	0	40	25	30	5	0	0	0	0	0	0	0	0	0	0	0	0	0	0	18090216	
597	1	F	11	N	2500	0	40	23	31	2	1	2	0	0	0	0	0	0	0	0	0	0	0	0	18091668	
598	1	F	11	N	2500	0	40	327	579	18	10	10	0	0	0	0	0	0	0	0	0	0	0	0	18091715	
599	1	F	11	N	2500	0	40	35	68	3	3	3	0	0	0	0	0	0	0	0	0	0	0	0	18092074	
600	1	F	11	N	2500	0	40	21	34	1	2	2	0	0	0	0	0	0	0	0	0	0	0	0	18092120	
601	1	F	11	N	2500	0	40	301	546	20	9	11	0	0	0	0	0	0	0	0	0	0	0	0	18092308	
602	1	F	11	N	2500	0	40	35	80	4	6	6	0	0	0	0	0	0	0	0	0	0	0	0	18092574	
603	1	F	11	N	2500	0	40	296	531	19	10	11	0	0	0	0	0	0	0	0	0	0	0	0	18092652	
604	1	F	11	N	2500	0	40	37	103	11	0	1	0	0	0	0	0	0	0	0	0	0	0	0	18092917	
605	1	F	11	N	2500	0	40	39	78	5	6	8	0	0	0	0	0	0	0	0	0	0	0	0	18093073	
606	1	F	11	N	2500	0	40	483	1273	48	27	24	0	0	0	0	0	0	0	0	0	0	0	0	18093292	
607	1	F	11	N	2500	0	40	298	510	17	7	10	0	0	0	0	0	0	0	0	0	0	0	0	18093308	
608	1	F	11	N	2500	0	40	33	32	2	1	2	0	0	0	0	0	0	0	0	0	0	0	0	18093417	
609	1	F	11	N	2500	0	40	285	463	15	8	8	0	0	0	0	0	0	0	0	0	0	0	0	18093448	
610	1	F	11	N	2500	0	40	23	37	1	0	0	0	0	0	0	0	0	0	0	0	0	0	0	18093526	
611	1	F	11	N	2500	0	40	357	752	27	14	16	0	0	0	0	0	0	0	0	0	0	0	0	18094462	
612	1	F	11	N	2500	0	40	26	34	1	0	0	0	0	0	0	0	0	0	0	0	0	0	0	18094495	
613	1	F	11	N	2500	0	40	302	523	17	8	11	0	0	0	0	0	0	0	0	0	0	0	0	18094916	
614	1	F	11	N	2500	0	40	263	433	12	6	9	0	0	0	0	0	0	0	0	0	0	0	0	18095914	
615	1	F	11	N	2500	0	40	77	177	14	14	12	0	0	0	0	0	0	0	0	0	0	0	0	18095930	
616	1	F	11	N	2500	0	40	319	594	19	10	11	0	0	0	0	0	0	0	0	0	0	0	0	18096445	
617	1	F	11	N	2500	0	40	253	408	15	8	8	0	0	0	0	0	0	0	0	0	0	0	0	18096679	
618	1	F	11	N	2500	0	40	27	36	1	1	1	0	0	0	0	0	0	0	0	0	0	0	0	18097037	
619	1	F	12	N	2500	0	40	229	365	9	5	6	0	0	0	0	0	0	0	0	0	0	0	0	18105498	
620	1	F	12	N	2500	0	40	28	68	2	0	0	0	0	0	0	0	0	0	0	0	0	0	0	18106903	
621	1	F	12	N	2500	0	40	31	82	2	0	0	0	0	0	0	0	0	0	0	0	0	0	0	18107528	
622	1	F	12	N	2500	0	40	32	116	3	0	0	0	0	0	0	0	0	0	0	0	0	0	0	18107528	
623	1	F	12	N	2500	0	40	38	38	1	0	1	0	0	0	0	0	0	0	0	0	0	0	0	18110258	
624	1	F	12	N	2500	0	40	39	104	3	0	0	0	0	0	0	0	0	0	0	0	0	0	0	18110538	
625	1	F	12	N	2500	0	40	23	39	0	0	0	0	0	0	0	0	0	0	0	0	0	0	0	18110601	


Threshold source: EXT,  value 50
Min TOF = 20
EXT signal gain 2.0
Green signal gain 3.0
Yellow signal gain 3.0
Red signal gain 3.0
Green PMT voltage 600
Yellow PMT voltage 600
Red PMT voltage 700
Signal multipliers: 5.0,5.0,5.0,5.0
C:\Users\unionbio\Desktop\COPAS Templates\USE for analysis.csv