Id	Plate	Row	Column	Clog	Scan rate	Status sort	Status sel	TOF	EXT	Green	Yellow	Red	PH Ext	PW Ext	PC Ext	PH Green	PW Green	PCGreen	PH Yellow	PW Yellow	PCYellow	PH Red	PW Red	PCRed	Time Stamp	
0	1	A	1	N	2500	0	40	58	102	10	4	2	0	0	0	0	0	0	0	0	0	0	0	0	4312726	
1	1	A	1	N	2500	0	40	110	317	47	12	8	0	0	0	0	0	0	0	0	0	0	0	0	4312726	
2	1	A	1	N	2500	0	40	36	32	2	1	0	0	0	0	0	0	0	0	0	0	0	0	0	4312726	
3	1	A	1	N	2500	0	40	302	912	41	18	15	0	0	0	0	0	0	0	0	0	0	0	0	4312945	
4	1	A	1	N	2500	0	40	364	1787	94	41	32	0	0	0	0	0	0	0	0	0	0	0	0	4313288	
5	1	A	1	N	2500	0	40	357	1241	73	29	25	0	0	0	0	0	0	0	0	0	0	0	0	4313381	
6	1	A	1	N	2500	0	40	21	24	2	0	0	0	0	0	0	0	0	0	0	0	0	0	0	4313397	
7	1	A	1	N	2500	0	40	38	63	9	1	1	0	0	0	0	0	0	0	0	0	0	0	0	4313491	
8	1	A	1	N	2500	0	40	22	33	1	1	1	0	0	0	0	0	0	0	0	0	0	0	0	4313522	
9	1	A	1	N	2500	0	40	320	876	37	18	14	0	0	0	0	0	0	0	0	0	0	0	0	4314021	
10	1	A	1	N	2500	0	40	334	822	36	18	14	0	0	0	0	0	0	0	0	0	0	0	0	4314224	
11	1	A	1	N	2500	0	40	35	51	7	0	0	0	0	0	0	0	0	0	0	0	0	0	0	4314520	
12	1	A	1	N	2500	0	40	304	884	41	20	15	0	0	0	0	0	0	0	0	0	0	0	0	4314661	
13	1	A	1	N	2500	0	40	287	787	37	14	12	0	0	0	0	0	0	0	0	0	0	0	0	4314707	
14	1	A	1	N	2500	0	40	338	895	35	20	14	0	0	0	0	0	0	0	0	0	0	0	0	4314926	
15	1	A	1	N	2500	0	40	386	1373	78	33	27	0	0	0	0	0	0	0	0	0	0	0	0	4314988	
16	1	A	1	N	2500	0	40	304	727	34	14	11	0	0	0	0	0	0	0	0	0	0	0	0	4315004	
17	1	A	1	N	2500	0	40	63	128	14	5	3	0	0	0	0	0	0	0	0	0	0	0	0	4315378	
18	1	A	1	N	2500	0	40	366	1209	60	27	24	0	0	0	0	0	0	0	0	0	0	0	0	4315394	
19	1	A	1	N	2500	0	40	322	997	53	23	20	0	0	0	0	0	0	0	0	0	0	0	0	4315831	
20	1	A	1	N	2500	0	40	292	864	44	19	16	0	0	0	0	0	0	0	0	0	0	0	0	4315971	
21	1	A	1	N	2500	0	40	374	1328	69	29	25	0	0	0	0	0	0	0	0	0	0	0	0	4316080	
22	1	A	1	N	2500	0	40	24	25	1	1	1	0	0	0	0	0	0	0	0	0	0	0	0	4316236	
23	1	A	1	N	2500	0	40	329	1033	56	23	18	0	0	0	0	0	0	0	0	0	0	0	0	4316252	
24	1	A	1	N	2500	0	40	341	1042	50	22	18	0	0	0	0	0	0	0	0	0	0	0	0	4316595	
25	1	A	1	N	2500	0	40	288	827	38	16	12	0	0	0	0	0	0	0	0	0	0	0	0	4316689	
26	1	A	1	N	2500	0	40	27	44	2	1	3	0	0	0	0	0	0	0	0	0	0	0	0	4317141	
27	1	A	1	N	2500	0	40	340	1163	72	26	23	0	0	0	0	0	0	0	0	0	0	0	0	4317578	
28	1	A	1	N	2500	0	40	360	1057	92	27	21	0	0	0	0	0	0	0	0	0	0	0	0	4317859	
29	1	A	1	N	2500	0	40	269	641	27	12	10	0	0	0	0	0	0	0	0	0	0	0	0	4317874	
30	1	A	1	N	2500	0	40	200	661	29	15	11	0	0	0	0	0	0	0	0	0	0	0	0	4318217	
31	1	A	1	N	2500	0	40	283	691	32	12	11	0	0	0	0	0	0	0	0	0	0	0	0	4318514	
32	1	A	1	N	2500	0	40	98	143	14	6	3	0	0	0	0	0	0	0	0	0	0	0	0	4318639	
33	1	A	1	N	2500	0	40	357	1019	62	22	21	0	0	0	0	0	0	0	0	0	0	0	0	4318701	
34	1	A	1	N	2500	0	40	30	31	2	0	1	0	0	0	0	0	0	0	0	0	0	0	0	4318732	
35	1	A	1	N	2500	0	40	47	69	3	2	3	0	0	0	0	0	0	0	0	0	0	0	0	4318826	
36	1	A	1	N	2500	0	40	47	63	4	2	2	0	0	0	0	0	0	0	0	0	0	0	0	4318826	
37	1	A	1	N	2500	0	40	23	29	1	1	2	0	0	0	0	0	0	0	0	0	0	0	0	4319278	
38	1	A	1	N	2500	0	40	21	35	13	16	16	0	0	0	0	0	0	0	0	0	0	0	0	4319372	
39	1	A	1	N	2500	0	40	390	1025	50	21	17	0	0	0	0	0	0	0	0	0	0	0	0	4319434	
40	1	A	1	N	2500	0	40	29	30	2	1	0	0	0	0	0	0	0	0	0	0	0	0	0	4319528	
41	1	A	1	N	2500	0	40	222	512	17	9	8	0	0	0	0	0	0	0	0	0	0	0	0	4319824	
42	1	A	2	N	2500	0	40	36	65	7	0	0	0	0	0	0	0	0	0	0	0	0	0	0	4327109	
43	1	A	2	N	2500	0	40	44	64	6	1	0	0	0	0	0	0	0	0	0	0	0	0	0	4327141	
44	1	A	2	N	2500	0	40	21	21	2	0	0	0	0	0	0	0	0	0	0	0	0	0	0	4327265	
45	1	A	2	N	2500	0	40	58	97	10	2	1	0	0	0	0	0	0	0	0	0	0	0	0	4327297	
46	1	A	2	N	2500	0	40	187	404	64	16	10	0	0	0	0	0	0	0	0	0	0	0	0	4327297	
47	1	A	2	N	2500	0	40	26	26	2	1	0	0	0	0	0	0	0	0	0	0	0	0	0	4327312	
48	1	A	2	N	2500	0	40	22	40	4	0	0	0	0	0	0	0	0	0	0	0	0	0	0	4327328	
49	1	A	2	N	2500	0	40	26	23	2	1	0	0	0	0	0	0	0	0	0	0	0	0	0	4327406	
50	1	A	2	N	2500	0	40	46	78	13	1	1	0	0	0	0	0	0	0	0	0	0	0	0	4327593	
51	1	A	2	N	2500	0	40	315	1024	63	24	17	0	0	0	0	0	0	0	0	0	0	0	0	4327718	
52	1	A	2	N	2500	0	40	106	160	16	5	4	0	0	0	0	0	0	0	0	0	0	0	0	4327765	
53	1	A	2	N	2500	0	40	91	121	11	4	4	0	0	0	0	0	0	0	0	0	0	0	0	4327765	
54	1	A	2	N	2500	0	40	264	774	108	34	22	0	0	0	0	0	0	0	0	0	0	0	0	4327765	
55	1	A	2	N	2500	0	40	75	285	43	10	7	0	0	0	0	0	0	0	0	0	0	0	0	4327765	
56	1	A	2	N	2500	0	40	41	49	4	1	1	0	0	0	0	0	0	0	0	0	0	0	0	4327765	
57	1	A	2	N	2500	0	40	114	207	20	6	3	0	0	0	0	0	0	0	0	0	0	0	0	4327780	
58	1	A	2	N	2500	0	40	49	93	8	1	1	0	0	0	0	0	0	0	0	0	0	0	0	4327921	
59	1	A	2	N	2500	0	40	92	191	19	3	2	0	0	0	0	0	0	0	0	0	0	0	0	4327921	
60	1	A	2	N	2500	0	40	26	31	2	1	1	0	0	0	0	0	0	0	0	0	0	0	0	4327983	
61	1	A	2	N	2500	0	40	262	613	27	14	13	0	0	0	0	0	0	0	0	0	0	0	0	4328077	
62	1	A	2	N	2500	0	40	91	161	14	6	3	0	0	0	0	0	0	0	0	0	0	0	0	4328092	
63	1	A	2	N	2500	0	40	31	28	2	1	0	0	0	0	0	0	0	0	0	0	0	0	0	4328092	
64	1	A	2	N	2500	0	40	30	31	3	1	0	0	0	0	0	0	0	0	0	0	0	0	0	4328233	
65	1	A	2	N	2500	0	40	25	29	2	0	0	0	0	0	0	0	0	0	0	0	0	0	0	4328233	
66	1	A	2	N	2500	0	40	81	262	33	10	7	0	0	0	0	0	0	0	0	0	0	0	0	4328233	
67	1	A	2	N	2500	0	40	86	142	15	5	4	0	0	0	0	0	0	0	0	0	0	0	0	4328233	
68	1	A	2	N	2500	0	40	60	137	11	3	3	0	0	0	0	0	0	0	0	0	0	0	0	4328248	
69	1	A	2	N	2500	0	40	53	106	6	6	7	0	0	0	0	0	0	0	0	0	0	0	0	4328280	
70	1	A	2	N	2500	0	40	110	392	59	6	4	0	0	0	0	0	0	0	0	0	0	0	0	4328342	
71	1	A	2	N	2500	0	40	387	1443	83	33	23	0	0	0	0	0	0	0	0	0	0	0	0	4328732	
72	1	A	2	N	2500	0	40	58	107	11	3	2	0	0	0	0	0	0	0	0	0	0	0	0	4328810	
73	1	A	2	N	2500	0	40	310	827	30	15	12	0	0	0	0	0	0	0	0	0	0	0	0	4328888	
74	1	A	2	N	2500	0	40	186	578	21	13	9	0	0	0	0	0	0	0	0	0	0	0	0	4328950	
75	1	A	2	N	2500	0	40	44	47	2	1	1	0	0	0	0	0	0	0	0	0	0	0	0	4329028	
76	1	A	2	N	2500	0	40	306	971	54	20	15	0	0	0	0	0	0	0	0	0	0	0	0	4329153	
77	1	A	2	N	2500	0	40	327	1094	54	24	18	0	0	0	0	0	0	0	0	0	0	0	0	4329200	
78	1	A	2	N	2500	0	40	65	59	5	2	2	0	0	0	0	0	0	0	0	0	0	0	0	4329403	
79	1	A	2	N	2500	0	40	25	28	2	0	0	0	0	0	0	0	0	0	0	0	0	0	0	4329450	
80	1	A	2	N	2500	0	40	106	171	20	5	4	0	0	0	0	0	0	0	0	0	0	0	0	4329465	
81	1	A	2	N	2500	0	40	417	895	36	20	18	0	0	0	0	0	0	0	0	0	0	0	0	4329637	
82	1	A	2	N	2500	0	40	309	1034	50	24	18	0	0	0	0	0	0	0	0	0	0	0	0	4329668	
83	1	A	2	N	2500	0	40	77	111	13	1	1	0	0	0	0	0	0	0	0	0	0	0	0	4329684	
84	1	A	2	N	2500	0	40	114	274	62	6	3	0	0	0	0	0	0	0	0	0	0	0	0	4329684	
85	1	A	2	N	2500	0	40	350	1104	60	25	23	0	0	0	0	0	0	0	0	0	0	0	0	4330261	
86	1	A	2	N	2500	0	40	59	111	11	3	2	0	0	0	0	0	0	0	0	0	0	0	0	4330354	
87	1	A	2	N	2500	0	40	313	862	51	22	18	0	0	0	0	0	0	0	0	0	0	0	0	4330432	
88	1	A	2	N	2500	0	40	316	822	46	16	12	0	0	0	0	0	0	0	0	0	0	0	0	4330542	
89	1	A	2	N	2500	0	40	27	22	2	0	0	0	0	0	0	0	0	0	0	0	0	0	0	4330776	
90	1	A	2	N	2500	0	40	318	1062	60	24	21	0	0	0	0	0	0	0	0	0	0	0	0	4330807	
91	1	A	2	N	2500	0	40	49	58	5	1	1	0	0	0	0	0	0	0	0	0	0	0	0	4330900	
92	1	A	2	N	2500	0	40	24	40	5	4	4	0	0	0	0	0	0	0	0	0	0	0	0	4331088	
93	1	A	2	N	2500	0	40	48	122	7	8	8	0	0	0	0	0	0	0	0	0	0	0	0	4331368	
94	1	A	2	N	2500	0	40	284	807	39	16	14	0	0	0	0	0	0	0	0	0	0	0	0	4331431	
95	1	A	2	N	2500	0	40	382	1237	70	27	27	0	0	0	0	0	0	0	0	0	0	0	0	4332133	
96	1	A	2	N	2500	0	40	312	950	58	21	19	0	0	0	0	0	0	0	0	0	0	0	0	4332226	
97	1	A	2	N	2500	0	40	330	892	43	20	17	0	0	0	0	0	0	0	0	0	0	0	0	4332289	
98	1	A	2	N	2500	0	40	358	1019	58	21	14	0	0	0	0	0	0	0	0	0	0	0	0	4332585	
99	1	A	2	N	2500	0	40	270	709	30	13	11	0	0	0	0	0	0	0	0	0	0	0	0	4333100	
100	1	A	2	N	2500	0	40	30	48	5	1	1	0	0	0	0	0	0	0	0	0	0	0	0	4333225	
101	1	A	2	N	2500	0	40	20	23	2	0	0	0	0	0	0	0	0	0	0	0	0	0	0	4333537	
102	1	A	2	N	2500	0	40	30	27	2	1	0	0	0	0	0	0	0	0	0	0	0	0	0	4333537	
103	1	A	2	N	2500	0	40	51	73	7	3	2	0	0	0	0	0	0	0	0	0	0	0	0	4333755	
104	1	A	2	N	2500	0	40	426	1222	70	26	24	0	0	0	0	0	0	0	0	0	0	0	0	4333771	
105	1	A	3	N	2500	0	40	45	54	3	1	0	0	0	0	0	0	0	0	0	0	0	0	0	4341758	
106	1	A	3	N	2500	0	40	48	112	15	2	2	0	0	0	0	0	0	0	0	0	0	0	0	4341961	
107	1	A	3	N	2500	0	40	32	34	3	1	1	0	0	0	0	0	0	0	0	0	0	0	0	4342179	
108	1	A	3	N	2500	0	40	40	65	4	1	1	0	0	0	0	0	0	0	0	0	0	0	0	4342257	
109	1	A	3	N	2500	0	40	114	500	80	9	5	0	0	0	0	0	0	0	0	0	0	0	0	4342257	
110	1	A	3	N	2500	0	40	182	496	60	16	9	0	0	0	0	0	0	0	0	0	0	0	0	4342382	
111	1	A	3	N	2500	0	40	20	22	1	0	0	0	0	0	0	0	0	0	0	0	0	0	0	4342522	
112	1	A	3	N	2500	0	40	22	23	1	0	1	0	0	0	0	0	0	0	0	0	0	0	0	4342678	
113	1	A	3	N	2500	0	40	96	444	51	9	4	0	0	0	0	0	0	0	0	0	0	0	0	4342678	
114	1	A	3	N	2500	0	40	99	439	50	10	6	0	0	0	0	0	0	0	0	0	0	0	0	4342678	
115	1	A	3	N	2500	0	40	87	274	42	8	6	0	0	0	0	0	0	0	0	0	0	0	0	4342678	
116	1	A	3	N	2500	0	40	327	910	43	18	16	0	0	0	0	0	0	0	0	0	0	0	0	4342803	
117	1	A	3	N	2500	0	40	44	41	3	1	1	0	0	0	0	0	0	0	0	0	0	0	0	4343193	
118	1	A	3	N	2500	0	40	130	309	33	11	7	0	0	0	0	0	0	0	0	0	0	0	0	4343209	
119	1	A	3	N	2500	0	40	182	739	100	33	22	0	0	0	0	0	0	0	0	0	0	0	0	4343209	
120	1	A	3	N	2500	0	40	31	27	2	1	1	0	0	0	0	0	0	0	0	0	0	0	0	4343209	
121	1	A	3	N	2500	0	40	42	42	3	2	1	0	0	0	0	0	0	0	0	0	0	0	0	4343209	
122	1	A	3	N	2500	0	40	51	46	3	1	1	0	0	0	0	0	0	0	0	0	0	0	0	4343209	
123	1	A	3	N	2500	0	40	29	40	3	1	0	0	0	0	0	0	0	0	0	0	0	0	0	4343209	
124	1	A	3	N	2500	0	40	33	35	2	1	0	0	0	0	0	0	0	0	0	0	0	0	0	4343209	
125	1	A	3	N	2500	0	40	35	56	9	0	0	0	0	0	0	0	0	0	0	0	0	0	0	4343224	
126	1	A	3	N	2500	0	40	35	47	5	2	1	0	0	0	0	0	0	0	0	0	0	0	0	4343334	
127	1	A	3	N	2500	0	40	87	112	12	5	2	0	0	0	0	0	0	0	0	0	0	0	0	4343334	
128	1	A	3	N	2500	0	40	287	700	30	14	11	0	0	0	0	0	0	0	0	0	0	0	0	4343365	
129	1	A	3	N	2500	0	40	309	811	41	18	13	0	0	0	0	0	0	0	0	0	0	0	0	4343412	
130	1	A	3	N	2500	0	40	157	482	19	11	10	0	0	0	0	0	0	0	0	0	0	0	0	4343973	
131	1	A	3	N	2500	0	40	421	1315	84	34	25	0	0	0	0	0	0	0	0	0	0	0	0	4344363	
132	1	A	3	N	2500	0	40	23	23	2	0	0	0	0	0	0	0	0	0	0	0	0	0	0	4344535	
133	1	A	3	N	2500	0	40	479	1148	58	28	23	0	0	0	0	0	0	0	0	0	0	0	0	4344800	
134	1	A	3	N	2500	0	40	25	22	2	0	0	0	0	0	0	0	0	0	0	0	0	0	0	4345284	
135	1	A	3	N	2500	0	40	345	1024	57	24	16	0	0	0	0	0	0	0	0	0	0	0	0	4345315	
136	1	A	3	N	2500	0	40	38	44	3	1	2	0	0	0	0	0	0	0	0	0	0	0	0	4345346	
137	1	A	3	N	2500	0	40	31	37	2	1	1	0	0	0	0	0	0	0	0	0	0	0	0	4345346	
138	1	A	3	N	2500	0	40	326	1068	71	23	20	0	0	0	0	0	0	0	0	0	0	0	0	4345377	
139	1	A	3	N	2500	0	40	152	728	123	18	12	0	0	0	0	0	0	0	0	0	0	0	0	4345502	
140	1	A	3	N	2500	0	40	435	1176	72	26	18	0	0	0	0	0	0	0	0	0	0	0	0	4345720	
141	1	A	3	N	2500	0	40	406	994	39	20	14	0	0	0	0	0	0	0	0	0	0	0	0	4345720	
142	1	A	3	N	2500	0	40	327	1010	64	24	22	0	0	0	0	0	0	0	0	0	0	0	0	4345767	
143	1	A	3	N	2500	0	40	304	906	43	19	17	0	0	0	0	0	0	0	0	0	0	0	0	4345783	
144	1	A	3	N	2500	0	40	368	1302	81	27	21	0	0	0	0	0	0	0	0	0	0	0	0	4345861	
145	1	A	3	N	2500	0	40	224	481	17	9	7	0	0	0	0	0	0	0	0	0	0	0	0	4346204	
146	1	A	3	N	2500	0	40	26	32	3	1	1	0	0	0	0	0	0	0	0	0	0	0	0	4346485	
147	1	A	3	N	2500	0	40	27	43	2	1	1	0	0	0	0	0	0	0	0	0	0	0	0	4346500	
148	1	A	3	N	2500	0	40	351	1136	63	29	20	0	0	0	0	0	0	0	0	0	0	0	0	4346610	
149	1	A	3	N	2500	0	40	21	21	2	0	0	0	0	0	0	0	0	0	0	0	0	0	0	4346672	
150	1	A	3	N	2500	0	40	512	1791	102	40	34	0	0	0	0	0	0	0	0	0	0	0	0	4346750	
151	1	A	3	N	2500	0	40	43	56	5	2	1	0	0	0	0	0	0	0	0	0	0	0	0	4346844	
152	1	A	3	N	2500	0	40	87	204	22	9	5	0	0	0	0	0	0	0	0	0	0	0	0	4346844	
153	1	A	3	N	2500	0	40	40	55	5	2	1	0	0	0	0	0	0	0	0	0	0	0	0	4346844	
154	1	A	3	N	2500	0	40	286	709	27	11	9	0	0	0	0	0	0	0	0	0	0	0	0	4346922	
155	1	A	3	N	2500	0	40	37	68	8	2	1	0	0	0	0	0	0	0	0	0	0	0	0	4346953	
156	1	A	3	N	2500	0	40	489	1597	101	41	33	0	0	0	0	0	0	0	0	0	0	0	0	4347265	
157	1	A	3	N	2500	0	40	31	51	5	2	2	0	0	0	0	0	0	0	0	0	0	0	0	4347608	
158	1	A	3	N	2500	0	40	290	882	44	18	16	0	0	0	0	0	0	0	0	0	0	0	0	4347670	
159	1	A	3	N	2500	0	40	46	64	4	1	2	0	0	0	0	0	0	0	0	0	0	0	0	4347717	
160	1	A	3	N	2500	0	40	47	72	7	1	0	0	0	0	0	0	0	0	0	0	0	0	0	4348060	
161	1	A	3	N	2500	0	40	364	1261	74	29	23	0	0	0	0	0	0	0	0	0	0	0	0	4348201	
162	1	A	3	N	2500	0	40	442	1230	59	26	23	0	0	0	0	0	0	0	0	0	0	0	0	4348372	
163	1	A	3	N	2500	0	40	27	47	6	5	3	0	0	0	0	0	0	0	0	0	0	0	0	4348450	
164	1	A	3	N	2500	0	40	338	1119	76	26	19	0	0	0	0	0	0	0	0	0	0	0	0	4348497	
165	1	A	3	N	2500	0	40	365	1047	83	28	21	0	0	0	0	0	0	0	0	0	0	0	0	4348528	
166	1	A	3	N	2500	0	40	20	30	2	1	1	0	0	0	0	0	0	0	0	0	0	0	0	4348544	
167	1	A	3	N	2500	0	40	301	932	47	19	18	0	0	0	0	0	0	0	0	0	0	0	0	4348653	
168	1	A	3	N	2500	0	40	50	98	4	4	4	0	0	0	0	0	0	0	0	0	0	0	0	4349028	
169	1	A	3	N	2500	0	40	32	46	4	1	1	0	0	0	0	0	0	0	0	0	0	0	0	4349121	
170	1	A	4	N	2500	0	40	43	91	7	7	9	0	0	0	0	0	0	0	0	0	0	0	0	4356687	
171	1	A	4	N	2500	0	40	300	876	44	17	13	0	0	0	0	0	0	0	0	0	0	0	0	4356718	
172	1	A	4	N	2500	0	40	374	1143	67	24	14	0	0	0	0	0	0	0	0	0	0	0	0	4356921	
173	1	A	4	N	2500	0	40	344	992	51	23	20	0	0	0	0	0	0	0	0	0	0	0	0	4356984	
174	1	A	4	N	2500	0	40	316	522	37	11	9	0	0	0	0	0	0	0	0	0	0	0	0	4357264	
175	1	A	4	N	2500	0	40	327	1050	58	23	20	0	0	0	0	0	0	0	0	0	0	0	0	4357592	
176	1	A	4	N	2500	0	40	24	35	1	1	2	0	0	0	0	0	0	0	0	0	0	0	0	4357670	
177	1	A	4	N	2500	0	40	318	817	44	18	14	0	0	0	0	0	0	0	0	0	0	0	0	4357670	
178	1	A	4	N	2500	0	40	383	1279	73	30	22	0	0	0	0	0	0	0	0	0	0	0	0	4359667	
179	1	A	4	N	2500	0	40	346	1079	56	24	20	0	0	0	0	0	0	0	0	0	0	0	0	4359870	
180	1	A	4	N	2500	0	40	341	1168	67	31	27	0	0	0	0	0	0	0	0	0	0	0	0	4361024	
181	1	A	4	N	2500	0	40	345	911	38	19	16	0	0	0	0	0	0	0	0	0	0	0	0	4361040	
182	1	A	4	N	2500	0	40	30	53	3	1	2	0	0	0	0	0	0	0	0	0	0	0	0	4361149	
183	1	A	4	N	2500	0	40	308	962	50	20	15	0	0	0	0	0	0	0	0	0	0	0	0	4361476	
184	1	A	4	N	2500	0	40	61	127	12	5	4	0	0	0	0	0	0	0	0	0	0	0	0	4361523	
185	1	A	4	N	2500	0	40	461	1024	85	24	22	0	0	0	0	0	0	0	0	0	0	0	0	4361788	
186	1	A	4	N	2500	0	40	480	1155	39	21	20	0	0	0	0	0	0	0	0	0	0	0	0	4361835	
187	1	A	4	N	2500	0	40	308	950	52	19	17	0	0	0	0	0	0	0	0	0	0	0	0	4362100	
188	1	A	4	N	2500	0	40	596	1705	156	43	31	0	0	0	0	0	0	0	0	0	0	0	0	4362194	
189	1	A	4	N	2500	0	40	24	30	6	7	11	0	0	0	0	0	0	0	0	0	0	0	0	4362334	
190	1	A	4	N	2500	0	40	314	981	50	20	17	0	0	0	0	0	0	0	0	0	0	0	0	4362381	
191	1	A	4	N	2500	0	40	301	846	42	23	16	0	0	0	0	0	0	0	0	0	0	0	0	4362428	
192	1	A	4	N	2500	0	40	26	40	4	2	3	0	0	0	0	0	0	0	0	0	0	0	0	4362927	
193	1	A	4	N	2500	0	40	334	951	52	17	14	0	0	0	0	0	0	0	0	0	0	0	0	4362958	
194	1	A	5	N	2500	0	40	26	45	4	4	3	0	0	0	0	0	0	0	0	0	0	0	0	4371476	
195	1	A	5	N	2500	0	40	24	35	1	0	0	0	0	0	0	0	0	0	0	0	0	0	0	4371757	
196	1	A	5	N	2500	0	40	293	842	44	19	15	0	0	0	0	0	0	0	0	0	0	0	0	4371835	
197	1	A	5	N	2500	0	40	29	45	1	1	0	0	0	0	0	0	0	0	0	0	0	0	0	4372116	
198	1	A	5	N	2500	0	40	50	94	14	1	1	0	0	0	0	0	0	0	0	0	0	0	0	4372162	
199	1	A	5	N	2500	0	40	328	994	52	24	18	0	0	0	0	0	0	0	0	0	0	0	0	4372225	
200	1	A	5	N	2500	0	40	321	734	43	17	12	0	0	0	0	0	0	0	0	0	0	0	0	4372381	
201	1	A	5	N	2500	0	40	23	21	1	0	0	0	0	0	0	0	0	0	0	0	0	0	0	4372381	
202	1	A	5	N	2500	0	40	303	836	43	19	13	0	0	0	0	0	0	0	0	0	0	0	0	4372396	
203	1	A	5	N	2500	0	40	325	1053	65	25	18	0	0	0	0	0	0	0	0	0	0	0	0	4372428	
204	1	A	5	N	2500	0	40	282	798	40	17	15	0	0	0	0	0	0	0	0	0	0	0	0	4372599	
205	1	A	5	N	2500	0	40	312	964	52	22	17	0	0	0	0	0	0	0	0	0	0	0	0	4372693	
206	1	A	5	N	2500	0	40	324	1047	60	24	19	0	0	0	0	0	0	0	0	0	0	0	0	4372786	
207	1	A	5	N	2500	0	40	25	38	12	16	19	0	0	0	0	0	0	0	0	0	0	0	0	4372802	
208	1	A	5	N	2500	0	40	366	1090	56	24	18	0	0	0	0	0	0	0	0	0	0	0	0	4372942	
209	1	A	5	N	2500	0	40	307	953	54	21	18	0	0	0	0	0	0	0	0	0	0	0	0	4373098	
210	1	A	5	N	2500	0	40	363	1082	62	25	18	0	0	0	0	0	0	0	0	0	0	0	0	4373348	
211	1	A	5	N	2500	0	40	351	1046	59	21	18	0	0	0	0	0	0	0	0	0	0	0	0	4373379	
212	1	A	5	N	2500	0	40	272	691	26	13	11	0	0	0	0	0	0	0	0	0	0	0	0	4373722	
213	1	A	5	N	2500	0	40	36	68	4	4	5	0	0	0	0	0	0	0	0	0	0	0	0	4373910	
214	1	A	5	N	2500	0	40	282	843	43	18	15	0	0	0	0	0	0	0	0	0	0	0	0	4374097	
215	1	A	5	N	2500	0	40	298	811	36	13	15	0	0	0	0	0	0	0	0	0	0	0	0	4374237	
216	1	A	5	N	2500	0	40	509	1280	58	23	20	0	0	0	0	0	0	0	0	0	0	0	0	4374393	
217	1	A	5	N	2500	0	40	524	1540	82	31	28	0	0	0	0	0	0	0	0	0	0	0	0	4374721	
218	1	A	5	N	2500	0	40	345	887	47	18	15	0	0	0	0	0	0	0	0	0	0	0	0	4374736	
219	1	A	5	N	2500	0	40	338	1061	57	24	19	0	0	0	0	0	0	0	0	0	0	0	0	4374955	
220	1	A	5	N	2500	0	40	42	108	5	4	7	0	0	0	0	0	0	0	0	0	0	0	0	4375142	
221	1	A	5	N	2500	0	40	341	1020	53	22	18	0	0	0	0	0	0	0	0	0	0	0	0	4375376	
222	1	A	5	N	2500	0	40	299	794	37	16	14	0	0	0	0	0	0	0	0	0	0	0	0	4375610	
223	1	A	5	N	2500	0	40	309	1024	55	22	17	0	0	0	0	0	0	0	0	0	0	0	0	4375626	
224	1	A	5	N	2500	0	40	341	645	23	12	11	0	0	0	0	0	0	0	0	0	0	0	0	4375657	
225	1	A	5	N	2500	0	40	290	926	49	20	16	0	0	0	0	0	0	0	0	0	0	0	0	4375672	
226	1	A	5	N	2500	0	40	355	1140	64	25	20	0	0	0	0	0	0	0	0	0	0	0	0	4375704	
227	1	A	5	N	2500	0	40	338	895	54	19	18	0	0	0	0	0	0	0	0	0	0	0	0	4376016	
228	1	A	5	N	2500	0	40	332	980	57	20	16	0	0	0	0	0	0	0	0	0	0	0	0	4376203	
229	1	A	5	N	2500	0	40	380	1109	65	22	19	0	0	0	0	0	0	0	0	0	0	0	0	4376359	
230	1	A	5	N	2500	0	40	21	31	1	1	1	0	0	0	0	0	0	0	0	0	0	0	0	4376390	
231	1	A	5	N	2500	0	40	347	1183	77	29	22	0	0	0	0	0	0	0	0	0	0	0	0	4377217	
232	1	A	5	N	2500	0	40	349	1106	61	29	19	0	0	0	0	0	0	0	0	0	0	0	0	4377217	
233	1	A	5	N	2500	0	40	372	1031	68	22	17	0	0	0	0	0	0	0	0	0	0	0	0	4377248	
234	1	A	5	N	2500	0	40	34	42	3	1	2	0	0	0	0	0	0	0	0	0	0	0	0	4377279	
235	1	A	5	N	2500	0	40	78	140	13	6	4	0	0	0	0	0	0	0	0	0	0	0	0	4377607	
236	1	A	5	N	2500	0	40	207	453	13	9	7	0	0	0	0	0	0	0	0	0	0	0	0	4378309	
237	1	A	5	N	2500	0	40	335	1095	62	24	19	0	0	0	0	0	0	0	0	0	0	0	0	4378340	
238	1	A	6	N	2500	0	40	112	191	17	7	5	0	0	0	0	0	0	0	0	0	0	0	0	4385844	
239	1	A	6	N	2500	0	40	55	84	16	1	2	0	0	0	0	0	0	0	0	0	0	0	0	4386062	
240	1	A	6	N	2500	0	40	333	799	50	16	17	0	0	0	0	0	0	0	0	0	0	0	0	4386171	
241	1	A	6	N	2500	0	40	56	68	6	2	2	0	0	0	0	0	0	0	0	0	0	0	0	4386265	
242	1	A	6	N	2500	0	40	33	54	5	1	1	0	0	0	0	0	0	0	0	0	0	0	0	4386265	
243	1	A	6	N	2500	0	40	59	154	15	4	2	0	0	0	0	0	0	0	0	0	0	0	0	4386405	
244	1	A	6	N	2500	0	40	70	97	12	3	2	0	0	0	0	0	0	0	0	0	0	0	0	4386405	
245	1	A	6	N	2500	0	40	42	47	5	1	2	0	0	0	0	0	0	0	0	0	0	0	0	4386530	
246	1	A	6	N	2500	0	40	94	138	14	5	4	0	0	0	0	0	0	0	0	0	0	0	0	4386546	
247	1	A	6	N	2500	0	40	61	67	8	3	1	0	0	0	0	0	0	0	0	0	0	0	0	4386639	
248	1	A	6	N	2500	0	40	101	258	42	8	4	0	0	0	0	0	0	0	0	0	0	0	0	4386655	
249	1	A	6	N	2500	0	40	47	53	5	2	2	0	0	0	0	0	0	0	0	0	0	0	0	4386873	
250	1	A	6	N	2500	0	40	296	866	42	17	12	0	0	0	0	0	0	0	0	0	0	0	0	4386967	
251	1	A	6	N	2500	0	40	63	123	15	5	3	0	0	0	0	0	0	0	0	0	0	0	0	4386998	
252	1	A	6	N	2500	0	40	21	29	6	0	0	0	0	0	0	0	0	0	0	0	0	0	0	4387092	
253	1	A	6	N	2500	0	40	51	115	14	3	3	0	0	0	0	0	0	0	0	0	0	0	0	4387123	
254	1	A	6	N	2500	0	40	339	1128	69	27	18	0	0	0	0	0	0	0	0	0	0	0	0	4387419	
255	1	A	6	N	2500	0	40	66	90	10	3	3	0	0	0	0	0	0	0	0	0	0	0	0	4387591	
256	1	A	6	N	2500	0	40	347	1100	59	24	22	0	0	0	0	0	0	0	0	0	0	0	0	4387716	
257	1	A	6	N	2500	0	40	315	1017	55	23	18	0	0	0	0	0	0	0	0	0	0	0	0	4387747	
258	1	A	6	N	2500	0	40	80	220	27	7	3	0	0	0	0	0	0	0	0	0	0	0	0	4387747	
259	1	A	6	N	2500	0	40	76	255	34	8	5	0	0	0	0	0	0	0	0	0	0	0	0	4387762	
260	1	A	6	N	2500	0	40	79	145	22	4	5	0	0	0	0	0	0	0	0	0	0	0	0	4387809	
261	1	A	6	N	2500	0	40	392	1149	90	28	20	0	0	0	0	0	0	0	0	0	0	0	0	4387825	
262	1	A	6	N	2500	0	40	331	1032	65	23	19	0	0	0	0	0	0	0	0	0	0	0	0	4387840	
263	1	A	6	N	2500	0	40	40	59	5	2	2	0	0	0	0	0	0	0	0	0	0	0	0	4387856	
264	1	A	6	N	2500	0	40	39	44	3	1	1	0	0	0	0	0	0	0	0	0	0	0	0	4387856	
265	1	A	6	N	2500	0	40	319	909	47	18	14	0	0	0	0	0	0	0	0	0	0	0	0	4387918	
266	1	A	6	N	2500	0	40	340	1107	65	25	22	0	0	0	0	0	0	0	0	0	0	0	0	4388308	
267	1	A	6	N	2500	0	40	334	1021	57	23	18	0	0	0	0	0	0	0	0	0	0	0	0	4388308	
268	1	A	6	N	2500	0	40	26	42	2	1	2	0	0	0	0	0	0	0	0	0	0	0	0	4388433	
269	1	A	6	N	2500	0	40	37	72	4	4	5	0	0	0	0	0	0	0	0	0	0	0	0	4388527	
270	1	A	6	N	2500	0	40	489	1389	81	34	25	0	0	0	0	0	0	0	0	0	0	0	0	4388667	
271	1	A	6	N	2500	0	40	93	79	2	1	1	0	0	0	0	0	0	0	0	0	0	0	0	4388667	
272	1	A	6	N	2500	0	40	23	32	2	1	2	0	0	0	0	0	0	0	0	0	0	0	0	4388714	
273	1	A	6	N	2500	0	40	312	1019	55	22	16	0	0	0	0	0	0	0	0	0	0	0	0	4388714	
274	1	A	6	N	2500	0	40	309	1033	65	23	20	0	0	0	0	0	0	0	0	0	0	0	0	4388839	
275	1	A	6	N	2500	0	40	299	933	44	20	14	0	0	0	0	0	0	0	0	0	0	0	0	4389400	
276	1	A	6	N	2500	0	40	354	1097	61	25	22	0	0	0	0	0	0	0	0	0	0	0	0	4389447	
277	1	A	6	N	2500	0	40	54	85	9	4	2	0	0	0	0	0	0	0	0	0	0	0	0	4389619	
278	1	A	6	N	2500	0	40	617	1364	141	37	29	0	0	0	0	0	0	0	0	0	0	0	0	4389619	
279	1	A	6	N	2500	0	40	284	729	29	13	12	0	0	0	0	0	0	0	0	0	0	0	0	4389853	
280	1	A	6	N	2500	0	40	333	991	60	21	16	0	0	0	0	0	0	0	0	0	0	0	0	4390243	
281	1	A	6	N	2500	0	40	22	25	1	0	0	0	0	0	0	0	0	0	0	0	0	0	0	4390305	
282	1	A	6	N	2500	0	40	279	793	39	15	12	0	0	0	0	0	0	0	0	0	0	0	0	4390352	
283	1	A	6	N	2500	0	40	399	1114	51	25	22	0	0	0	0	0	0	0	0	0	0	0	0	4390461	
284	1	A	6	N	2500	0	40	45	57	5	2	1	0	0	0	0	0	0	0	0	0	0	0	0	4390477	
285	1	A	6	N	2500	0	40	32	43	4	1	1	0	0	0	0	0	0	0	0	0	0	0	0	4390477	
286	1	A	6	N	2500	0	40	313	957	56	21	15	0	0	0	0	0	0	0	0	0	0	0	0	4390617	
287	1	A	6	N	2500	0	40	489	1130	95	29	22	0	0	0	0	0	0	0	0	0	0	0	0	4390726	
288	1	A	6	N	2500	0	40	330	1069	57	25	21	0	0	0	0	0	0	0	0	0	0	0	0	4390758	
289	1	A	6	N	2500	0	40	44	56	5	2	1	0	0	0	0	0	0	0	0	0	0	0	0	4390945	
290	1	A	6	N	2500	0	40	480	1461	112	37	32	0	0	0	0	0	0	0	0	0	0	0	0	4391335	
291	1	A	6	N	2500	0	40	317	955	48	22	18	0	0	0	0	0	0	0	0	0	0	0	0	4391725	
292	1	A	6	N	2500	0	40	296	787	32	16	15	0	0	0	0	0	0	0	0	0	0	0	0	4391834	
293	1	A	6	N	2500	0	40	294	930	54	21	18	0	0	0	0	0	0	0	0	0	0	0	0	4391881	
294	1	A	6	N	2500	0	40	343	1194	93	33	22	0	0	0	0	0	0	0	0	0	0	0	0	4392177	
295	1	A	6	N	2500	0	40	24	53	1	0	0	0	0	0	0	0	0	0	0	0	0	0	0	4392349	
296	1	A	6	N	2500	0	40	334	1074	60	23	22	0	0	0	0	0	0	0	0	0	0	0	0	4392442	
297	1	A	6	N	2500	0	40	290	720	24	15	13	0	0	0	0	0	0	0	0	0	0	0	0	4392442	
298	1	A	6	N	2500	0	40	27	43	3	2	3	0	0	0	0	0	0	0	0	0	0	0	0	4392786	
299	1	A	6	N	2500	0	40	283	746	31	13	9	0	0	0	0	0	0	0	0	0	0	0	0	4392786	
300	1	A	7	N	2500	0	40	38	53	4	1	1	0	0	0	0	0	0	0	0	0	0	0	0	4400554	
301	1	A	7	N	2500	0	40	246	549	21	12	14	0	0	0	0	0	0	0	0	0	0	0	0	4400632	
302	1	A	7	N	2500	0	40	35	109	12	0	0	0	0	0	0	0	0	0	0	0	0	0	0	4400679	
303	1	A	7	N	2500	0	40	78	102	10	4	3	0	0	0	0	0	0	0	0	0	0	0	0	4401241	
304	1	A	7	N	2500	0	40	71	102	14	1	1	0	0	0	0	0	0	0	0	0	0	0	0	4401319	
305	1	A	7	N	2500	0	40	312	1067	51	24	19	0	0	0	0	0	0	0	0	0	0	0	0	4401319	
306	1	A	7	N	2500	0	40	45	62	5	2	1	0	0	0	0	0	0	0	0	0	0	0	0	4401459	
307	1	A	7	N	2500	0	40	338	1046	54	21	18	0	0	0	0	0	0	0	0	0	0	0	0	4401662	
308	1	A	7	N	2500	0	40	49	71	2	1	1	0	0	0	0	0	0	0	0	0	0	0	0	4401678	
309	1	A	7	N	2500	0	40	75	211	33	4	2	0	0	0	0	0	0	0	0	0	0	0	0	4401678	
310	1	A	7	N	2500	0	40	49	99	9	2	1	0	0	0	0	0	0	0	0	0	0	0	0	4401678	
311	1	A	7	N	2500	0	40	408	1076	65	26	21	0	0	0	0	0	0	0	0	0	0	0	0	4401740	
312	1	A	7	N	2500	0	40	283	781	39	16	13	0	0	0	0	0	0	0	0	0	0	0	0	4401771	
313	1	A	7	N	2500	0	40	28	45	4	1	1	0	0	0	0	0	0	0	0	0	0	0	0	4401834	
314	1	A	7	N	2500	0	40	46	58	2	2	1	0	0	0	0	0	0	0	0	0	0	0	0	4402192	
315	1	A	7	N	2500	0	40	115	499	106	14	10	0	0	0	0	0	0	0	0	0	0	0	0	4402317	
316	1	A	7	N	2500	0	40	47	76	11	1	1	0	0	0	0	0	0	0	0	0	0	0	0	4402364	
317	1	A	7	N	2500	0	40	315	1105	66	25	22	0	0	0	0	0	0	0	0	0	0	0	0	4402551	
318	1	A	7	N	2500	0	40	52	104	11	2	1	0	0	0	0	0	0	0	0	0	0	0	0	4402567	
319	1	A	7	N	2500	0	40	438	1003	35	19	14	0	0	0	0	0	0	0	0	0	0	0	0	4402660	
320	1	A	7	N	2500	0	40	29	73	9	2	2	0	0	0	0	0	0	0	0	0	0	0	0	4402770	
321	1	A	7	N	2500	0	40	314	939	56	20	16	0	0	0	0	0	0	0	0	0	0	0	0	4402770	
322	1	A	7	N	2500	0	40	369	1306	64	33	23	0	0	0	0	0	0	0	0	0	0	0	0	4402816	
323	1	A	7	N	2500	0	40	78	109	20	3	1	0	0	0	0	0	0	0	0	0	0	0	0	4403160	
324	1	A	7	N	2500	0	40	36	44	4	1	1	0	0	0	0	0	0	0	0	0	0	0	0	4403206	
325	1	A	7	N	2500	0	40	406	1460	77	34	27	0	0	0	0	0	0	0	0	0	0	0	0	4403518	
326	1	A	7	N	2500	0	40	382	1314	78	34	24	0	0	0	0	0	0	0	0	0	0	0	0	4403612	
327	1	A	7	N	2500	0	40	368	1148	74	26	21	0	0	0	0	0	0	0	0	0	0	0	0	4403830	
328	1	A	7	N	2500	0	40	315	969	57	22	15	0	0	0	0	0	0	0	0	0	0	0	0	4404158	
329	1	A	7	N	2500	0	40	330	1058	56	21	17	0	0	0	0	0	0	0	0	0	0	0	0	4404220	
330	1	A	7	N	2500	0	40	34	33	2	2	2	0	0	0	0	0	0	0	0	0	0	0	0	4404376	
331	1	A	7	N	2500	0	40	310	1058	61	24	20	0	0	0	0	0	0	0	0	0	0	0	0	4404392	
332	1	A	7	N	2500	0	40	336	1050	62	24	18	0	0	0	0	0	0	0	0	0	0	0	0	4404470	
333	1	A	7	N	2500	0	40	484	1439	84	31	32	0	0	0	0	0	0	0	0	0	0	0	0	4404486	
334	1	A	7	N	2500	0	40	347	959	55	20	18	0	0	0	0	0	0	0	0	0	0	0	0	4404595	
335	1	A	7	N	2500	0	40	24	26	2	1	1	0	0	0	0	0	0	0	0	0	0	0	0	4404595	
336	1	A	7	N	2500	0	40	33	31	3	1	1	0	0	0	0	0	0	0	0	0	0	0	0	4404595	
337	1	A	7	N	2500	0	40	70	73	6	3	2	0	0	0	0	0	0	0	0	0	0	0	0	4404595	
338	1	A	7	N	2500	0	40	323	901	51	18	14	0	0	0	0	0	0	0	0	0	0	0	0	4404688	
339	1	A	7	N	2500	0	40	29	41	1	0	2	0	0	0	0	0	0	0	0	0	0	0	0	4404813	
340	1	A	7	N	2500	0	40	477	1364	90	39	27	0	0	0	0	0	0	0	0	0	0	0	0	4404813	
341	1	A	7	N	2500	0	40	85	159	22	2	1	0	0	0	0	0	0	0	0	0	0	0	0	4404844	
342	1	A	7	N	2500	0	40	31	38	2	0	0	0	0	0	0	0	0	0	0	0	0	0	0	4404954	
343	1	A	7	N	2500	0	40	304	880	42	19	15	0	0	0	0	0	0	0	0	0	0	0	0	4405000	
344	1	A	7	N	2500	0	40	30	47	3	2	3	0	0	0	0	0	0	0	0	0	0	0	0	4405375	
345	1	A	7	N	2500	0	40	308	790	35	13	12	0	0	0	0	0	0	0	0	0	0	0	0	4405812	
346	1	A	7	N	2500	0	40	26	44	4	2	1	0	0	0	0	0	0	0	0	0	0	0	0	4405843	
347	1	A	7	N	2500	0	40	309	951	53	19	19	0	0	0	0	0	0	0	0	0	0	0	0	4406092	
348	1	A	7	N	2500	0	40	284	743	32	16	11	0	0	0	0	0	0	0	0	0	0	0	0	4406248	
349	1	A	7	N	2500	0	40	484	1485	97	38	33	0	0	0	0	0	0	0	0	0	0	0	0	4406264	
350	1	A	7	N	2500	0	40	350	976	61	19	20	0	0	0	0	0	0	0	0	0	0	0	0	4406295	
351	1	A	7	N	2500	0	40	365	1176	61	26	21	0	0	0	0	0	0	0	0	0	0	0	0	4406498	
352	1	A	7	N	2500	0	40	249	591	19	8	8	0	0	0	0	0	0	0	0	0	0	0	0	4406498	
353	1	A	7	N	2500	0	40	329	1086	50	23	20	0	0	0	0	0	0	0	0	0	0	0	0	4406514	
354	1	A	7	N	2500	0	40	61	53	5	2	1	0	0	0	0	0	0	0	0	0	0	0	0	4406560	
355	1	A	7	N	2500	0	40	370	1229	70	30	18	0	0	0	0	0	0	0	0	0	0	0	0	4406592	
356	1	A	7	N	2500	0	40	322	902	44	21	17	0	0	0	0	0	0	0	0	0	0	0	0	4406701	
357	1	A	7	N	2500	0	40	30	61	3	3	2	0	0	0	0	0	0	0	0	0	0	0	0	4406872	
358	1	A	7	N	2500	0	40	29	51	14	15	14	0	0	0	0	0	0	0	0	0	0	0	0	4406935	
359	1	A	7	N	2500	0	40	26	44	9	11	11	0	0	0	0	0	0	0	0	0	0	0	0	4406935	
360	1	A	7	N	2500	0	40	32	61	5	3	4	0	0	0	0	0	0	0	0	0	0	0	0	4406950	
361	1	A	7	N	2500	0	40	280	728	33	15	13	0	0	0	0	0	0	0	0	0	0	0	0	4407060	
362	1	A	7	N	2500	0	40	315	1045	62	21	17	0	0	0	0	0	0	0	0	0	0	0	0	4407060	
363	1	A	7	N	2500	0	40	38	63	3	3	4	0	0	0	0	0	0	0	0	0	0	0	0	4407216	
364	1	A	7	N	2500	0	40	153	610	62	22	15	0	0	0	0	0	0	0	0	0	0	0	0	4407356	
365	1	A	7	N	2500	0	40	400	1414	79	35	28	0	0	0	0	0	0	0	0	0	0	0	0	4407387	
366	1	A	7	N	2500	0	40	65	83	8	2	2	0	0	0	0	0	0	0	0	0	0	0	0	4407418	
367	1	A	7	N	2500	0	40	313	957	52	21	18	0	0	0	0	0	0	0	0	0	0	0	0	4407574	
368	1	A	7	N	2500	0	40	33	65	6	1	1	0	0	0	0	0	0	0	0	0	0	0	0	4407652	
369	1	A	7	N	2500	0	40	321	1015	51	21	18	0	0	0	0	0	0	0	0	0	0	0	0	4407652	
370	1	A	7	N	2500	0	40	353	970	59	22	20	0	0	0	0	0	0	0	0	0	0	0	0	4408011	
371	1	A	8	N	2500	0	40	100	374	54	11	9	0	0	0	0	0	0	0	0	0	0	0	0	4415281	
372	1	A	8	N	2500	0	40	397	1097	71	29	25	0	0	0	0	0	0	0	0	0	0	0	0	4415562	
373	1	A	8	N	2500	0	40	41	89	5	5	5	0	0	0	0	0	0	0	0	0	0	0	0	4415577	
374	1	A	8	N	2500	0	40	43	77	9	1	0	0	0	0	0	0	0	0	0	0	0	0	0	4416014	
375	1	A	8	N	2500	0	40	68	173	19	3	1	0	0	0	0	0	0	0	0	0	0	0	0	4416014	
376	1	A	8	N	2500	0	40	43	53	5	2	1	0	0	0	0	0	0	0	0	0	0	0	0	4416513	
377	1	A	8	N	2500	0	40	429	1342	65	29	28	0	0	0	0	0	0	0	0	0	0	0	0	4416997	
378	1	A	8	N	2500	0	40	338	1077	67	28	20	0	0	0	0	0	0	0	0	0	0	0	0	4417387	
379	1	A	8	N	2500	0	40	33	69	12	2	1	0	0	0	0	0	0	0	0	0	0	0	0	4417855	
380	1	A	8	N	2500	0	40	361	1013	38	20	17	0	0	0	0	0	0	0	0	0	0	0	0	4417855	
381	1	A	8	N	2500	0	40	115	351	68	4	4	0	0	0	0	0	0	0	0	0	0	0	0	4417902	
382	1	A	8	N	2500	0	40	48	58	6	1	0	0	0	0	0	0	0	0	0	0	0	0	0	4417902	
383	1	A	8	N	2500	0	40	326	850	43	15	13	0	0	0	0	0	0	0	0	0	0	0	0	4417902	
384	1	A	8	N	2500	0	40	47	58	4	2	2	0	0	0	0	0	0	0	0	0	0	0	0	4418026	
385	1	A	8	N	2500	0	40	297	841	45	20	16	0	0	0	0	0	0	0	0	0	0	0	0	4418104	
386	1	A	8	N	2500	0	40	300	891	44	21	14	0	0	0	0	0	0	0	0	0	0	0	0	4418167	
387	1	A	8	N	2500	0	40	35	67	4	5	5	0	0	0	0	0	0	0	0	0	0	0	0	4418182	
388	1	A	8	N	2500	0	40	329	1075	61	21	20	0	0	0	0	0	0	0	0	0	0	0	0	4418198	
389	1	A	8	N	2500	0	40	358	963	62	22	18	0	0	0	0	0	0	0	0	0	0	0	0	4418307	
390	1	A	8	N	2500	0	40	358	1174	72	27	18	0	0	0	0	0	0	0	0	0	0	0	0	4418370	
391	1	A	8	N	2500	0	40	400	1072	61	24	24	0	0	0	0	0	0	0	0	0	0	0	0	4418682	
392	1	A	8	N	2500	0	40	29	36	4	0	0	0	0	0	0	0	0	0	0	0	0	0	0	4418713	
393	1	A	8	N	2500	0	40	366	1214	73	28	20	0	0	0	0	0	0	0	0	0	0	0	0	4419103	
394	1	A	8	N	2500	0	40	351	1115	66	22	19	0	0	0	0	0	0	0	0	0	0	0	0	4419274	
395	1	A	8	N	2500	0	40	342	1051	64	25	18	0	0	0	0	0	0	0	0	0	0	0	0	4419384	
396	1	A	8	N	2500	0	40	400	1295	74	29	24	0	0	0	0	0	0	0	0	0	0	0	0	4419789	
397	1	A	8	N	2500	0	40	317	889	49	19	13	0	0	0	0	0	0	0	0	0	0	0	0	4419805	
398	1	A	8	N	2500	0	40	460	1354	83	35	28	0	0	0	0	0	0	0	0	0	0	0	0	4419805	
399	1	A	8	N	2500	0	40	300	941	54	20	16	0	0	0	0	0	0	0	0	0	0	0	0	4419867	
400	1	A	8	N	2500	0	40	354	1148	69	25	20	0	0	0	0	0	0	0	0	0	0	0	0	4420242	
401	1	A	8	N	2500	0	40	400	1291	69	30	21	0	0	0	0	0	0	0	0	0	0	0	0	4420288	
402	1	A	8	N	2500	0	40	22	26	2	0	0	0	0	0	0	0	0	0	0	0	0	0	0	4420351	
403	1	A	8	N	2500	0	40	67	124	16	3	2	0	0	0	0	0	0	0	0	0	0	0	0	4420507	
404	1	A	8	N	2500	0	40	64	82	7	2	2	0	0	0	0	0	0	0	0	0	0	0	0	4420507	
405	1	A	8	N	2500	0	40	35	36	3	1	1	0	0	0	0	0	0	0	0	0	0	0	0	4420569	
406	1	A	8	N	2500	0	40	28	30	2	1	0	0	0	0	0	0	0	0	0	0	0	0	0	4420678	
407	1	A	8	N	2500	0	40	352	1153	72	25	23	0	0	0	0	0	0	0	0	0	0	0	0	4420741	
408	1	A	8	N	2500	0	40	336	1024	52	21	18	0	0	0	0	0	0	0	0	0	0	0	0	4420741	
409	1	A	8	N	2500	0	40	338	1035	61	23	20	0	0	0	0	0	0	0	0	0	0	0	0	4420850	
410	1	A	8	N	2500	0	40	418	981	52	20	17	0	0	0	0	0	0	0	0	0	0	0	0	4421068	
411	1	A	8	N	2500	0	40	427	1603	92	46	33	0	0	0	0	0	0	0	0	0	0	0	0	4421084	
412	1	A	8	N	2500	0	40	355	1125	72	28	21	0	0	0	0	0	0	0	0	0	0	0	0	4421162	
413	1	A	8	N	2500	0	40	542	1344	113	35	27	0	0	0	0	0	0	0	0	0	0	0	0	4421178	
414	1	A	8	N	2500	0	40	376	1121	76	25	19	0	0	0	0	0	0	0	0	0	0	0	0	4421349	
415	1	A	8	N	2500	0	40	20	22	1	1	1	0	0	0	0	0	0	0	0	0	0	0	0	4421474	
416	1	A	8	N	2500	0	40	37	39	3	1	2	0	0	0	0	0	0	0	0	0	0	0	0	4421536	
417	1	A	8	N	2500	0	40	625	1703	94	37	31	0	0	0	0	0	0	0	0	0	0	0	0	4421583	
418	1	A	8	N	2500	0	40	365	1255	71	31	21	0	0	0	0	0	0	0	0	0	0	0	0	4421708	
419	1	A	8	N	2500	0	40	329	1073	56	24	20	0	0	0	0	0	0	0	0	0	0	0	0	4421895	
420	1	A	8	N	2500	0	40	452	1207	77	30	27	0	0	0	0	0	0	0	0	0	0	0	0	4422036	
421	1	A	8	N	2500	0	40	21	21	1	0	0	0	0	0	0	0	0	0	0	0	0	0	0	4422051	
422	1	A	8	N	2500	0	40	329	1002	63	22	20	0	0	0	0	0	0	0	0	0	0	0	0	4422223	
423	1	A	8	N	2500	0	40	53	106	15	16	17	0	0	0	0	0	0	0	0	0	0	0	0	4422410	
424	1	A	8	N	2500	0	40	26	33	3	1	0	0	0	0	0	0	0	0	0	0	0	0	0	4422613	
425	1	A	8	N	2500	0	40	27	45	1	0	1	0	0	0	0	0	0	0	0	0	0	0	0	4422691	
426	1	A	9	N	2500	0	40	20	27	2	1	0	0	0	0	0	0	0	0	0	0	0	0	0	4430319	
427	1	A	9	N	2500	0	40	27	49	3	1	0	0	0	0	0	0	0	0	0	0	0	0	0	4430631	
428	1	A	9	N	2500	0	40	373	1243	67	28	25	0	0	0	0	0	0	0	0	0	0	0	0	4431006	
429	1	A	9	N	2500	0	40	41	74	3	3	4	0	0	0	0	0	0	0	0	0	0	0	0	4431130	
430	1	A	9	N	2500	0	40	545	1770	95	45	36	0	0	0	0	0	0	0	0	0	0	0	0	4431177	
431	1	A	9	N	2500	0	40	344	1140	68	28	19	0	0	0	0	0	0	0	0	0	0	0	0	4431302	
432	1	A	9	N	2500	0	40	27	58	3	3	4	0	0	0	0	0	0	0	0	0	0	0	0	4431333	
433	1	A	9	N	2500	0	40	277	682	31	15	13	0	0	0	0	0	0	0	0	0	0	0	0	4431583	
434	1	A	9	N	2500	0	40	290	647	24	14	11	0	0	0	0	0	0	0	0	0	0	0	0	4431676	
435	1	A	9	N	2500	0	40	25	40	2	1	1	0	0	0	0	0	0	0	0	0	0	0	0	4431754	
436	1	A	9	N	2500	0	40	451	866	44	23	20	0	0	0	0	0	0	0	0	0	0	0	0	4431879	
437	1	A	9	N	2500	0	40	475	1536	86	34	30	0	0	0	0	0	0	0	0	0	0	0	0	4432300	
438	1	A	9	N	2500	0	40	327	991	48	23	18	0	0	0	0	0	0	0	0	0	0	0	0	4432363	
439	1	A	9	N	2500	0	40	25	48	4	3	3	0	0	0	0	0	0	0	0	0	0	0	0	4432441	
440	1	A	9	N	2500	0	40	381	1301	80	31	23	0	0	0	0	0	0	0	0	0	0	0	0	4432612	
441	1	A	9	N	2500	0	40	309	969	56	22	18	0	0	0	0	0	0	0	0	0	0	0	0	4432644	
442	1	A	9	N	2500	0	40	21	25	1	0	1	0	0	0	0	0	0	0	0	0	0	0	0	4432644	
443	1	A	9	N	2500	0	40	20	20	0	0	0	0	0	0	0	0	0	0	0	0	0	0	0	4432644	
444	1	A	9	N	2500	0	40	423	1160	47	24	19	0	0	0	0	0	0	0	0	0	0	0	0	4432737	
445	1	A	9	N	2500	0	40	375	1030	69	23	15	0	0	0	0	0	0	0	0	0	0	0	0	4432846	
446	1	A	9	N	2500	0	40	273	685	25	12	13	0	0	0	0	0	0	0	0	0	0	0	0	4432846	
447	1	A	9	N	2500	0	40	327	1007	52	24	20	0	0	0	0	0	0	0	0	0	0	0	0	4432878	
448	1	A	9	N	2500	0	40	751	2195	123	48	37	0	0	0	0	0	0	0	0	0	0	0	0	4433080	
449	1	A	9	N	2500	0	40	268	694	30	15	11	0	0	0	0	0	0	0	0	0	0	0	0	4433455	
450	1	A	9	N	2500	0	40	316	965	44	21	17	0	0	0	0	0	0	0	0	0	0	0	0	4433767	
451	1	A	9	N	2500	0	40	303	887	44	19	14	0	0	0	0	0	0	0	0	0	0	0	0	4434126	
452	1	A	9	N	2500	0	40	390	1321	74	29	23	0	0	0	0	0	0	0	0	0	0	0	0	4434453	
453	1	A	9	N	2500	0	40	281	772	34	16	13	0	0	0	0	0	0	0	0	0	0	0	0	4434547	
454	1	A	9	N	2500	0	40	296	795	40	17	15	0	0	0	0	0	0	0	0	0	0	0	0	4434562	
455	1	A	9	N	2500	0	40	359	984	55	21	18	0	0	0	0	0	0	0	0	0	0	0	0	4434625	
456	1	A	9	N	2500	0	40	23	27	1	0	0	0	0	0	0	0	0	0	0	0	0	0	0	4434952	
457	1	A	9	N	2500	0	40	27	44	3	2	2	0	0	0	0	0	0	0	0	0	0	0	0	4435030	
458	1	A	9	N	2500	0	40	337	1110	57	24	20	0	0	0	0	0	0	0	0	0	0	0	0	4435514	
459	1	A	9	N	2500	0	40	547	1552	106	47	35	0	0	0	0	0	0	0	0	0	0	0	0	4435701	
460	1	A	9	N	2500	0	40	347	1117	61	26	18	0	0	0	0	0	0	0	0	0	0	0	0	4435732	
461	1	A	9	N	2500	0	40	27	54	8	8	7	0	0	0	0	0	0	0	0	0	0	0	0	4435904	
462	1	A	9	N	2500	0	40	387	1088	58	24	21	0	0	0	0	0	0	0	0	0	0	0	0	4435935	
463	1	A	9	N	2500	0	40	590	1767	83	36	29	0	0	0	0	0	0	0	0	0	0	0	0	4436044	
464	1	A	9	N	2500	0	40	321	940	42	23	19	0	0	0	0	0	0	0	0	0	0	0	0	4436122	
465	1	A	9	N	2500	0	40	298	865	40	19	18	0	0	0	0	0	0	0	0	0	0	0	0	4436200	
466	1	A	9	N	2500	0	40	30	47	1	1	1	0	0	0	0	0	0	0	0	0	0	0	0	4436263	
467	1	A	9	N	2500	0	40	91	202	20	5	3	0	0	0	0	0	0	0	0	0	0	0	0	4436481	
468	1	A	9	N	2500	0	40	425	1119	51	23	20	0	0	0	0	0	0	0	0	0	0	0	0	4436637	
469	1	A	9	N	2500	0	40	542	1766	101	39	25	0	0	0	0	0	0	0	0	0	0	0	0	4436684	
470	1	A	9	N	2500	0	40	26	30	2	1	1	0	0	0	0	0	0	0	0	0	0	0	0	4436856	
471	1	A	9	N	2500	0	40	328	1106	65	22	19	0	0	0	0	0	0	0	0	0	0	0	0	4436887	
472	1	A	9	N	2500	0	40	318	1048	57	24	18	0	0	0	0	0	0	0	0	0	0	0	0	4436965	
473	1	A	9	N	2500	0	40	359	1212	97	35	26	0	0	0	0	0	0	0	0	0	0	0	0	4437199	
474	1	A	9	N	2500	0	40	305	897	48	21	16	0	0	0	0	0	0	0	0	0	0	0	0	4437230	
475	1	A	10	N	2500	0	40	294	910	52	19	17	0	0	0	0	0	0	0	0	0	0	0	0	4444843	
476	1	A	10	N	2500	0	40	352	1080	64	24	20	0	0	0	0	0	0	0	0	0	0	0	0	4444968	
477	1	A	10	N	2500	0	40	32	41	3	1	0	0	0	0	0	0	0	0	0	0	0	0	0	4445405	
478	1	A	10	N	2500	0	40	26	38	5	1	1	0	0	0	0	0	0	0	0	0	0	0	0	4445405	
479	1	A	10	N	2500	0	40	25	40	2	1	1	0	0	0	0	0	0	0	0	0	0	0	0	4446013	
480	1	A	10	N	2500	0	40	329	956	58	22	16	0	0	0	0	0	0	0	0	0	0	0	0	4446278	
481	1	A	10	N	2500	0	40	51	104	11	4	2	0	0	0	0	0	0	0	0	0	0	0	0	4446465	
482	1	A	10	N	2500	0	40	380	837	55	19	16	0	0	0	0	0	0	0	0	0	0	0	0	4446637	
483	1	A	10	N	2500	0	40	345	1036	53	25	19	0	0	0	0	0	0	0	0	0	0	0	0	4446902	
484	1	A	10	N	2500	0	40	312	853	44	18	15	0	0	0	0	0	0	0	0	0	0	0	0	4447058	
485	1	A	10	N	2500	0	40	423	1257	84	35	27	0	0	0	0	0	0	0	0	0	0	0	0	4447105	
486	1	A	10	N	2500	0	40	471	1430	94	42	32	0	0	0	0	0	0	0	0	0	0	0	0	4447152	
487	1	A	10	N	2500	0	40	295	819	42	17	15	0	0	0	0	0	0	0	0	0	0	0	0	4447292	
488	1	A	10	N	2500	0	40	382	1142	70	29	24	0	0	0	0	0	0	0	0	0	0	0	0	4447355	
489	1	A	10	N	2500	0	40	42	48	2	4	4	0	0	0	0	0	0	0	0	0	0	0	0	4447401	
490	1	A	10	N	2500	0	40	331	1122	57	29	22	0	0	0	0	0	0	0	0	0	0	0	0	4447604	
491	1	A	10	N	2500	0	40	393	1396	81	32	26	0	0	0	0	0	0	0	0	0	0	0	0	4447838	
492	1	A	10	N	2500	0	40	424	1451	86	32	24	0	0	0	0	0	0	0	0	0	0	0	0	4447885	
493	1	A	10	N	2500	0	40	47	123	16	2	2	0	0	0	0	0	0	0	0	0	0	0	0	4448135	
494	1	A	10	N	2500	0	40	516	1533	62	32	29	0	0	0	0	0	0	0	0	0	0	0	0	4448478	
495	1	A	10	N	2500	0	40	333	1033	55	22	16	0	0	0	0	0	0	0	0	0	0	0	0	4448774	
496	1	A	10	N	2500	0	40	400	1091	75	25	20	0	0	0	0	0	0	0	0	0	0	0	0	4448805	
497	1	A	10	N	2500	0	40	45	59	4	1	1	0	0	0	0	0	0	0	0	0	0	0	0	4448961	
498	1	A	10	N	2500	0	40	56	100	5	0	1	0	0	0	0	0	0	0	0	0	0	0	0	4448977	
499	1	A	10	N	2500	0	40	315	1000	58	22	20	0	0	0	0	0	0	0	0	0	0	0	0	4449492	
500	1	A	10	N	2500	0	40	30	55	5	1	1	0	0	0	0	0	0	0	0	0	0	0	0	4449507	
501	1	A	10	N	2500	0	40	305	970	61	20	14	0	0	0	0	0	0	0	0	0	0	0	0	4449788	
502	1	A	10	N	2500	0	40	313	894	40	18	15	0	0	0	0	0	0	0	0	0	0	0	0	4449819	
503	1	A	10	N	2500	0	40	295	852	42	17	16	0	0	0	0	0	0	0	0	0	0	0	0	4449897	
504	1	A	10	N	2500	0	40	469	1461	103	38	30	0	0	0	0	0	0	0	0	0	0	0	0	4450178	
505	1	A	10	N	2500	0	40	289	730	33	13	12	0	0	0	0	0	0	0	0	0	0	0	0	4450443	
506	1	A	10	N	2500	0	40	317	825	46	17	13	0	0	0	0	0	0	0	0	0	0	0	0	4450771	
507	1	A	10	N	2500	0	40	310	859	44	19	15	0	0	0	0	0	0	0	0	0	0	0	0	4450865	
508	1	A	10	N	2500	0	40	26	30	1	1	1	0	0	0	0	0	0	0	0	0	0	0	0	4451083	
509	1	A	10	N	2500	0	40	38	37	2	2	3	0	0	0	0	0	0	0	0	0	0	0	0	4451208	
510	1	A	10	N	2500	0	40	482	1346	102	36	28	0	0	0	0	0	0	0	0	0	0	0	0	4451223	
511	1	A	10	N	2500	0	40	64	188	13	13	16	0	0	0	0	0	0	0	0	0	0	0	0	4451317	
512	1	A	10	N	2500	0	40	26	27	1	0	1	0	0	0	0	0	0	0	0	0	0	0	0	4451333	
513	1	A	10	N	2500	0	40	319	960	46	21	18	0	0	0	0	0	0	0	0	0	0	0	0	4451333	
514	1	A	11	N	2500	0	40	71	85	8	2	2	0	0	0	0	0	0	0	0	0	0	0	0	4459429	
515	1	A	11	N	2500	0	40	353	1260	67	29	22	0	0	0	0	0	0	0	0	0	0	0	0	4459491	
516	1	A	11	N	2500	0	40	358	1146	63	25	18	0	0	0	0	0	0	0	0	0	0	0	0	4459538	
517	1	A	11	N	2500	0	40	25	21	2	0	1	0	0	0	0	0	0	0	0	0	0	0	0	4459725	
518	1	A	11	N	2500	0	40	23	22	2	0	1	0	0	0	0	0	0	0	0	0	0	0	0	4459788	
519	1	A	11	N	2500	0	40	59	191	20	5	5	0	0	0	0	0	0	0	0	0	0	0	0	4459850	
520	1	A	11	N	2500	0	40	32	36	3	0	0	0	0	0	0	0	0	0	0	0	0	0	0	4459944	
521	1	A	11	N	2500	0	40	42	45	3	1	2	0	0	0	0	0	0	0	0	0	0	0	0	4460022	
522	1	A	11	N	2500	0	40	27	41	3	0	0	0	0	0	0	0	0	0	0	0	0	0	0	4460069	
523	1	A	11	N	2500	0	40	49	42	3	1	1	0	0	0	0	0	0	0	0	0	0	0	0	4460100	
524	1	A	11	N	2500	0	40	381	1072	59	21	15	0	0	0	0	0	0	0	0	0	0	0	0	4460193	
525	1	A	11	N	2500	0	40	72	109	14	3	2	0	0	0	0	0	0	0	0	0	0	0	0	4460209	
526	1	A	11	N	2500	0	40	32	40	4	1	1	0	0	0	0	0	0	0	0	0	0	0	0	4460256	
527	1	A	11	N	2500	0	40	32	37	2	0	0	0	0	0	0	0	0	0	0	0	0	0	0	4460303	
528	1	A	11	N	2500	0	40	286	679	30	14	13	0	0	0	0	0	0	0	0	0	0	0	0	4460412	
529	1	A	11	N	2500	0	40	25	36	3	0	0	0	0	0	0	0	0	0	0	0	0	0	0	4460474	
530	1	A	11	N	2500	0	40	62	82	8	3	1	0	0	0	0	0	0	0	0	0	0	0	0	4460880	
531	1	A	11	N	2500	0	40	80	154	18	7	3	0	0	0	0	0	0	0	0	0	0	0	0	4461254	
532	1	A	11	N	2500	0	40	62	137	17	3	0	0	0	0	0	0	0	0	0	0	0	0	0	4461332	
533	1	A	11	N	2500	0	40	38	41	3	1	0	0	0	0	0	0	0	0	0	0	0	0	0	4461535	
534	1	A	11	N	2500	0	40	456	1476	83	30	21	0	0	0	0	0	0	0	0	0	0	0	0	4461597	
535	1	A	11	N	2500	0	40	414	1024	74	23	18	0	0	0	0	0	0	0	0	0	0	0	0	4461613	
536	1	A	11	N	2500	0	40	39	54	2	2	2	0	0	0	0	0	0	0	0	0	0	0	0	4461785	
537	1	A	11	N	2500	0	40	54	114	13	3	2	0	0	0	0	0	0	0	0	0	0	0	0	4461878	
538	1	A	11	N	2500	0	40	279	653	25	13	12	0	0	0	0	0	0	0	0	0	0	0	0	4462112	
539	1	A	11	N	2500	0	40	23	35	2	0	0	0	0	0	0	0	0	0	0	0	0	0	0	4462143	
540	1	A	11	N	2500	0	40	25	30	3	1	0	0	0	0	0	0	0	0	0	0	0	0	0	4462253	
541	1	A	11	N	2500	0	40	32	47	4	1	1	0	0	0	0	0	0	0	0	0	0	0	0	4462518	
542	1	A	11	N	2500	0	40	312	901	44	20	11	0	0	0	0	0	0	0	0	0	0	0	0	4462549	
543	1	A	11	N	2500	0	40	41	98	7	8	8	0	0	0	0	0	0	0	0	0	0	0	0	4462705	
544	1	A	11	N	2500	0	40	44	78	6	1	1	0	0	0	0	0	0	0	0	0	0	0	0	4463064	
545	1	A	11	N	2500	0	40	77	176	19	6	4	0	0	0	0	0	0	0	0	0	0	0	0	4463111	
546	1	A	11	N	2500	0	40	92	175	20	6	4	0	0	0	0	0	0	0	0	0	0	0	0	4463111	
547	1	A	11	N	2500	0	40	123	197	23	7	5	0	0	0	0	0	0	0	0	0	0	0	0	4463204	
548	1	A	11	N	2500	0	40	42	42	3	1	0	0	0	0	0	0	0	0	0	0	0	0	0	4463204	
549	1	A	11	N	2500	0	40	36	95	11	8	9	0	0	0	0	0	0	0	0	0	0	0	0	4463220	
550	1	A	11	N	2500	0	40	23	28	2	1	1	0	0	0	0	0	0	0	0	0	0	0	0	4463469	
551	1	A	11	N	2500	0	40	22	33	2	1	1	0	0	0	0	0	0	0	0	0	0	0	0	4463579	
552	1	A	11	N	2500	0	40	392	1241	76	29	20	0	0	0	0	0	0	0	0	0	0	0	0	4463610	
553	1	A	11	N	2500	0	40	22	19	1	0	0	0	0	0	0	0	0	0	0	0	0	0	0	4463891	
554	1	A	11	N	2500	0	40	298	879	45	18	15	0	0	0	0	0	0	0	0	0	0	0	0	4464156	
555	1	A	11	N	2500	0	40	344	1174	69	26	20	0	0	0	0	0	0	0	0	0	0	0	0	4464312	
556	1	A	11	N	2500	0	40	52	229	10	6	5	0	0	0	0	0	0	0	0	0	0	0	0	4464327	
557	1	A	11	N	2500	0	40	304	915	46	17	16	0	0	0	0	0	0	0	0	0	0	0	0	4464374	
558	1	A	11	N	2500	0	40	35	47	6	1	0	0	0	0	0	0	0	0	0	0	0	0	0	4464577	
559	1	A	11	N	2500	0	40	69	239	34	3	2	0	0	0	0	0	0	0	0	0	0	0	0	4464624	
560	1	A	11	N	2500	0	40	288	653	23	12	13	0	0	0	0	0	0	0	0	0	0	0	0	4464733	
561	1	A	11	N	2500	0	40	60	98	3	1	2	0	0	0	0	0	0	0	0	0	0	0	0	4464733	
562	1	A	11	N	2500	0	40	419	1288	107	32	26	0	0	0	0	0	0	0	0	0	0	0	0	4465170	
563	1	A	11	N	2500	0	40	356	1081	53	23	18	0	0	0	0	0	0	0	0	0	0	0	0	4465185	
564	1	A	11	N	2500	0	40	314	1039	54	28	23	0	0	0	0	0	0	0	0	0	0	0	0	4465341	
565	1	A	11	N	2500	0	40	51	167	15	14	15	0	0	0	0	0	0	0	0	0	0	0	0	4465591	
566	1	A	11	N	2500	0	40	36	51	6	4	2	0	0	0	0	0	0	0	0	0	0	0	0	4465887	
567	1	A	11	N	2500	0	40	98	205	20	6	4	0	0	0	0	0	0	0	0	0	0	0	0	4465950	
568	1	A	11	N	2500	0	40	389	1180	58	24	20	0	0	0	0	0	0	0	0	0	0	0	0	4465965	
569	1	A	11	N	2500	0	40	54	240	31	3	4	0	0	0	0	0	0	0	0	0	0	0	0	4466059	
570	1	A	11	N	2500	0	40	33	35	3	1	1	0	0	0	0	0	0	0	0	0	0	0	0	4466199	
571	1	A	11	N	2500	0	40	355	982	72	23	19	0	0	0	0	0	0	0	0	0	0	0	0	4466340	
572	1	A	11	N	2500	0	40	26	29	1	0	0	0	0	0	0	0	0	0	0	0	0	0	0	4466402	
573	1	A	11	N	2500	0	40	20	19	2	0	0	0	0	0	0	0	0	0	0	0	0	0	0	4466418	
574	1	A	11	N	2500	0	40	235	539	19	10	11	0	0	0	0	0	0	0	0	0	0	0	0	4466433	
575	1	A	11	N	2500	0	40	23	30	2	2	1	0	0	0	0	0	0	0	0	0	0	0	0	4466621	
576	1	A	11	N	2500	0	40	28	46	2	2	3	0	0	0	0	0	0	0	0	0	0	0	0	4466621	
577	1	A	12	N	2500	0	40	65	174	33	2	2	0	0	0	0	0	0	0	0	0	0	0	0	4474218	
578	1	A	12	N	2500	0	40	20	26	1	1	1	0	0	0	0	0	0	0	0	0	0	0	0	4474327	
579	1	A	12	N	2500	0	40	41	46	6	0	0	0	0	0	0	0	0	0	0	0	0	0	0	4474623	
580	1	A	12	N	2500	0	40	535	1732	80	30	29	0	0	0	0	0	0	0	0	0	0	0	0	4474967	
581	1	A	12	N	2500	0	40	64	91	10	2	1	0	0	0	0	0	0	0	0	0	0	0	0	4475216	
582	1	A	12	N	2500	0	40	35	74	8	1	1	0	0	0	0	0	0	0	0	0	0	0	0	4475325	
583	1	A	12	N	2500	0	40	64	78	6	2	1	0	0	0	0	0	0	0	0	0	0	0	0	4475481	
584	1	A	12	N	2500	0	40	20	22	2	0	0	0	0	0	0	0	0	0	0	0	0	0	0	4476059	
585	1	A	12	N	2500	0	40	44	51	4	2	1	0	0	0	0	0	0	0	0	0	0	0	0	4476168	
586	1	A	12	N	2500	0	40	35	61	9	0	1	0	0	0	0	0	0	0	0	0	0	0	0	4476573	
587	1	A	12	N	2500	0	40	47	103	9	3	1	0	0	0	0	0	0	0	0	0	0	0	0	4476667	
588	1	A	12	N	2500	0	40	76	342	27	3	1	0	0	0	0	0	0	0	0	0	0	0	0	4477665	
589	1	A	12	N	2500	0	40	86	118	12	3	2	0	0	0	0	0	0	0	0	0	0	0	0	4479771	
590	1	A	12	N	2500	0	40	243	609	18	8	8	0	0	0	0	0	0	0	0	0	0	0	0	4480770	
591	1	B	1	N	2500	0	40	414	1098	97	38	30	0	0	0	0	0	0	0	0	0	0	0	0	4490598	
592	1	B	1	N	2500	0	40	432	1298	74	29	23	0	0	0	0	0	0	0	0	0	0	0	0	4490894	
593	1	B	1	N	2500	0	40	384	882	33	16	13	0	0	0	0	0	0	0	0	0	0	0	0	4491097	
594	1	B	1	N	2500	0	40	141	192	14	4	4	0	0	0	0	0	0	0	0	0	0	0	0	4491206	
595	1	B	1	N	2500	0	40	326	894	51	19	16	0	0	0	0	0	0	0	0	0	0	0	0	4491206	
596	1	B	1	N	2500	0	40	433	1303	83	29	22	0	0	0	0	0	0	0	0	0	0	0	0	4491315	
597	1	B	1	N	2500	0	40	37	79	6	7	6	0	0	0	0	0	0	0	0	0	0	0	0	4491347	
598	1	B	1	N	2500	0	40	332	793	27	14	12	0	0	0	0	0	0	0	0	0	0	0	0	4491534	
599	1	B	1	N	2500	0	40	50	54	5	2	1	0	0	0	0	0	0	0	0	0	0	0	0	4491768	
600	1	B	1	N	2500	0	40	25	27	1	0	0	0	0	0	0	0	0	0	0	0	0	0	0	4491799	
601	1	B	1	N	2500	0	40	511	1492	74	30	27	0	0	0	0	0	0	0	0	0	0	0	0	4491830	
602	1	B	1	N	2500	0	40	638	1583	141	33	30	0	0	0	0	0	0	0	0	0	0	0	0	4492236	
603	1	B	1	N	2500	0	40	407	1224	61	23	21	0	0	0	0	0	0	0	0	0	0	0	0	4492283	
604	1	B	1	N	2500	0	40	86	228	16	1	2	0	0	0	0	0	0	0	0	0	0	0	0	4492345	
605	1	B	1	N	2500	0	40	442	1650	95	43	34	0	0	0	0	0	0	0	0	0	0	0	0	4492517	
606	1	B	1	N	2500	0	40	350	307	6	4	7	0	0	0	0	0	0	0	0	0	0	0	0	4492517	
607	1	B	1	N	2500	0	40	26	20	0	0	0	0	0	0	0	0	0	0	0	0	0	0	0	4492517	
608	1	B	1	N	2500	0	40	24	42	6	5	4	0	0	0	0	0	0	0	0	0	0	0	0	4492610	
609	1	B	1	N	2500	0	40	723	2045	103	41	35	0	0	0	0	0	0	0	0	0	0	0	0	4492688	
610	1	B	1	N	2500	0	40	20	26	1	1	1	0	0	0	0	0	0	0	0	0	0	0	0	4493141	
611	1	B	1	N	2500	0	40	483	1130	59	18	14	0	0	0	0	0	0	0	0	0	0	0	0	4493219	
612	1	B	1	N	2500	0	40	21	19	1	0	1	0	0	0	0	0	0	0	0	0	0	0	0	4493281	
613	1	B	1	N	2500	0	40	295	1086	100	35	26	0	0	0	0	0	0	0	0	0	0	0	0	4493359	
614	1	B	1	N	2500	0	40	426	1285	67	29	20	0	0	0	0	0	0	0	0	0	0	0	0	4493577	
615	1	B	1	N	2500	0	40	20	15	0	0	0	0	0	0	0	0	0	0	0	0	0	0	0	4493718	
616	1	B	1	N	2500	0	40	789	2496	121	45	34	0	0	0	0	0	0	0	0	0	0	0	0	4493718	
617	1	B	1	N	2500	0	40	412	1129	54	23	16	0	0	0	0	0	0	0	0	0	0	0	0	4493796	
618	1	B	1	N	2500	0	40	421	1243	72	26	20	0	0	0	0	0	0	0	0	0	0	0	0	4493936	
619	1	B	1	N	2500	0	40	425	1311	72	28	24	0	0	0	0	0	0	0	0	0	0	0	0	4494155	
620	1	B	1	N	2500	0	40	399	1091	53	20	17	0	0	0	0	0	0	0	0	0	0	0	0	4494373	
621	1	B	1	N	2500	0	40	364	1368	103	38	27	0	0	0	0	0	0	0	0	0	0	0	0	4494404	
622	1	B	1	N	2500	0	40	448	1374	69	31	23	0	0	0	0	0	0	0	0	0	0	0	0	4494498	
623	1	B	1	N	2500	0	40	415	1275	72	27	21	0	0	0	0	0	0	0	0	0	0	0	0	4494591	
624	1	B	1	N	2500	0	40	22	29	0	1	1	0	0	0	0	0	0	0	0	0	0	0	0	4494794	
625	1	B	1	N	2500	0	40	71	99	8	3	3	0	0	0	0	0	0	0	0	0	0	0	0	4494825	
626	1	B	1	N	2500	0	40	381	889	34	17	16	0	0	0	0	0	0	0	0	0	0	0	0	4494935	
627	1	B	1	N	2500	0	40	434	1251	64	23	20	0	0	0	0	0	0	0	0	0	0	0	0	4494935	
628	1	B	1	N	2500	0	40	28	70	3	0	0	0	0	0	0	0	0	0	0	0	0	0	0	4494966	
629	1	B	1	N	2500	0	40	361	1326	74	31	24	0	0	0	0	0	0	0	0	0	0	0	0	4495153	
630	1	B	1	N	2500	0	40	261	235	4	5	4	0	0	0	0	0	0	0	0	0	0	0	0	4495153	
631	1	B	1	N	2500	0	40	489	1358	77	26	21	0	0	0	0	0	0	0	0	0	0	0	0	4495449	
632	1	B	1	N	2500	0	40	568	1482	119	40	32	0	0	0	0	0	0	0	0	0	0	0	0	4495652	
633	1	B	1	N	2500	0	40	327	1234	72	32	25	0	0	0	0	0	0	0	0	0	0	0	0	4495761	
634	1	B	1	N	2500	0	40	36	52	5	1	1	0	0	0	0	0	0	0	0	0	0	0	0	4495980	
635	1	B	2	N	2500	0	40	32	30	3	1	1	0	0	0	0	0	0	0	0	0	0	0	0	4504778	
636	1	B	2	N	2500	0	40	49	57	5	1	1	0	0	0	0	0	0	0	0	0	0	0	0	4504934	
637	1	B	2	N	2500	0	40	445	1372	78	29	22	0	0	0	0	0	0	0	0	0	0	0	0	4504981	
638	1	B	2	N	2500	0	40	383	1411	91	30	23	0	0	0	0	0	0	0	0	0	0	0	0	4504997	
639	1	B	2	N	2500	0	40	273	525	15	8	7	0	0	0	0	0	0	0	0	0	0	0	0	4505511	
640	1	B	2	N	2500	0	40	423	1343	89	28	25	0	0	0	0	0	0	0	0	0	0	0	0	4505901	
641	1	B	2	N	2500	0	40	42	43	2	2	1	0	0	0	0	0	0	0	0	0	0	0	0	4505948	
642	1	B	2	N	2500	0	40	35	28	5	4	3	0	0	0	0	0	0	0	0	0	0	0	0	4505948	
643	1	B	2	N	2500	0	40	732	2159	99	46	37	0	0	0	0	0	0	0	0	0	0	0	0	4506494	
644	1	B	2	N	2500	0	40	442	1212	71	24	18	0	0	0	0	0	0	0	0	0	0	0	0	4506510	
645	1	B	2	N	2500	0	40	311	1405	103	39	27	0	0	0	0	0	0	0	0	0	0	0	0	4506681	
646	1	B	2	N	2500	0	40	40	64	7	2	1	0	0	0	0	0	0	0	0	0	0	0	0	4506915	
647	1	B	2	N	2500	0	40	334	1353	76	28	21	0	0	0	0	0	0	0	0	0	0	0	0	4506931	
648	1	B	2	N	2500	0	40	507	1619	90	36	27	0	0	0	0	0	0	0	0	0	0	0	0	4507071	
649	1	B	2	N	2500	0	40	38	42	2	3	5	0	0	0	0	0	0	0	0	0	0	0	0	4507227	
650	1	B	2	N	2500	0	40	423	1219	54	26	19	0	0	0	0	0	0	0	0	0	0	0	0	4507305	
651	1	B	2	N	2500	0	40	29	24	0	0	0	0	0	0	0	0	0	0	0	0	0	0	0	4507305	
652	1	B	2	N	2500	0	40	322	1356	90	35	28	0	0	0	0	0	0	0	0	0	0	0	0	4508085	
653	1	B	2	N	2500	0	40	471	1348	81	28	22	0	0	0	0	0	0	0	0	0	0	0	0	4508163	
654	1	B	2	N	2500	0	40	353	1462	94	42	31	0	0	0	0	0	0	0	0	0	0	0	0	4508163	
655	1	B	2	N	2500	0	40	460	1437	80	29	23	0	0	0	0	0	0	0	0	0	0	0	0	4508288	
656	1	B	2	N	2500	0	40	69	94	2	1	1	0	0	0	0	0	0	0	0	0	0	0	0	4508319	
657	1	B	2	N	2500	0	40	456	1254	73	25	20	0	0	0	0	0	0	0	0	0	0	0	0	4508429	
658	1	B	2	N	2500	0	40	42	90	9	8	5	0	0	0	0	0	0	0	0	0	0	0	0	4508522	
659	1	B	2	N	2500	0	40	411	1298	76	28	24	0	0	0	0	0	0	0	0	0	0	0	0	4508522	
660	1	B	2	N	2500	0	40	58	69	6	2	1	0	0	0	0	0	0	0	0	0	0	0	0	4508663	
661	1	B	2	N	2500	0	40	83	172	14	4	3	0	0	0	0	0	0	0	0	0	0	0	0	4508663	
662	1	B	2	N	2500	0	40	44	55	5	0	0	0	0	0	0	0	0	0	0	0	0	0	0	4508694	
663	1	B	2	N	2500	0	40	30	55	6	6	5	0	0	0	0	0	0	0	0	0	0	0	0	4508787	
664	1	B	2	N	2500	0	40	358	842	29	14	14	0	0	0	0	0	0	0	0	0	0	0	0	4508787	
665	1	B	2	N	2500	0	40	772	1934	109	53	36	0	0	0	0	0	0	0	0	0	0	0	0	4508803	
666	1	B	2	N	2500	0	40	284	1666	119	44	35	0	0	0	0	0	0	0	0	0	0	0	0	4508819	
667	1	B	2	N	2500	0	40	648	2109	166	51	42	0	0	0	0	0	0	0	0	0	0	0	0	4508834	
668	1	B	2	N	2500	0	40	522	1540	75	37	25	0	0	0	0	0	0	0	0	0	0	0	0	4509053	
669	1	B	2	N	2500	0	40	458	1188	51	26	19	0	0	0	0	0	0	0	0	0	0	0	0	4509177	
670	1	B	2	N	2500	0	40	434	1112	58	21	21	0	0	0	0	0	0	0	0	0	0	0	0	4509271	
671	1	B	2	N	2500	0	40	796	1909	120	50	40	0	0	0	0	0	0	0	0	0	0	0	0	4509365	
672	1	B	2	N	2500	0	40	495	1539	95	35	26	0	0	0	0	0	0	0	0	0	0	0	0	4509489	
673	1	B	2	N	2500	0	40	494	1518	92	32	22	0	0	0	0	0	0	0	0	0	0	0	0	4509521	
674	1	B	2	N	2500	0	40	24	52	5	6	5	0	0	0	0	0	0	0	0	0	0	0	0	4509599	
675	1	B	2	N	2500	0	40	423	1238	65	24	21	0	0	0	0	0	0	0	0	0	0	0	0	4509645	
676	1	B	2	N	2500	0	40	766	2059	163	41	35	0	0	0	0	0	0	0	0	0	0	0	0	4509692	
677	1	B	2	N	2500	0	40	411	1162	59	24	18	0	0	0	0	0	0	0	0	0	0	0	0	4510191	
678	1	B	2	N	2500	0	40	402	1070	52	21	18	0	0	0	0	0	0	0	0	0	0	0	0	4510254	
679	1	B	2	N	2500	0	40	288	1440	92	37	30	0	0	0	0	0	0	0	0	0	0	0	0	4510301	
680	1	B	2	N	2500	0	40	432	1421	82	30	25	0	0	0	0	0	0	0	0	0	0	0	0	4510441	
681	1	B	2	N	2500	0	40	467	1410	79	29	21	0	0	0	0	0	0	0	0	0	0	0	0	4510472	
682	1	B	2	N	2500	0	40	474	1364	83	29	25	0	0	0	0	0	0	0	0	0	0	0	0	4510488	
683	1	B	2	N	2500	0	40	587	1834	108	37	28	0	0	0	0	0	0	0	0	0	0	0	0	4510519	
684	1	B	2	N	2500	0	40	424	1318	76	26	22	0	0	0	0	0	0	0	0	0	0	0	0	4510519	
685	1	B	2	N	2500	0	40	411	1665	99	34	27	0	0	0	0	0	0	0	0	0	0	0	0	4510597	
686	1	B	2	N	2500	0	40	755	1748	93	42	32	0	0	0	0	0	0	0	0	0	0	0	0	4510628	
687	1	B	2	N	2500	0	40	489	1405	86	33	23	0	0	0	0	0	0	0	0	0	0	0	0	4510675	
688	1	B	2	N	2500	0	40	441	1371	73	30	25	0	0	0	0	0	0	0	0	0	0	0	0	4510893	
689	1	B	2	N	2500	0	40	401	1066	57	21	18	0	0	0	0	0	0	0	0	0	0	0	0	4510909	
690	1	B	2	N	2500	0	40	507	1185	46	18	14	0	0	0	0	0	0	0	0	0	0	0	0	4510909	
691	1	B	2	N	2500	0	40	75	123	2	1	1	0	0	0	0	0	0	0	0	0	0	0	0	4510925	
692	1	B	2	N	2500	0	40	531	1094	73	22	18	0	0	0	0	0	0	0	0	0	0	0	0	4511159	
693	1	B	2	N	2500	0	40	22	18	3	3	2	0	0	0	0	0	0	0	0	0	0	0	0	4511190	
694	1	B	2	N	2500	0	40	62	74	5	7	5	0	0	0	0	0	0	0	0	0	0	0	0	4511190	
695	1	B	2	N	2500	0	40	26	40	2	2	2	0	0	0	0	0	0	0	0	0	0	0	0	4511424	
696	1	B	2	N	2500	0	40	384	1064	52	20	19	0	0	0	0	0	0	0	0	0	0	0	0	4511439	
697	1	B	2	N	2500	0	40	78	101	1	0	0	0	0	0	0	0	0	0	0	0	0	0	0	4511549	
698	1	B	2	N	2500	0	40	45	74	6	6	9	0	0	0	0	0	0	0	0	0	0	0	0	4511611	
699	1	B	2	N	2500	0	40	35	94	10	3	2	0	0	0	0	0	0	0	0	0	0	0	0	4511798	
700	1	B	2	N	2500	0	40	253	1070	60	27	22	0	0	0	0	0	0	0	0	0	0	0	0	4511845	
701	1	B	2	N	2500	0	40	420	1162	62	22	18	0	0	0	0	0	0	0	0	0	0	0	0	4511907	
702	1	B	2	N	2500	0	40	28	51	3	3	2	0	0	0	0	0	0	0	0	0	0	0	0	4512282	
703	1	B	3	N	2500	0	40	557	1435	90	30	28	0	0	0	0	0	0	0	0	0	0	0	0	4519770	
704	1	B	3	N	2500	0	40	481	1323	75	26	23	0	0	0	0	0	0	0	0	0	0	0	0	4520378	
705	1	B	3	N	2500	0	40	29	44	1	0	0	0	0	0	0	0	0	0	0	0	0	0	0	4520659	
706	1	B	3	N	2500	0	40	82	306	57	6	4	0	0	0	0	0	0	0	0	0	0	0	0	4520690	
707	1	B	3	N	2500	0	40	65	133	13	2	2	0	0	0	0	0	0	0	0	0	0	0	0	4520815	
708	1	B	3	N	2500	0	40	420	1340	78	27	19	0	0	0	0	0	0	0	0	0	0	0	0	4520955	
709	1	B	3	N	2500	0	40	716	1664	86	32	30	0	0	0	0	0	0	0	0	0	0	0	0	4520971	
710	1	B	3	N	2500	0	40	490	1473	91	32	28	0	0	0	0	0	0	0	0	0	0	0	0	4521065	
711	1	B	3	N	2500	0	40	302	618	21	11	10	0	0	0	0	0	0	0	0	0	0	0	0	4521579	
712	1	B	3	N	2500	0	40	418	1224	75	27	24	0	0	0	0	0	0	0	0	0	0	0	0	4521720	
713	1	B	3	N	2500	0	40	356	1407	79	35	25	0	0	0	0	0	0	0	0	0	0	0	0	4521767	
714	1	B	3	N	2500	0	40	426	1250	75	26	17	0	0	0	0	0	0	0	0	0	0	0	0	4521860	
715	1	B	3	N	2500	0	40	45	124	19	1	1	0	0	0	0	0	0	0	0	0	0	0	0	4522406	
716	1	B	3	N	2500	0	40	103	134	17	16	12	0	0	0	0	0	0	0	0	0	0	0	0	4522469	
717	1	B	3	N	2500	0	40	450	1258	67	27	22	0	0	0	0	0	0	0	0	0	0	0	0	4522562	
718	1	B	3	N	2500	0	40	339	765	26	13	14	0	0	0	0	0	0	0	0	0	0	0	0	4522703	
719	1	B	3	N	2500	0	40	21	23	0	0	0	0	0	0	0	0	0	0	0	0	0	0	0	4522796	
720	1	B	3	N	2500	0	40	22	32	2	2	2	0	0	0	0	0	0	0	0	0	0	0	0	4523139	
721	1	B	3	N	2500	0	40	603	1913	109	39	31	0	0	0	0	0	0	0	0	0	0	0	0	4523264	
722	1	B	3	N	2500	0	40	260	1155	68	28	20	0	0	0	0	0	0	0	0	0	0	0	0	4523311	
723	1	B	3	N	2500	0	40	291	596	25	11	8	0	0	0	0	0	0	0	0	0	0	0	0	4523717	
724	1	B	3	N	2500	0	40	394	1097	54	21	18	0	0	0	0	0	0	0	0	0	0	0	0	4523748	
725	1	B	3	N	2500	0	40	419	1305	77	26	18	0	0	0	0	0	0	0	0	0	0	0	0	4523951	
726	1	B	3	N	2500	0	40	669	1709	155	35	28	0	0	0	0	0	0	0	0	0	0	0	0	4524029	
727	1	B	3	N	2500	0	40	396	981	46	18	14	0	0	0	0	0	0	0	0	0	0	0	0	4524091	
728	1	B	3	N	2500	0	40	25	42	1	0	0	0	0	0	0	0	0	0	0	0	0	0	0	4524107	
729	1	B	3	N	2500	0	40	751	2088	104	42	34	0	0	0	0	0	0	0	0	0	0	0	0	4524294	
730	1	B	3	N	2500	0	40	24	27	1	0	0	0	0	0	0	0	0	0	0	0	0	0	0	4524419	
731	1	B	3	N	2500	0	40	22	32	2	1	1	0	0	0	0	0	0	0	0	0	0	0	0	4524450	
732	1	B	3	N	2500	0	40	716	1567	134	34	27	0	0	0	0	0	0	0	0	0	0	0	0	4524621	
733	1	B	3	N	2500	0	40	426	1292	69	27	24	0	0	0	0	0	0	0	0	0	0	0	0	4524699	
734	1	B	3	N	2500	0	40	27	52	2	3	3	0	0	0	0	0	0	0	0	0	0	0	0	4524762	
735	1	B	3	N	2500	0	40	413	1281	79	28	21	0	0	0	0	0	0	0	0	0	0	0	0	4524777	
736	1	B	3	N	2500	0	40	686	2073	101	42	37	0	0	0	0	0	0	0	0	0	0	0	0	4524809	
737	1	B	3	N	2500	0	40	32	53	3	2	4	0	0	0	0	0	0	0	0	0	0	0	0	4524980	
738	1	B	3	N	2500	0	40	434	1201	55	21	20	0	0	0	0	0	0	0	0	0	0	0	0	4525027	
739	1	B	3	N	2500	0	40	440	1533	102	33	23	0	0	0	0	0	0	0	0	0	0	0	0	4525058	
740	1	B	3	N	2500	0	40	461	1402	74	30	21	0	0	0	0	0	0	0	0	0	0	0	0	4525323	
741	1	B	3	N	2500	0	40	749	2055	153	45	34	0	0	0	0	0	0	0	0	0	0	0	0	4525386	
742	1	B	3	N	2500	0	40	361	987	44	20	15	0	0	0	0	0	0	0	0	0	0	0	0	4525401	
743	1	B	3	N	2500	0	40	517	1519	77	29	29	0	0	0	0	0	0	0	0	0	0	0	0	4525464	
744	1	B	3	N	2500	0	40	401	1093	57	21	19	0	0	0	0	0	0	0	0	0	0	0	0	4525604	
745	1	B	3	N	2500	0	40	475	1403	84	29	23	0	0	0	0	0	0	0	0	0	0	0	0	4525838	
746	1	B	3	N	2500	0	40	38	59	3	2	1	0	0	0	0	0	0	0	0	0	0	0	0	4525916	
747	1	B	3	N	2500	0	40	459	1407	86	33	27	0	0	0	0	0	0	0	0	0	0	0	0	4525916	
748	1	B	3	N	2500	0	40	20	15	2	2	1	0	0	0	0	0	0	0	0	0	0	0	0	4525947	
749	1	B	3	N	2500	0	40	45	45	2	1	1	0	0	0	0	0	0	0	0	0	0	0	0	4525947	
750	1	B	3	N	2500	0	40	27	50	2	1	1	0	0	0	0	0	0	0	0	0	0	0	0	4526041	
751	1	B	3	N	2500	0	40	445	1307	72	27	21	0	0	0	0	0	0	0	0	0	0	0	0	4526088	
752	1	B	3	N	2500	0	40	45	76	10	1	1	0	0	0	0	0	0	0	0	0	0	0	0	4526150	
753	1	B	3	N	2500	0	40	401	1076	48	21	17	0	0	0	0	0	0	0	0	0	0	0	0	4526244	
754	1	B	3	N	2500	0	40	486	1565	94	38	26	0	0	0	0	0	0	0	0	0	0	0	0	4526369	
755	1	B	3	N	2500	0	40	83	161	18	5	3	0	0	0	0	0	0	0	0	0	0	0	0	4526509	
756	1	B	3	N	2500	0	40	153	339	17	8	10	0	0	0	0	0	0	0	0	0	0	0	0	4526603	
757	1	B	3	N	2500	0	40	389	1094	53	23	16	0	0	0	0	0	0	0	0	0	0	0	0	4526649	
758	1	B	3	N	2500	0	40	450	1376	70	29	21	0	0	0	0	0	0	0	0	0	0	0	0	4526665	
759	1	B	3	N	2500	0	40	704	1663	81	33	29	0	0	0	0	0	0	0	0	0	0	0	0	4526712	
760	1	B	4	N	2500	0	40	35	75	11	1	0	0	0	0	0	0	0	0	0	0	0	0	0	4534231	
761	1	B	4	N	2500	0	40	505	1487	83	33	25	0	0	0	0	0	0	0	0	0	0	0	0	4535183	
762	1	B	4	N	2500	0	40	402	1048	48	19	17	0	0	0	0	0	0	0	0	0	0	0	0	4535385	
763	1	B	4	N	2500	0	40	53	60	5	2	1	0	0	0	0	0	0	0	0	0	0	0	0	4535448	
764	1	B	4	N	2500	0	40	289	1417	96	39	29	0	0	0	0	0	0	0	0	0	0	0	0	4535588	
765	1	B	4	N	2500	0	40	399	1232	66	26	23	0	0	0	0	0	0	0	0	0	0	0	0	4535619	
766	1	B	4	N	2500	0	40	579	1249	145	42	34	0	0	0	0	0	0	0	0	0	0	0	0	4535838	
767	1	B	4	N	2500	0	40	32	34	3	2	4	0	0	0	0	0	0	0	0	0	0	0	0	4535838	
768	1	B	4	N	2500	0	40	587	1829	113	39	30	0	0	0	0	0	0	0	0	0	0	0	0	4535853	
769	1	B	4	N	2500	0	40	54	107	7	1	1	0	0	0	0	0	0	0	0	0	0	0	0	4535885	
770	1	B	4	N	2500	0	40	459	1253	60	26	19	0	0	0	0	0	0	0	0	0	0	0	0	4536103	
771	1	B	4	N	2500	0	40	472	1475	67	37	24	0	0	0	0	0	0	0	0	0	0	0	0	4536571	
772	1	B	4	N	2500	0	40	54	258	30	29	31	0	0	0	0	0	0	0	0	0	0	0	0	4536914	
773	1	B	4	N	2500	0	40	36	71	6	1	0	0	0	0	0	0	0	0	0	0	0	0	0	4537289	
774	1	B	4	N	2500	0	40	414	1247	76	27	20	0	0	0	0	0	0	0	0	0	0	0	0	4537304	
775	1	B	4	N	2500	0	40	418	969	43	16	18	0	0	0	0	0	0	0	0	0	0	0	0	4537398	
776	1	B	4	N	2500	0	40	476	1484	89	30	23	0	0	0	0	0	0	0	0	0	0	0	0	4537429	
777	1	B	4	N	2500	0	40	70	96	8	2	2	0	0	0	0	0	0	0	0	0	0	0	0	4537741	
778	1	B	4	N	2500	0	40	471	1444	92	30	21	0	0	0	0	0	0	0	0	0	0	0	0	4537788	
779	1	B	4	N	2500	0	40	336	1049	69	28	20	0	0	0	0	0	0	0	0	0	0	0	0	4537819	
780	1	B	4	N	2500	0	40	428	1331	75	29	20	0	0	0	0	0	0	0	0	0	0	0	0	4537881	
781	1	B	4	N	2500	0	40	243	565	25	9	8	0	0	0	0	0	0	0	0	0	0	0	0	4537975	
782	1	B	4	N	2500	0	40	423	1184	65	24	20	0	0	0	0	0	0	0	0	0	0	0	0	4537975	
783	1	B	4	N	2500	0	40	24	24	1	0	0	0	0	0	0	0	0	0	0	0	0	0	0	4538271	
784	1	B	4	N	2500	0	40	179	605	52	8	8	0	0	0	0	0	0	0	0	0	0	0	0	4538271	
785	1	B	4	N	2500	0	40	525	1491	76	30	25	0	0	0	0	0	0	0	0	0	0	0	0	4538349	
786	1	B	4	N	2500	0	40	49	40	0	1	1	0	0	0	0	0	0	0	0	0	0	0	0	4538490	
787	1	B	4	N	2500	0	40	872	3004	203	48	44	0	0	0	0	0	0	0	0	0	0	0	0	4538490	
788	1	B	4	N	2500	0	40	702	1776	86	33	28	0	0	0	0	0	0	0	0	0	0	0	0	4538537	
789	1	B	4	N	2500	0	40	441	1199	60	22	20	0	0	0	0	0	0	0	0	0	0	0	0	4538724	
790	1	B	4	N	2500	0	40	402	1435	91	34	27	0	0	0	0	0	0	0	0	0	0	0	0	4538911	
791	1	B	4	N	2500	0	40	468	1446	80	27	22	0	0	0	0	0	0	0	0	0	0	0	0	4539207	
792	1	B	4	N	2500	0	40	421	1165	56	23	19	0	0	0	0	0	0	0	0	0	0	0	0	4539223	
793	1	B	4	N	2500	0	40	515	1499	86	31	26	0	0	0	0	0	0	0	0	0	0	0	0	4539239	
794	1	B	4	N	2500	0	40	514	1627	97	37	27	0	0	0	0	0	0	0	0	0	0	0	0	4539379	
795	1	B	4	N	2500	0	40	432	1338	84	28	24	0	0	0	0	0	0	0	0	0	0	0	0	4539519	
796	1	B	4	N	2500	0	40	391	1497	102	38	30	0	0	0	0	0	0	0	0	0	0	0	0	4539582	
797	1	B	4	N	2500	0	40	557	1694	95	33	25	0	0	0	0	0	0	0	0	0	0	0	0	4539629	
798	1	B	4	N	2500	0	40	388	978	49	18	17	0	0	0	0	0	0	0	0	0	0	0	0	4539753	
799	1	B	4	N	2500	0	40	32	48	1	0	0	0	0	0	0	0	0	0	0	0	0	0	0	4539785	
800	1	B	4	N	2500	0	40	448	1422	78	28	21	0	0	0	0	0	0	0	0	0	0	0	0	4539925	
801	1	B	4	N	2500	0	40	485	1470	74	28	23	0	0	0	0	0	0	0	0	0	0	0	0	4540003	
802	1	B	4	N	2500	0	40	286	1388	107	39	29	0	0	0	0	0	0	0	0	0	0	0	0	4540019	
803	1	B	4	N	2500	0	40	452	1510	84	32	26	0	0	0	0	0	0	0	0	0	0	0	0	4540081	
804	1	B	4	N	2500	0	40	488	1506	79	32	25	0	0	0	0	0	0	0	0	0	0	0	0	4540097	
805	1	B	4	N	2500	0	40	396	1107	57	21	16	0	0	0	0	0	0	0	0	0	0	0	0	4540143	
806	1	B	4	N	2500	0	40	25	42	4	3	2	0	0	0	0	0	0	0	0	0	0	0	0	4540190	
807	1	B	4	N	2500	0	40	22	50	3	3	3	0	0	0	0	0	0	0	0	0	0	0	0	4540237	
808	1	B	4	N	2500	0	40	49	133	5	1	0	0	0	0	0	0	0	0	0	0	0	0	0	4540596	
809	1	B	4	N	2500	0	40	602	1781	104	36	30	0	0	0	0	0	0	0	0	0	0	0	0	4540721	
810	1	B	4	N	2500	0	40	414	1164	57	22	20	0	0	0	0	0	0	0	0	0	0	0	0	4540752	
811	1	B	4	N	2500	0	40	26	52	2	1	1	0	0	0	0	0	0	0	0	0	0	0	0	4541454	
812	1	B	4	N	2500	0	40	120	243	27	5	5	0	0	0	0	0	0	0	0	0	0	0	0	4541610	
813	1	B	5	N	2500	0	40	98	100	2	0	0	0	0	0	0	0	0	0	0	0	0	0	0	4549441	
814	1	B	5	N	2500	0	40	24	33	2	0	0	0	0	0	0	0	0	0	0	0	0	0	0	4549628	
815	1	B	5	N	2500	0	40	494	1800	113	34	26	0	0	0	0	0	0	0	0	0	0	0	0	4552998	
816	1	B	5	N	2500	0	40	433	1404	96	30	20	0	0	0	0	0	0	0	0	0	0	0	0	4554137	
817	1	B	5	N	2500	0	40	392	1062	42	18	15	0	0	0	0	0	0	0	0	0	0	0	0	4554558	
818	1	B	5	N	2500	0	40	427	1402	80	29	25	0	0	0	0	0	0	0	0	0	0	0	0	4554698	
819	1	B	5	N	2500	0	40	358	1474	94	32	23	0	0	0	0	0	0	0	0	0	0	0	0	4554698	
820	1	B	5	N	2500	0	40	77	97	3	1	1	0	0	0	0	0	0	0	0	0	0	0	0	4554729	
821	1	B	5	N	2500	0	40	222	707	35	16	10	0	0	0	0	0	0	0	0	0	0	0	0	4554729	
822	1	B	5	N	2500	0	40	353	1328	38	16	13	0	0	0	0	0	0	0	0	0	0	0	0	4555619	
823	1	B	5	N	2500	0	40	21	23	1	0	0	0	0	0	0	0	0	0	0	0	0	0	0	4556196	
824	1	B	6	N	2500	0	40	27	37	1	1	1	0	0	0	0	0	0	0	0	0	0	0	0	4564448	
825	1	B	6	N	2500	0	40	52	125	8	7	7	0	0	0	0	0	0	0	0	0	0	0	0	4566055	
826	1	B	6	N	2500	0	40	21	29	1	1	1	0	0	0	0	0	0	0	0	0	0	0	0	4567163	
827	1	B	6	N	2500	0	40	45	42	3	1	0	0	0	0	0	0	0	0	0	0	0	0	0	4570174	
828	1	B	7	N	2500	0	40	32	60	3	4	3	0	0	0	0	0	0	0	0	0	0	0	0	4581702	
829	1	B	7	N	2500	0	40	20	17	0	0	0	0	0	0	0	0	0	0	0	0	0	0	0	4582529	
830	1	B	8	N	2500	0	40	26	31	0	0	1	0	0	0	0	0	0	0	0	0	0	0	0	4597786	
831	1	B	8	N	2500	0	40	448	1266	71	25	19	0	0	0	0	0	0	0	0	0	0	0	0	4598659	
832	1	B	9	N	2500	0	40	454	1411	83	29	21	0	0	0	0	0	0	0	0	0	0	0	0	4608035	
833	1	B	9	N	2500	0	40	569	1458	94	41	35	0	0	0	0	0	0	0	0	0	0	0	0	4608581	
834	1	B	9	N	2500	0	40	547	1649	114	41	31	0	0	0	0	0	0	0	0	0	0	0	0	4608659	
835	1	B	9	N	2500	0	40	512	1551	83	33	29	0	0	0	0	0	0	0	0	0	0	0	0	4609033	
836	1	B	9	N	2500	0	40	804	2708	112	48	37	0	0	0	0	0	0	0	0	0	0	0	0	4609220	
837	1	B	9	N	2500	0	40	28	54	3	1	1	0	0	0	0	0	0	0	0	0	0	0	0	4609423	
838	1	B	9	N	2500	0	40	504	1695	96	38	28	0	0	0	0	0	0	0	0	0	0	0	0	4609454	
839	1	B	9	N	2500	0	40	428	1421	89	30	22	0	0	0	0	0	0	0	0	0	0	0	0	4609626	
840	1	B	9	N	2500	0	40	536	1619	81	34	32	0	0	0	0	0	0	0	0	0	0	0	0	4609720	
841	1	B	9	N	2500	0	40	372	910	38	17	15	0	0	0	0	0	0	0	0	0	0	0	0	4609735	
842	1	B	9	N	2500	0	40	754	1898	164	43	35	0	0	0	0	0	0	0	0	0	0	0	0	4609829	
843	1	B	9	N	2500	0	40	348	1451	106	36	31	0	0	0	0	0	0	0	0	0	0	0	0	4610156	
844	1	B	9	N	2500	0	40	328	1350	85	37	28	0	0	0	0	0	0	0	0	0	0	0	0	4610188	
845	1	B	9	N	2500	0	40	765	1934	117	38	34	0	0	0	0	0	0	0	0	0	0	0	0	4610297	
846	1	B	9	N	2500	0	40	531	1495	92	31	23	0	0	0	0	0	0	0	0	0	0	0	0	4610515	
847	1	B	9	N	2500	0	40	20	34	6	5	6	0	0	0	0	0	0	0	0	0	0	0	0	4610515	
848	1	B	9	N	2500	0	40	714	2069	138	36	28	0	0	0	0	0	0	0	0	0	0	0	0	4610952	
849	1	B	9	N	2500	0	40	441	1358	72	28	20	0	0	0	0	0	0	0	0	0	0	0	0	4611170	
850	1	B	9	N	2500	0	40	443	1354	75	30	25	0	0	0	0	0	0	0	0	0	0	0	0	4611748	
851	1	B	9	N	2500	0	40	342	853	36	15	12	0	0	0	0	0	0	0	0	0	0	0	0	4611810	
852	1	B	9	N	2500	0	40	464	1354	77	28	21	0	0	0	0	0	0	0	0	0	0	0	0	4611919	
853	1	B	9	N	2500	0	40	23	19	3	1	1	0	0	0	0	0	0	0	0	0	0	0	0	4612013	
854	1	B	9	N	2500	0	40	511	1774	117	45	37	0	0	0	0	0	0	0	0	0	0	0	0	4612013	
855	1	B	9	N	2500	0	40	457	1465	81	30	22	0	0	0	0	0	0	0	0	0	0	0	0	4612138	
856	1	B	9	N	2500	0	40	314	1303	99	38	30	0	0	0	0	0	0	0	0	0	0	0	0	4612262	
857	1	B	9	N	2500	0	40	440	1319	71	28	20	0	0	0	0	0	0	0	0	0	0	0	0	4612372	
858	1	B	9	N	2500	0	40	669	1851	86	34	26	0	0	0	0	0	0	0	0	0	0	0	0	4612403	
859	1	B	9	N	2500	0	40	428	1216	61	23	21	0	0	0	0	0	0	0	0	0	0	0	0	4612450	
860	1	B	9	N	2500	0	40	400	1075	54	21	16	0	0	0	0	0	0	0	0	0	0	0	0	4612652	
861	1	B	9	N	2500	0	40	525	1263	91	28	20	0	0	0	0	0	0	0	0	0	0	0	0	4612715	
862	1	B	9	N	2500	0	40	602	1476	143	37	31	0	0	0	0	0	0	0	0	0	0	0	0	4612730	
863	1	B	9	N	2500	0	40	414	1074	56	20	18	0	0	0	0	0	0	0	0	0	0	0	0	4612762	
864	1	B	9	N	2500	0	40	405	1093	49	19	15	0	0	0	0	0	0	0	0	0	0	0	0	4612918	
865	1	B	9	N	2500	0	40	646	2014	104	39	35	0	0	0	0	0	0	0	0	0	0	0	0	4612964	
866	1	B	9	N	2500	0	40	745	2369	115	49	40	0	0	0	0	0	0	0	0	0	0	0	0	4612980	
867	1	B	9	N	2500	0	40	440	1433	83	29	19	0	0	0	0	0	0	0	0	0	0	0	0	4612996	
868	1	B	9	N	2500	0	40	438	1401	82	28	22	0	0	0	0	0	0	0	0	0	0	0	0	4613245	
869	1	B	9	N	2500	0	40	578	1374	148	43	29	0	0	0	0	0	0	0	0	0	0	0	0	4613386	
870	1	B	9	N	2500	0	40	319	1429	116	41	30	0	0	0	0	0	0	0	0	0	0	0	0	4613417	
871	1	B	9	N	2500	0	40	23	22	2	2	2	0	0	0	0	0	0	0	0	0	0	0	0	4613464	
872	1	B	9	N	2500	0	40	20	20	1	1	2	0	0	0	0	0	0	0	0	0	0	0	0	4613464	
873	1	B	9	N	2500	0	40	441	1334	86	28	25	0	0	0	0	0	0	0	0	0	0	0	0	4613776	
874	1	B	9	N	2500	0	40	436	1319	69	24	22	0	0	0	0	0	0	0	0	0	0	0	0	4613900	
875	1	B	9	N	2500	0	40	505	1465	95	29	24	0	0	0	0	0	0	0	0	0	0	0	0	4614228	
876	1	B	9	N	2500	0	40	445	1324	65	26	21	0	0	0	0	0	0	0	0	0	0	0	0	4614353	
877	1	B	9	N	2500	0	40	518	1496	71	28	19	0	0	0	0	0	0	0	0	0	0	0	0	4614618	
878	1	B	9	N	2500	0	40	308	1365	83	30	27	0	0	0	0	0	0	0	0	0	0	0	0	4615070	
879	1	B	10	N	2500	0	40	659	1269	94	26	19	0	0	0	0	0	0	0	0	0	0	0	0	4622746	
880	1	B	10	N	2500	0	40	43	40	0	0	0	0	0	0	0	0	0	0	0	0	0	0	0	4624680	
881	1	B	10	N	2500	0	40	21	20	0	0	0	0	0	0	0	0	0	0	0	0	0	0	0	4626224	
882	1	B	10	N	2500	0	40	21	40	2	1	1	0	0	0	0	0	0	0	0	0	0	0	0	4626380	
883	1	B	10	N	2500	0	40	32	28	0	0	0	0	0	0	0	0	0	0	0	0	0	0	0	4626661	
884	1	B	10	N	2500	0	40	22	18	0	0	0	0	0	0	0	0	0	0	0	0	0	0	0	4627036	
885	1	B	10	N	2500	0	40	779	2092	92	35	29	0	0	0	0	0	0	0	0	0	0	0	0	4627223	
886	1	B	10	N	2500	0	40	31	38	2	1	1	0	0	0	0	0	0	0	0	0	0	0	0	4627441	
887	1	B	10	N	2500	0	40	486	1379	92	25	22	0	0	0	0	0	0	0	0	0	0	0	0	4627550	
888	1	B	10	N	2500	0	40	436	1301	73	27	18	0	0	0	0	0	0	0	0	0	0	0	0	4628424	
889	1	B	10	N	2500	0	40	112	207	8	1	1	0	0	0	0	0	0	0	0	0	0	0	0	4628611	
890	1	B	11	N	2500	0	40	25	28	2	0	0	0	0	0	0	0	0	0	0	0	0	0	0	4637581	
891	1	B	11	N	2500	0	40	590	1971	108	41	29	0	0	0	0	0	0	0	0	0	0	0	0	4638517	
892	1	B	11	N	2500	0	40	434	1454	84	32	25	0	0	0	0	0	0	0	0	0	0	0	0	4642464	
