Id	Plate	Row	Column	Clog	Scan rate	Status sort	Status sel	TOF	EXT	Green	Yellow	Red	PH Ext	PW Ext	PC Ext	PH Green	PW Green	PCGreen	PH Yellow	PW Yellow	PCYellow	PH Red	PW Red	PCRed	Time Stamp	
0	1	A	1	N	2500	0	40	563	1572	75	29	24	0	0	0	0	0	0	0	0	0	0	0	0	6803575	
1	1	A	1	N	2500	0	40	20	31	4	4	3	0	0	0	0	0	0	0	0	0	0	0	0	6804027	
2	1	A	1	N	2500	0	40	27	56	4	5	2	0	0	0	0	0	0	0	0	0	0	0	0	6805665	
3	1	A	1	N	2500	0	40	538	955	45	17	15	0	0	0	0	0	0	0	0	0	0	0	0	6805805	
4	1	A	1	N	2500	0	40	23	44	4	3	3	0	0	0	0	0	0	0	0	0	0	0	0	6805837	
5	1	A	1	N	2500	0	40	446	1380	81	29	22	0	0	0	0	0	0	0	0	0	0	0	0	6805946	
6	1	A	1	N	2500	0	40	407	1078	40	23	15	0	0	0	0	0	0	0	0	0	0	0	0	6806039	
7	1	A	1	N	2500	0	40	292	650	26	12	10	0	0	0	0	0	0	0	0	0	0	0	0	6806164	
8	1	A	1	N	2500	0	40	428	1162	66	23	20	0	0	0	0	0	0	0	0	0	0	0	0	6806227	
9	1	A	1	N	2500	0	40	422	1126	52	22	19	0	0	0	0	0	0	0	0	0	0	0	0	6806570	
10	1	A	1	N	2500	0	40	20	15	0	0	0	0	0	0	0	0	0	0	0	0	0	0	0	6806851	
11	1	A	1	N	2500	0	40	472	414	9	8	8	0	0	0	0	0	0	0	0	0	0	0	0	6806851	
12	1	A	1	N	2500	0	40	48	40	1	0	0	0	0	0	0	0	0	0	0	0	0	0	0	6806851	
13	1	A	1	N	2500	0	40	42	34	0	0	0	0	0	0	0	0	0	0	0	0	0	0	0	6806851	
14	1	A	1	N	2500	0	40	27	21	0	0	0	0	0	0	0	0	0	0	0	0	0	0	0	6806851	
15	1	A	1	N	2500	0	40	21	16	0	0	0	0	0	0	0	0	0	0	0	0	0	0	0	6806851	
16	1	A	1	N	2500	0	40	661	2172	151	43	33	0	0	0	0	0	0	0	0	0	0	0	0	6806851	
17	1	A	1	N	2500	0	40	107	287	7	3	4	0	0	0	0	0	0	0	0	0	0	0	0	6806866	
18	1	A	1	N	2500	0	40	356	1445	81	31	26	0	0	0	0	0	0	0	0	0	0	0	0	6807163	
19	1	A	1	N	2500	0	40	81	70	1	1	1	0	0	0	0	0	0	0	0	0	0	0	0	6807209	
20	1	A	1	N	2500	0	40	465	1513	74	32	23	0	0	0	0	0	0	0	0	0	0	0	0	6807209	
21	1	A	1	N	2500	0	40	460	1454	95	30	21	0	0	0	0	0	0	0	0	0	0	0	0	6807350	
22	1	A	1	N	2500	0	40	292	1170	62	24	20	0	0	0	0	0	0	0	0	0	0	0	0	6807584	
23	1	A	1	N	2500	0	40	444	1242	61	24	21	0	0	0	0	0	0	0	0	0	0	0	0	6807755	
24	1	A	1	N	2500	0	40	62	93	11	3	2	0	0	0	0	0	0	0	0	0	0	0	0	6807849	
25	1	A	1	N	2500	0	40	425	1177	58	22	18	0	0	0	0	0	0	0	0	0	0	0	0	6808021	
26	1	A	1	N	2500	0	40	469	1380	71	27	24	0	0	0	0	0	0	0	0	0	0	0	0	6808520	
27	1	A	1	N	2500	0	40	33	88	8	8	10	0	0	0	0	0	0	0	0	0	0	0	0	6808769	
28	1	A	1	N	2500	0	40	477	1482	76	28	22	0	0	0	0	0	0	0	0	0	0	0	0	6809035	
29	1	A	1	N	2500	0	40	480	1411	79	28	23	0	0	0	0	0	0	0	0	0	0	0	0	6809643	
30	1	A	2	N	2500	0	40	591	1671	109	34	27	0	0	0	0	0	0	0	0	0	0	0	0	6817084	
31	1	A	2	N	2500	0	40	291	392	28	27	22	0	0	0	0	0	0	0	0	0	0	0	0	6817084	
32	1	A	2	N	2500	0	40	502	1518	99	38	29	0	0	0	0	0	0	0	0	0	0	0	0	6817162	
33	1	A	2	N	2500	0	40	452	1330	74	27	23	0	0	0	0	0	0	0	0	0	0	0	0	6817599	
34	1	A	2	N	2500	0	40	384	1386	86	33	20	0	0	0	0	0	0	0	0	0	0	0	0	6817817	
35	1	A	2	N	2500	0	40	447	1296	63	26	21	0	0	0	0	0	0	0	0	0	0	0	0	6818613	
36	1	A	2	N	2500	0	40	449	1508	75	33	27	0	0	0	0	0	0	0	0	0	0	0	0	6818753	
37	1	A	2	N	2500	0	40	255	967	50	24	16	0	0	0	0	0	0	0	0	0	0	0	0	6819440	
38	1	A	2	N	2500	0	40	254	1317	80	36	25	0	0	0	0	0	0	0	0	0	0	0	0	6819471	
39	1	A	2	N	2500	0	40	385	814	32	15	12	0	0	0	0	0	0	0	0	0	0	0	0	6819892	
40	1	A	2	N	2500	0	40	478	1521	86	32	22	0	0	0	0	0	0	0	0	0	0	0	0	6820251	
41	1	A	2	N	2500	0	40	404	999	48	18	18	0	0	0	0	0	0	0	0	0	0	0	0	6820423	
42	1	A	2	N	2500	0	40	433	1136	60	21	18	0	0	0	0	0	0	0	0	0	0	0	0	6820469	
43	1	A	2	N	2500	0	40	524	1503	103	34	27	0	0	0	0	0	0	0	0	0	0	0	0	6820641	
44	1	A	2	N	2500	0	40	449	1284	69	27	27	0	0	0	0	0	0	0	0	0	0	0	0	6821093	
45	1	A	2	N	2500	0	40	439	1381	79	29	23	0	0	0	0	0	0	0	0	0	0	0	0	6821639	
46	1	A	2	N	2500	0	40	449	1293	59	26	26	0	0	0	0	0	0	0	0	0	0	0	0	6822435	
47	1	A	2	N	2500	0	40	434	1233	72	23	18	0	0	0	0	0	0	0	0	0	0	0	0	6822560	
48	1	A	2	N	2500	0	40	538	1469	80	38	32	0	0	0	0	0	0	0	0	0	0	0	0	6822622	
49	1	A	2	N	2500	0	40	478	1289	70	25	23	0	0	0	0	0	0	0	0	0	0	0	0	6822669	
50	1	A	2	N	2500	0	40	337	1391	81	33	29	0	0	0	0	0	0	0	0	0	0	0	0	6822763	
51	1	A	2	N	2500	0	40	20	23	1	1	1	0	0	0	0	0	0	0	0	0	0	0	0	6822825	
52	1	A	2	N	2500	0	40	463	1345	75	26	23	0	0	0	0	0	0	0	0	0	0	0	0	6822934	
53	1	A	2	N	2500	0	40	429	1128	53	20	18	0	0	0	0	0	0	0	0	0	0	0	0	6823012	
54	1	A	2	N	2500	0	40	457	1336	71	27	23	0	0	0	0	0	0	0	0	0	0	0	0	6823106	
55	1	A	2	N	2500	0	40	460	1216	64	24	19	0	0	0	0	0	0	0	0	0	0	0	0	6823106	
56	1	A	2	N	2500	0	40	21	26	1	1	1	0	0	0	0	0	0	0	0	0	0	0	0	6823199	
57	1	A	2	N	2500	0	40	622	1656	118	48	35	0	0	0	0	0	0	0	0	0	0	0	0	6823231	
58	1	A	3	N	2500	0	40	510	1393	73	32	24	0	0	0	0	0	0	0	0	0	0	0	0	6832060	
59	1	A	3	N	2500	0	40	499	1467	93	31	21	0	0	0	0	0	0	0	0	0	0	0	0	6832497	
60	1	A	3	N	2500	0	40	474	1215	63	24	18	0	0	0	0	0	0	0	0	0	0	0	0	6832840	
61	1	A	3	N	2500	0	40	356	827	36	15	14	0	0	0	0	0	0	0	0	0	0	0	0	6833277	
62	1	A	3	N	2500	0	40	530	1382	86	28	23	0	0	0	0	0	0	0	0	0	0	0	0	6833355	
63	1	A	3	N	2500	0	40	339	1550	111	41	32	0	0	0	0	0	0	0	0	0	0	0	0	6833683	
64	1	A	3	N	2500	0	40	453	1253	77	25	22	0	0	0	0	0	0	0	0	0	0	0	0	6833698	
65	1	A	3	N	2500	0	40	517	1577	85	34	28	0	0	0	0	0	0	0	0	0	0	0	0	6833917	
66	1	A	3	N	2500	0	40	349	1249	93	36	27	0	0	0	0	0	0	0	0	0	0	0	0	6834073	
67	1	A	3	N	2500	0	40	495	1358	97	29	25	0	0	0	0	0	0	0	0	0	0	0	0	6834416	
68	1	A	3	N	2500	0	40	290	625	24	10	8	0	0	0	0	0	0	0	0	0	0	0	0	6834744	
69	1	A	3	N	2500	0	40	447	1255	70	26	18	0	0	0	0	0	0	0	0	0	0	0	0	6834868	
70	1	A	3	N	2500	0	40	517	1411	85	32	24	0	0	0	0	0	0	0	0	0	0	0	0	6835118	
71	1	A	3	N	2500	0	40	424	1290	70	26	23	0	0	0	0	0	0	0	0	0	0	0	0	6835149	
72	1	A	3	N	2500	0	40	441	1145	61	21	18	0	0	0	0	0	0	0	0	0	0	0	0	6835461	
73	1	A	3	N	2500	0	40	457	1362	73	27	22	0	0	0	0	0	0	0	0	0	0	0	0	6835539	
74	1	A	3	N	2500	0	40	408	1069	48	19	16	0	0	0	0	0	0	0	0	0	0	0	0	6835570	
75	1	A	3	N	2500	0	40	459	1324	71	25	22	0	0	0	0	0	0	0	0	0	0	0	0	6835882	
76	1	A	3	N	2500	0	40	430	1210	61	23	17	0	0	0	0	0	0	0	0	0	0	0	0	6836132	
77	1	A	3	N	2500	0	40	564	1714	95	37	29	0	0	0	0	0	0	0	0	0	0	0	0	6836163	
78	1	A	3	N	2500	0	40	511	1460	71	32	24	0	0	0	0	0	0	0	0	0	0	0	0	6836350	
79	1	A	3	N	2500	0	40	437	1355	76	27	24	0	0	0	0	0	0	0	0	0	0	0	0	6836600	
80	1	A	3	N	2500	0	40	454	1266	65	25	19	0	0	0	0	0	0	0	0	0	0	0	0	6836694	
81	1	A	3	N	2500	0	40	457	1269	56	27	24	0	0	0	0	0	0	0	0	0	0	0	0	6837006	
82	1	A	3	N	2500	0	40	277	1244	91	35	22	0	0	0	0	0	0	0	0	0	0	0	0	6837068	
83	1	A	3	N	2500	0	40	414	1229	69	26	23	0	0	0	0	0	0	0	0	0	0	0	0	6837115	
84	1	A	3	N	2500	0	40	459	1369	73	28	24	0	0	0	0	0	0	0	0	0	0	0	0	6837177	
85	1	A	3	N	2500	0	40	572	1924	109	48	35	0	0	0	0	0	0	0	0	0	0	0	0	6837474	
86	1	A	3	N	2500	0	40	705	2351	130	48	39	0	0	0	0	0	0	0	0	0	0	0	0	6837489	
87	1	A	3	N	2500	0	40	34	77	2	2	1	0	0	0	0	0	0	0	0	0	0	0	0	6837614	
88	1	A	3	N	2500	0	40	519	1455	74	28	22	0	0	0	0	0	0	0	0	0	0	0	0	6838472	
89	1	A	3	N	2500	0	40	32	38	1	1	1	0	0	0	0	0	0	0	0	0	0	0	0	6838690	
90	1	A	4	N	2500	0	40	445	1654	111	36	28	0	0	0	0	0	0	0	0	0	0	0	0	6846412	
91	1	A	4	N	2500	0	40	48	151	16	14	17	0	0	0	0	0	0	0	0	0	0	0	0	6846834	
92	1	A	4	N	2500	0	40	448	1407	79	29	23	0	0	0	0	0	0	0	0	0	0	0	0	6846849	
93	1	A	4	N	2500	0	40	484	1715	100	40	33	0	0	0	0	0	0	0	0	0	0	0	0	6847364	
94	1	A	4	N	2500	0	40	426	1138	64	23	17	0	0	0	0	0	0	0	0	0	0	0	0	6847426	
95	1	A	4	N	2500	0	40	522	1575	108	40	30	0	0	0	0	0	0	0	0	0	0	0	0	6847442	
96	1	A	4	N	2500	0	40	237	1243	85	32	22	0	0	0	0	0	0	0	0	0	0	0	0	6847489	
97	1	A	4	N	2500	0	40	317	1330	77	34	26	0	0	0	0	0	0	0	0	0	0	0	0	6848768	
98	1	A	4	N	2500	0	40	497	1391	96	30	24	0	0	0	0	0	0	0	0	0	0	0	0	6849158	
99	1	A	4	N	2500	0	40	437	1039	58	20	16	0	0	0	0	0	0	0	0	0	0	0	0	6849174	
100	1	A	4	N	2500	0	40	451	1500	98	34	24	0	0	0	0	0	0	0	0	0	0	0	0	6849345	
101	1	A	4	N	2500	0	40	388	1481	84	38	28	0	0	0	0	0	0	0	0	0	0	0	0	6849626	
102	1	A	4	N	2500	0	40	382	1345	72	30	23	0	0	0	0	0	0	0	0	0	0	0	0	6849626	
103	1	A	4	N	2500	0	40	436	1142	53	23	16	0	0	0	0	0	0	0	0	0	0	0	0	6849907	
104	1	A	4	N	2500	0	40	471	1413	73	28	22	0	0	0	0	0	0	0	0	0	0	0	0	6850390	
105	1	A	4	N	2500	0	40	715	2125	142	50	38	0	0	0	0	0	0	0	0	0	0	0	0	6850453	
106	1	A	4	N	2500	0	40	438	1347	78	25	19	0	0	0	0	0	0	0	0	0	0	0	0	6850453	
107	1	A	4	N	2500	0	40	741	1508	108	35	24	0	0	0	0	0	0	0	0	0	0	0	0	6850812	
108	1	A	4	N	2500	0	40	722	2230	124	40	33	0	0	0	0	0	0	0	0	0	0	0	0	6851046	
109	1	A	4	N	2500	0	40	517	1536	85	28	21	0	0	0	0	0	0	0	0	0	0	0	0	6851077	
110	1	A	4	N	2500	0	40	421	1178	66	23	18	0	0	0	0	0	0	0	0	0	0	0	0	6851280	
111	1	A	4	N	2500	0	40	405	1579	92	38	23	0	0	0	0	0	0	0	0	0	0	0	0	6851498	
112	1	A	4	N	2500	0	40	765	2126	107	55	43	0	0	0	0	0	0	0	0	0	0	0	0	6851545	
113	1	A	4	N	2500	0	40	22	48	1	0	1	0	0	0	0	0	0	0	0	0	0	0	0	6851576	
114	1	A	4	N	2500	0	40	468	1421	86	30	24	0	0	0	0	0	0	0	0	0	0	0	0	6851638	
115	1	A	4	N	2500	0	40	444	1461	90	34	24	0	0	0	0	0	0	0	0	0	0	0	0	6851748	
116	1	A	4	N	2500	0	40	495	1352	77	31	24	0	0	0	0	0	0	0	0	0	0	0	0	6851779	
117	1	A	4	N	2500	0	40	742	1888	96	44	33	0	0	0	0	0	0	0	0	0	0	0	0	6851779	
118	1	A	4	N	2500	0	40	371	1373	86	31	22	0	0	0	0	0	0	0	0	0	0	0	0	6851841	
119	1	A	4	N	2500	0	40	615	2183	117	47	38	0	0	0	0	0	0	0	0	0	0	0	0	6851904	
120	1	A	4	N	2500	0	40	437	1041	47	20	17	0	0	0	0	0	0	0	0	0	0	0	0	6851904	
121	1	A	4	N	2500	0	40	861	2255	126	48	30	0	0	0	0	0	0	0	0	0	0	0	0	6852044	
122	1	A	4	N	2500	0	40	356	1479	105	41	33	0	0	0	0	0	0	0	0	0	0	0	0	6852231	
123	1	A	4	N	2500	0	40	718	2051	93	34	35	0	0	0	0	0	0	0	0	0	0	0	0	6852403	
124	1	A	4	N	2500	0	40	31	79	20	21	22	0	0	0	0	0	0	0	0	0	0	0	0	6852403	
125	1	A	4	N	2500	0	40	22	37	9	11	11	0	0	0	0	0	0	0	0	0	0	0	0	6852403	
126	1	A	4	N	2500	0	40	25	44	1	1	0	0	0	0	0	0	0	0	0	0	0	0	0	6852637	
127	1	A	4	N	2500	0	40	30	52	15	17	16	0	0	0	0	0	0	0	0	0	0	0	0	6852730	
128	1	A	4	N	2500	0	40	407	1248	96	40	27	0	0	0	0	0	0	0	0	0	0	0	0	6852777	
129	1	A	4	N	2500	0	40	20	16	0	0	0	0	0	0	0	0	0	0	0	0	0	0	0	6852777	
130	1	A	4	N	2500	0	40	532	1610	98	38	31	0	0	0	0	0	0	0	0	0	0	0	0	6852824	
131	1	A	4	N	2500	0	40	21	42	10	12	13	0	0	0	0	0	0	0	0	0	0	0	0	6852964	
132	1	A	4	N	2500	0	40	39	52	2	1	2	0	0	0	0	0	0	0	0	0	0	0	0	6853464	
133	1	A	4	N	2500	0	40	566	1884	103	39	32	0	0	0	0	0	0	0	0	0	0	0	0	6853744	
134	1	A	4	N	2500	0	40	467	1410	76	30	28	0	0	0	0	0	0	0	0	0	0	0	0	6853854	
135	1	A	5	N	2500	0	40	311	1491	98	35	27	0	0	0	0	0	0	0	0	0	0	0	0	6861154	
136	1	A	5	N	2500	0	40	30	83	7	0	0	0	0	0	0	0	0	0	0	0	0	0	0	6861170	
137	1	A	5	N	2500	0	40	21	35	2	0	0	0	0	0	0	0	0	0	0	0	0	0	0	6861279	
138	1	A	5	N	2500	0	40	38	131	11	0	0	0	0	0	0	0	0	0	0	0	0	0	0	6861966	
139	1	A	5	N	2500	0	40	651	1573	90	39	29	0	0	0	0	0	0	0	0	0	0	0	0	6861997	
140	1	A	5	N	2500	0	40	26	26	2	0	0	0	0	0	0	0	0	0	0	0	0	0	0	6862200	
141	1	A	5	N	2500	0	40	477	1523	82	33	22	0	0	0	0	0	0	0	0	0	0	0	0	6862278	
142	1	A	5	N	2500	0	40	277	562	20	13	14	0	0	0	0	0	0	0	0	0	0	0	0	6862590	
143	1	A	5	N	2500	0	40	392	1595	102	41	33	0	0	0	0	0	0	0	0	0	0	0	0	6862980	
144	1	A	5	N	2500	0	40	478	1444	105	38	30	0	0	0	0	0	0	0	0	0	0	0	0	6863073	
145	1	A	5	N	2500	0	40	475	1541	80	35	25	0	0	0	0	0	0	0	0	0	0	0	0	6863791	
146	1	A	5	N	2500	0	40	243	1123	86	32	24	0	0	0	0	0	0	0	0	0	0	0	0	6863806	
147	1	A	5	N	2500	0	40	460	1383	74	31	24	0	0	0	0	0	0	0	0	0	0	0	0	6863916	
148	1	A	5	N	2500	0	40	311	1532	109	39	28	0	0	0	0	0	0	0	0	0	0	0	0	6864134	
149	1	A	5	N	2500	0	40	428	1148	59	24	21	0	0	0	0	0	0	0	0	0	0	0	0	6864524	
150	1	A	5	N	2500	0	40	382	1373	75	31	22	0	0	0	0	0	0	0	0	0	0	0	0	6864618	
151	1	A	5	N	2500	0	40	387	1703	113	41	33	0	0	0	0	0	0	0	0	0	0	0	0	6864696	
152	1	A	5	N	2500	0	40	267	1064	47	20	15	0	0	0	0	0	0	0	0	0	0	0	0	6864930	
153	1	A	5	N	2500	0	40	554	1592	86	34	28	0	0	0	0	0	0	0	0	0	0	0	0	6865195	
154	1	A	5	N	2500	0	40	37	39	2	3	4	0	0	0	0	0	0	0	0	0	0	0	0	6865756	
155	1	A	5	N	2500	0	40	665	2185	150	50	40	0	0	0	0	0	0	0	0	0	0	0	0	6865928	
156	1	A	5	N	2500	0	40	454	1199	66	24	18	0	0	0	0	0	0	0	0	0	0	0	0	6865944	
157	1	A	5	N	2500	0	40	479	1360	86	26	21	0	0	0	0	0	0	0	0	0	0	0	0	6865975	
158	1	A	5	N	2500	0	40	258	1258	80	29	23	0	0	0	0	0	0	0	0	0	0	0	0	6866380	
159	1	A	5	N	2500	0	40	453	1093	51	18	20	0	0	0	0	0	0	0	0	0	0	0	0	6866458	
160	1	A	5	N	2500	0	40	464	1445	75	28	24	0	0	0	0	0	0	0	0	0	0	0	0	6866770	
161	1	A	5	N	2500	0	40	442	1680	119	42	32	0	0	0	0	0	0	0	0	0	0	0	0	6866864	
162	1	A	5	N	2500	0	40	306	1256	69	30	25	0	0	0	0	0	0	0	0	0	0	0	0	6866973	
163	1	A	5	N	2500	0	40	59	86	3	2	3	0	0	0	0	0	0	0	0	0	0	0	0	6867301	
164	1	A	5	N	2500	0	40	405	1140	61	22	16	0	0	0	0	0	0	0	0	0	0	0	0	6867379	
165	1	A	5	N	2500	0	40	378	1406	82	35	23	0	0	0	0	0	0	0	0	0	0	0	0	6867847	
166	1	A	6	N	2500	0	40	474	1298	68	23	21	0	0	0	0	0	0	0	0	0	0	0	0	6876130	
167	1	A	6	N	2500	0	40	267	910	67	25	18	0	0	0	0	0	0	0	0	0	0	0	0	6876302	
168	1	A	6	N	2500	0	40	29	38	2	1	1	0	0	0	0	0	0	0	0	0	0	0	0	6876411	
169	1	A	6	N	2500	0	40	43	171	16	0	0	0	0	0	0	0	0	0	0	0	0	0	0	6876427	
170	1	A	6	N	2500	0	40	289	1244	88	35	26	0	0	0	0	0	0	0	0	0	0	0	0	6876942	
171	1	A	6	N	2500	0	40	296	1426	94	35	26	0	0	0	0	0	0	0	0	0	0	0	0	6877612	
172	1	A	6	N	2500	0	40	248	1097	62	24	19	0	0	0	0	0	0	0	0	0	0	0	0	6877675	
173	1	A	6	N	2500	0	40	364	1243	73	27	21	0	0	0	0	0	0	0	0	0	0	0	0	6877878	
174	1	A	6	N	2500	0	40	533	1516	88	37	25	0	0	0	0	0	0	0	0	0	0	0	0	6880015	
175	1	A	6	N	2500	0	40	448	1275	64	23	20	0	0	0	0	0	0	0	0	0	0	0	0	6880030	
176	1	A	6	N	2500	0	40	414	984	50	15	15	0	0	0	0	0	0	0	0	0	0	0	0	6880155	
177	1	A	6	N	2500	0	40	432	1261	66	26	21	0	0	0	0	0	0	0	0	0	0	0	0	6880592	
178	1	A	6	N	2500	0	40	646	2147	111	48	36	0	0	0	0	0	0	0	0	0	0	0	0	6881029	
179	1	A	6	N	2500	0	40	722	1863	134	50	38	0	0	0	0	0	0	0	0	0	0	0	0	6881263	
180	1	A	6	N	2500	0	40	59	118	5	4	3	0	0	0	0	0	0	0	0	0	0	0	0	6881419	
181	1	A	6	N	2500	0	40	619	1445	103	45	33	0	0	0	0	0	0	0	0	0	0	0	0	6881544	
182	1	A	6	N	2500	0	40	565	1686	91	42	34	0	0	0	0	0	0	0	0	0	0	0	0	6881902	
183	1	A	6	N	2500	0	40	352	1106	87	32	26	0	0	0	0	0	0	0	0	0	0	0	0	6882012	
184	1	A	6	N	2500	0	40	483	1335	71	25	21	0	0	0	0	0	0	0	0	0	0	0	0	6882043	
185	1	A	6	N	2500	0	40	487	1316	69	25	19	0	0	0	0	0	0	0	0	0	0	0	0	6882214	
186	1	A	6	N	2500	0	40	137	518	58	2	4	0	0	0	0	0	0	0	0	0	0	0	0	6882308	
187	1	A	6	N	2500	0	40	446	1219	64	25	20	0	0	0	0	0	0	0	0	0	0	0	0	6882417	
188	1	A	6	N	2500	0	40	710	2175	94	44	33	0	0	0	0	0	0	0	0	0	0	0	0	6882511	
189	1	A	6	N	2500	0	40	584	1820	90	41	32	0	0	0	0	0	0	0	0	0	0	0	0	6882870	
190	1	A	6	N	2500	0	40	266	1273	94	32	27	0	0	0	0	0	0	0	0	0	0	0	0	6882979	
191	1	A	6	N	2500	0	40	290	1212	67	35	25	0	0	0	0	0	0	0	0	0	0	0	0	6883010	
192	1	A	7	N	2500	0	40	289	1248	70	29	23	0	0	0	0	0	0	0	0	0	0	0	0	6890576	
193	1	A	7	N	2500	0	40	33	86	9	0	0	0	0	0	0	0	0	0	0	0	0	0	0	6892027	
194	1	A	7	N	2500	0	40	531	1539	86	33	28	0	0	0	0	0	0	0	0	0	0	0	0	6892042	
195	1	A	7	N	2500	0	40	446	1356	80	27	24	0	0	0	0	0	0	0	0	0	0	0	0	6892167	
196	1	A	7	N	2500	0	40	701	2362	132	58	42	0	0	0	0	0	0	0	0	0	0	0	0	6892776	
197	1	A	7	N	2500	0	40	441	1224	70	24	22	0	0	0	0	0	0	0	0	0	0	0	0	6893134	
198	1	A	7	N	2500	0	40	39	69	3	2	1	0	0	0	0	0	0	0	0	0	0	0	0	6893259	
199	1	A	7	N	2500	0	40	661	1940	155	45	33	0	0	0	0	0	0	0	0	0	0	0	0	6893446	
200	1	A	7	N	2500	0	40	565	1592	89	33	28	0	0	0	0	0	0	0	0	0	0	0	0	6893587	
201	1	A	7	N	2500	0	40	21	33	3	0	0	0	0	0	0	0	0	0	0	0	0	0	0	6893821	
202	1	A	7	N	2500	0	40	472	1186	68	23	20	0	0	0	0	0	0	0	0	0	0	0	0	6893899	
203	1	A	7	N	2500	0	40	458	1333	76	26	20	0	0	0	0	0	0	0	0	0	0	0	0	6893946	
204	1	A	7	N	2500	0	40	567	1401	70	32	26	0	0	0	0	0	0	0	0	0	0	0	0	6894024	
205	1	A	7	N	2500	0	40	451	1288	71	27	20	0	0	0	0	0	0	0	0	0	0	0	0	6894039	
206	1	A	7	N	2500	0	40	437	1289	68	28	23	0	0	0	0	0	0	0	0	0	0	0	0	6894055	
207	1	A	7	N	2500	0	40	446	1346	73	27	23	0	0	0	0	0	0	0	0	0	0	0	0	6894226	
208	1	A	7	N	2500	0	40	442	1415	80	31	26	0	0	0	0	0	0	0	0	0	0	0	0	6894242	
209	1	A	7	N	2500	0	40	25	38	1	0	1	0	0	0	0	0	0	0	0	0	0	0	0	6894382	
210	1	A	7	N	2500	0	40	452	1421	80	30	21	0	0	0	0	0	0	0	0	0	0	0	0	6894382	
211	1	A	7	N	2500	0	40	489	1377	80	27	23	0	0	0	0	0	0	0	0	0	0	0	0	6894538	
212	1	A	7	N	2500	0	40	453	1337	81	26	21	0	0	0	0	0	0	0	0	0	0	0	0	6894554	
213	1	A	7	N	2500	0	40	429	1211	65	25	22	0	0	0	0	0	0	0	0	0	0	0	0	6894632	
214	1	A	7	N	2500	0	40	28	46	2	1	1	0	0	0	0	0	0	0	0	0	0	0	0	6894866	
215	1	A	7	N	2500	0	40	293	1561	110	43	36	0	0	0	0	0	0	0	0	0	0	0	0	6895006	
216	1	A	7	N	2500	0	40	42	45	2	3	3	0	0	0	0	0	0	0	0	0	0	0	0	6895147	
217	1	A	7	N	2500	0	40	365	742	30	15	13	0	0	0	0	0	0	0	0	0	0	0	0	6895162	
218	1	A	7	N	2500	0	40	362	1343	73	33	23	0	0	0	0	0	0	0	0	0	0	0	0	6895256	
219	1	A	7	N	2500	0	40	454	1406	78	28	22	0	0	0	0	0	0	0	0	0	0	0	0	6895318	
220	1	A	7	N	2500	0	40	527	1229	117	44	33	0	0	0	0	0	0	0	0	0	0	0	0	6895381	
221	1	A	7	N	2500	0	40	625	1785	114	45	34	0	0	0	0	0	0	0	0	0	0	0	0	6895552	
222	1	A	7	N	2500	0	40	417	916	38	18	14	0	0	0	0	0	0	0	0	0	0	0	0	6895662	
223	1	A	7	N	2500	0	40	463	1298	70	27	19	0	0	0	0	0	0	0	0	0	0	0	0	6895693	
224	1	A	7	N	2500	0	40	28	47	12	15	14	0	0	0	0	0	0	0	0	0	0	0	0	6895786	
225	1	A	7	N	2500	0	40	567	1581	132	39	32	0	0	0	0	0	0	0	0	0	0	0	0	6895833	
226	1	A	7	N	2500	0	40	29	56	4	3	3	0	0	0	0	0	0	0	0	0	0	0	0	6895927	
227	1	A	7	N	2500	0	40	122	266	47	3	3	0	0	0	0	0	0	0	0	0	0	0	0	6896020	
228	1	A	7	N	2500	0	40	180	456	80	4	6	0	0	0	0	0	0	0	0	0	0	0	0	6896020	
229	1	A	7	N	2500	0	40	416	1125	54	23	18	0	0	0	0	0	0	0	0	0	0	0	0	6896145	
230	1	A	7	N	2500	0	40	584	1914	113	40	36	0	0	0	0	0	0	0	0	0	0	0	0	6896208	
231	1	A	7	N	2500	0	40	25	46	3	3	3	0	0	0	0	0	0	0	0	0	0	0	0	6896348	
232	1	A	7	N	2500	0	40	401	1572	89	38	26	0	0	0	0	0	0	0	0	0	0	0	0	6896613	
233	1	A	7	N	2500	0	40	514	1517	77	31	25	0	0	0	0	0	0	0	0	0	0	0	0	6896629	
234	1	A	7	N	2500	0	40	418	1303	69	25	21	0	0	0	0	0	0	0	0	0	0	0	0	6896816	
235	1	A	7	N	2500	0	40	412	1093	49	19	16	0	0	0	0	0	0	0	0	0	0	0	0	6896847	
236	1	A	7	N	2500	0	40	24	32	2	2	2	0	0	0	0	0	0	0	0	0	0	0	0	6897081	
237	1	A	7	N	2500	0	40	564	1715	87	33	23	0	0	0	0	0	0	0	0	0	0	0	0	6897346	
238	1	A	7	N	2500	0	40	478	1425	88	30	24	0	0	0	0	0	0	0	0	0	0	0	0	6897409	
239	1	A	8	N	2500	0	40	22	34	1	1	1	0	0	0	0	0	0	0	0	0	0	0	0	6905630	
240	1	A	8	N	2500	0	40	447	1405	91	31	24	0	0	0	0	0	0	0	0	0	0	0	0	6906956	
241	1	A	8	N	2500	0	40	428	1163	61	24	16	0	0	0	0	0	0	0	0	0	0	0	0	6907221	
242	1	A	8	N	2500	0	40	434	1231	63	24	18	0	0	0	0	0	0	0	0	0	0	0	0	6907330	
243	1	A	8	N	2500	0	40	534	1744	104	39	31	0	0	0	0	0	0	0	0	0	0	0	0	6907954	
244	1	A	8	N	2500	0	40	335	1217	78	29	25	0	0	0	0	0	0	0	0	0	0	0	0	6907986	
245	1	A	8	N	2500	0	40	427	1118	55	21	17	0	0	0	0	0	0	0	0	0	0	0	0	6908001	
246	1	A	8	N	2500	0	40	21	24	1	1	2	0	0	0	0	0	0	0	0	0	0	0	0	6908454	
247	1	A	8	N	2500	0	40	493	1445	77	29	25	0	0	0	0	0	0	0	0	0	0	0	0	6908563	
248	1	A	8	N	2500	0	40	443	1179	58	23	17	0	0	0	0	0	0	0	0	0	0	0	0	6908812	
249	1	A	8	N	2500	0	40	684	1398	101	29	25	0	0	0	0	0	0	0	0	0	0	0	0	6909078	
250	1	A	8	N	2500	0	40	446	1312	80	28	22	0	0	0	0	0	0	0	0	0	0	0	0	6909140	
251	1	A	8	N	2500	0	40	34	70	3	3	3	0	0	0	0	0	0	0	0	0	0	0	0	6909202	
252	1	A	8	N	2500	0	40	439	1231	66	25	24	0	0	0	0	0	0	0	0	0	0	0	0	6909280	
253	1	A	8	N	2500	0	40	489	1744	110	43	37	0	0	0	0	0	0	0	0	0	0	0	0	6909374	
254	1	A	8	N	2500	0	40	531	1281	114	47	33	0	0	0	0	0	0	0	0	0	0	0	0	6909561	
255	1	A	8	N	2500	0	40	37	30	0	0	0	0	0	0	0	0	0	0	0	0	0	0	0	6909561	
256	1	A	8	N	2500	0	40	430	1299	73	25	20	0	0	0	0	0	0	0	0	0	0	0	0	6909670	
257	1	A	8	N	2500	0	40	388	1434	89	36	26	0	0	0	0	0	0	0	0	0	0	0	0	6909717	
258	1	A	8	N	2500	0	40	438	1272	69	25	21	0	0	0	0	0	0	0	0	0	0	0	0	6909733	
259	1	A	8	N	2500	0	40	452	1458	79	31	22	0	0	0	0	0	0	0	0	0	0	0	0	6909842	
260	1	A	8	N	2500	0	40	445	1316	81	26	21	0	0	0	0	0	0	0	0	0	0	0	0	6910248	
261	1	A	8	N	2500	0	40	431	1245	62	24	16	0	0	0	0	0	0	0	0	0	0	0	0	6910294	
262	1	A	8	N	2500	0	40	472	1399	82	30	24	0	0	0	0	0	0	0	0	0	0	0	0	6910326	
263	1	A	8	N	2500	0	40	26	42	1	1	1	0	0	0	0	0	0	0	0	0	0	0	0	6910591	
264	1	A	8	N	2500	0	40	445	1427	77	31	21	0	0	0	0	0	0	0	0	0	0	0	0	6910653	
265	1	A	8	N	2500	0	40	502	1191	49	23	20	0	0	0	0	0	0	0	0	0	0	0	0	6910762	
266	1	A	8	N	2500	0	40	499	1550	86	37	26	0	0	0	0	0	0	0	0	0	0	0	0	6910872	
267	1	A	8	N	2500	0	40	345	672	25	12	12	0	0	0	0	0	0	0	0	0	0	0	0	6910981	
268	1	A	8	N	2500	0	40	466	1311	77	28	22	0	0	0	0	0	0	0	0	0	0	0	0	6911012	
269	1	A	8	N	2500	0	40	434	1243	60	23	18	0	0	0	0	0	0	0	0	0	0	0	0	6911090	
270	1	A	8	N	2500	0	40	455	1488	88	32	25	0	0	0	0	0	0	0	0	0	0	0	0	6911371	
271	1	A	8	N	2500	0	40	448	1659	96	38	28	0	0	0	0	0	0	0	0	0	0	0	0	6911574	
272	1	A	8	N	2500	0	40	460	1325	76	27	22	0	0	0	0	0	0	0	0	0	0	0	0	6911948	
273	1	A	8	N	2500	0	40	338	1120	94	35	26	0	0	0	0	0	0	0	0	0	0	0	0	6912026	
274	1	A	8	N	2500	0	40	410	1362	70	30	21	0	0	0	0	0	0	0	0	0	0	0	0	6912447	
275	1	A	9	N	2500	0	40	601	1630	96	34	25	0	0	0	0	0	0	0	0	0	0	0	0	6920590	
276	1	A	9	N	2500	0	40	415	1144	61	22	22	0	0	0	0	0	0	0	0	0	0	0	0	6920653	
277	1	A	9	N	2500	0	40	499	1467	94	31	28	0	0	0	0	0	0	0	0	0	0	0	0	6920934	
278	1	A	9	N	2500	0	40	836	2020	123	45	39	0	0	0	0	0	0	0	0	0	0	0	0	6921090	
279	1	A	9	N	2500	0	40	520	1769	123	46	35	0	0	0	0	0	0	0	0	0	0	0	0	6921760	
280	1	A	9	N	2500	0	40	23	18	0	0	0	0	0	0	0	0	0	0	0	0	0	0	0	6922353	
281	1	A	9	N	2500	0	40	830	2542	118	54	42	0	0	0	0	0	0	0	0	0	0	0	0	6922353	
282	1	A	9	N	2500	0	40	54	101	5	0	0	0	0	0	0	0	0	0	0	0	0	0	0	6922509	
283	1	A	9	N	2500	0	40	526	1408	76	30	26	0	0	0	0	0	0	0	0	0	0	0	0	6922696	
284	1	A	9	N	2500	0	40	30	56	12	13	14	0	0	0	0	0	0	0	0	0	0	0	0	6922977	
285	1	A	9	N	2500	0	40	454	1402	76	27	22	0	0	0	0	0	0	0	0	0	0	0	0	6923040	
286	1	A	9	N	2500	0	40	273	1349	78	33	24	0	0	0	0	0	0	0	0	0	0	0	0	6923352	
287	1	A	9	N	2500	0	40	455	1395	81	29	24	0	0	0	0	0	0	0	0	0	0	0	0	6923476	
288	1	A	9	N	2500	0	40	415	1224	73	25	16	0	0	0	0	0	0	0	0	0	0	0	0	6923586	
289	1	A	9	N	2500	0	40	536	1621	76	37	31	0	0	0	0	0	0	0	0	0	0	0	0	6923586	
290	1	A	9	N	2500	0	40	552	1441	81	33	29	0	0	0	0	0	0	0	0	0	0	0	0	6923726	
291	1	A	9	N	2500	0	40	21	37	5	4	3	0	0	0	0	0	0	0	0	0	0	0	0	6923804	
292	1	A	9	N	2500	0	40	440	1341	81	27	19	0	0	0	0	0	0	0	0	0	0	0	0	6923976	
293	1	A	9	N	2500	0	40	458	1408	82	27	25	0	0	0	0	0	0	0	0	0	0	0	0	6924147	
294	1	A	9	N	2500	0	40	437	1220	65	23	20	0	0	0	0	0	0	0	0	0	0	0	0	6924522	
295	1	A	9	N	2500	0	40	432	1458	79	38	27	0	0	0	0	0	0	0	0	0	0	0	0	6924678	
296	1	A	9	N	2500	0	40	22	40	1	1	0	0	0	0	0	0	0	0	0	0	0	0	0	6924880	
297	1	A	9	N	2500	0	40	353	801	29	16	12	0	0	0	0	0	0	0	0	0	0	0	0	6924912	
298	1	A	9	N	2500	0	40	79	200	12	9	8	0	0	0	0	0	0	0	0	0	0	0	0	6925286	
299	1	A	9	N	2500	0	40	515	1533	92	33	25	0	0	0	0	0	0	0	0	0	0	0	0	6925348	
300	1	A	9	N	2500	0	40	395	1162	68	28	21	0	0	0	0	0	0	0	0	0	0	0	0	6925380	
301	1	A	9	N	2500	0	40	695	2185	121	45	38	0	0	0	0	0	0	0	0	0	0	0	0	6925426	
302	1	A	9	N	2500	0	40	419	1110	56	20	21	0	0	0	0	0	0	0	0	0	0	0	0	6925473	
303	1	A	9	N	2500	0	40	557	1705	98	38	28	0	0	0	0	0	0	0	0	0	0	0	0	6925801	
304	1	A	9	N	2500	0	40	367	1506	101	39	26	0	0	0	0	0	0	0	0	0	0	0	0	6925863	
305	1	A	9	N	2500	0	40	566	1729	91	38	26	0	0	0	0	0	0	0	0	0	0	0	0	6925926	
306	1	A	9	N	2500	0	40	416	767	25	7	9	0	0	0	0	0	0	0	0	0	0	0	0	6926050	
307	1	A	9	N	2500	0	40	524	1584	87	34	28	0	0	0	0	0	0	0	0	0	0	0	0	6926144	
308	1	A	9	N	2500	0	40	551	1721	104	42	33	0	0	0	0	0	0	0	0	0	0	0	0	6926331	
309	1	A	9	N	2500	0	40	460	1354	81	30	24	0	0	0	0	0	0	0	0	0	0	0	0	6926409	
310	1	A	9	N	2500	0	40	37	35	1	1	2	0	0	0	0	0	0	0	0	0	0	0	0	6926487	
311	1	A	9	N	2500	0	40	433	1111	58	23	18	0	0	0	0	0	0	0	0	0	0	0	0	6926550	
312	1	A	9	N	2500	0	40	536	1422	86	31	22	0	0	0	0	0	0	0	0	0	0	0	0	6926799	
313	1	A	9	N	2500	0	40	501	1405	89	32	27	0	0	0	0	0	0	0	0	0	0	0	0	6926815	
314	1	A	9	N	2500	0	40	367	1275	74	34	27	0	0	0	0	0	0	0	0	0	0	0	0	6926815	
315	1	A	9	N	2500	0	40	453	1363	82	27	22	0	0	0	0	0	0	0	0	0	0	0	0	6927096	
316	1	A	9	N	2500	0	40	21	24	4	5	5	0	0	0	0	0	0	0	0	0	0	0	0	6927252	
317	1	A	10	N	2500	0	40	458	1312	85	27	18	0	0	0	0	0	0	0	0	0	0	0	0	6935894	
318	1	A	10	N	2500	0	40	526	1449	69	28	22	0	0	0	0	0	0	0	0	0	0	0	0	6936424	
319	1	A	10	N	2500	0	40	455	1264	70	25	23	0	0	0	0	0	0	0	0	0	0	0	0	6936487	
320	1	A	10	N	2500	0	40	300	1058	54	23	21	0	0	0	0	0	0	0	0	0	0	0	0	6936565	
321	1	A	10	N	2500	0	40	53	60	5	1	2	0	0	0	0	0	0	0	0	0	0	0	0	6936783	
322	1	A	10	N	2500	0	40	443	1315	78	27	23	0	0	0	0	0	0	0	0	0	0	0	0	6937204	
323	1	A	10	N	2500	0	40	234	539	25	12	13	0	0	0	0	0	0	0	0	0	0	0	0	6938218	
324	1	A	10	N	2500	0	40	157	341	46	37	48	0	0	0	0	0	0	0	0	0	0	0	0	6938421	
325	1	A	10	N	2500	0	40	447	1368	79	29	26	0	0	0	0	0	0	0	0	0	0	0	0	6938686	
326	1	A	10	N	2500	0	40	329	1518	111	42	31	0	0	0	0	0	0	0	0	0	0	0	0	6939139	
327	1	A	10	N	2500	0	40	38	30	0	0	0	0	0	0	0	0	0	0	0	0	0	0	0	6939139	
328	1	A	10	N	2500	0	40	451	1367	71	29	23	0	0	0	0	0	0	0	0	0	0	0	0	6939279	
329	1	A	10	N	2500	0	40	295	1242	75	29	25	0	0	0	0	0	0	0	0	0	0	0	0	6939966	
330	1	A	10	N	2500	0	40	24	39	1	1	2	0	0	0	0	0	0	0	0	0	0	0	0	6940075	
331	1	A	10	N	2500	0	40	473	1299	66	26	20	0	0	0	0	0	0	0	0	0	0	0	0	6940137	
332	1	A	10	N	2500	0	40	563	1745	95	38	29	0	0	0	0	0	0	0	0	0	0	0	0	6940746	
333	1	A	10	N	2500	0	40	27	33	2	2	1	0	0	0	0	0	0	0	0	0	0	0	0	6941229	
334	1	A	10	N	2500	0	40	22	27	2	1	1	0	0	0	0	0	0	0	0	0	0	0	0	6941510	
335	1	A	10	N	2500	0	40	21	41	11	14	14	0	0	0	0	0	0	0	0	0	0	0	0	6941682	
336	1	A	10	N	2500	0	40	29	48	0	1	0	0	0	0	0	0	0	0	0	0	0	0	0	6941682	
337	1	A	10	N	2500	0	40	538	1727	104	44	31	0	0	0	0	0	0	0	0	0	0	0	0	6941900	
338	1	A	10	N	2500	0	40	510	1451	91	33	26	0	0	0	0	0	0	0	0	0	0	0	0	6942025	
339	1	A	11	N	2500	0	40	691	1895	104	43	31	0	0	0	0	0	0	0	0	0	0	0	0	6950480	
340	1	A	11	N	2500	0	40	402	1172	60	25	22	0	0	0	0	0	0	0	0	0	0	0	0	6951182	
341	1	A	11	N	2500	0	40	448	1404	82	30	22	0	0	0	0	0	0	0	0	0	0	0	0	6951307	
342	1	A	11	N	2500	0	40	393	1377	88	34	25	0	0	0	0	0	0	0	0	0	0	0	0	6951510	
343	1	A	11	N	2500	0	40	30	67	7	6	5	0	0	0	0	0	0	0	0	0	0	0	0	6951666	
344	1	A	11	N	2500	0	40	458	1408	84	29	23	0	0	0	0	0	0	0	0	0	0	0	0	6951853	
345	1	A	11	N	2500	0	40	412	1110	53	21	18	0	0	0	0	0	0	0	0	0	0	0	0	6952025	
346	1	A	11	N	2500	0	40	433	1244	66	23	20	0	0	0	0	0	0	0	0	0	0	0	0	6952149	
347	1	A	11	N	2500	0	40	438	1242	62	26	21	0	0	0	0	0	0	0	0	0	0	0	0	6952352	
348	1	A	11	N	2500	0	40	573	1738	81	33	29	0	0	0	0	0	0	0	0	0	0	0	0	6952477	
349	1	A	11	N	2500	0	40	25	38	8	9	9	0	0	0	0	0	0	0	0	0	0	0	0	6952508	
350	1	A	11	N	2500	0	40	443	1313	67	26	20	0	0	0	0	0	0	0	0	0	0	0	0	6952586	
351	1	A	11	N	2500	0	40	391	1444	87	34	26	0	0	0	0	0	0	0	0	0	0	0	0	6952976	
352	1	A	11	N	2500	0	40	470	1267	64	28	22	0	0	0	0	0	0	0	0	0	0	0	0	6953351	
353	1	A	11	N	2500	0	40	542	1452	73	35	26	0	0	0	0	0	0	0	0	0	0	0	0	6953538	
354	1	A	11	N	2500	0	40	537	1440	68	29	25	0	0	0	0	0	0	0	0	0	0	0	0	6953663	
355	1	A	11	N	2500	0	40	698	1863	120	40	30	0	0	0	0	0	0	0	0	0	0	0	0	6953725	
356	1	A	11	N	2500	0	40	279	1168	65	26	20	0	0	0	0	0	0	0	0	0	0	0	0	6953741	
357	1	A	11	N	2500	0	40	456	1365	74	27	25	0	0	0	0	0	0	0	0	0	0	0	0	6953756	
358	1	A	11	N	2500	0	40	405	1138	53	22	16	0	0	0	0	0	0	0	0	0	0	0	0	6953803	
359	1	A	11	N	2500	0	40	406	1376	86	38	32	0	0	0	0	0	0	0	0	0	0	0	0	6953928	
360	1	A	11	N	2500	0	40	699	1882	123	46	39	0	0	0	0	0	0	0	0	0	0	0	0	6954084	
361	1	A	11	N	2500	0	40	334	1605	112	43	32	0	0	0	0	0	0	0	0	0	0	0	0	6954302	
362	1	A	11	N	2500	0	40	229	966	56	22	17	0	0	0	0	0	0	0	0	0	0	0	0	6954365	
363	1	A	11	N	2500	0	40	295	1261	79	31	23	0	0	0	0	0	0	0	0	0	0	0	0	6954505	
364	1	A	11	N	2500	0	40	341	731	29	12	10	0	0	0	0	0	0	0	0	0	0	0	0	6954583	
365	1	A	11	N	2500	0	40	28	49	2	1	1	0	0	0	0	0	0	0	0	0	0	0	0	6954692	
366	1	A	11	N	2500	0	40	454	1357	78	27	23	0	0	0	0	0	0	0	0	0	0	0	0	6954786	
367	1	A	11	N	2500	0	40	510	905	44	18	15	0	0	0	0	0	0	0	0	0	0	0	0	6954895	
368	1	A	11	N	2500	0	40	437	1182	56	23	20	0	0	0	0	0	0	0	0	0	0	0	0	6954911	
369	1	A	11	N	2500	0	40	28	46	2	1	1	0	0	0	0	0	0	0	0	0	0	0	0	6954973	
370	1	A	11	N	2500	0	40	401	1315	75	33	25	0	0	0	0	0	0	0	0	0	0	0	0	6954989	
371	1	A	11	N	2500	0	40	345	1362	89	33	27	0	0	0	0	0	0	0	0	0	0	0	0	6955254	
372	1	A	11	N	2500	0	40	471	1275	71	27	18	0	0	0	0	0	0	0	0	0	0	0	0	6955332	
373	1	A	11	N	2500	0	40	304	1418	98	36	28	0	0	0	0	0	0	0	0	0	0	0	0	6955488	
374	1	A	11	N	2500	0	40	464	1463	86	28	23	0	0	0	0	0	0	0	0	0	0	0	0	6955550	
375	1	A	11	N	2500	0	40	44	128	8	4	4	0	0	0	0	0	0	0	0	0	0	0	0	6955925	
376	1	A	11	N	2500	0	40	412	1247	67	27	21	0	0	0	0	0	0	0	0	0	0	0	0	6956705	
377	1	A	12	N	2500	0	40	792	2488	120	48	36	0	0	0	0	0	0	0	0	0	0	0	0	6964177	
378	1	A	12	N	2500	0	40	20	28	5	5	6	0	0	0	0	0	0	0	0	0	0	0	0	6965846	
379	1	A	12	N	2500	0	40	22	40	1	1	1	0	0	0	0	0	0	0	0	0	0	0	0	6967281	
380	1	A	12	N	2500	0	40	567	1659	83	32	27	0	0	0	0	0	0	0	0	0	0	0	0	6969231	
381	1	B	1	N	2500	0	40	59	94	2	1	0	0	0	0	0	0	0	0	0	0	0	0	0	6984847	
382	1	B	2	N	2500	0	40	341	1262	35	16	10	0	0	0	0	0	0	0	0	0	0	0	0	6997374	
383	1	B	3	N	2500	0	40	27	39	1	0	0	0	0	0	0	0	0	0	0	0	0	0	0	7016125	
384	1	B	3	N	2500	0	40	556	1736	114	32	25	0	0	0	0	0	0	0	0	0	0	0	0	7016219	
385	1	B	4	N	2500	0	40	424	1428	74	1	0	0	0	0	0	0	0	0	0	0	0	0	0	7024299	
386	1	B	4	N	2500	0	40	423	1074	58	19	16	0	0	0	0	0	0	0	0	0	0	0	0	7024518	
387	1	B	4	N	2500	0	40	470	1361	75	27	22	0	0	0	0	0	0	0	0	0	0	0	0	7024689	
388	1	B	4	N	2500	0	40	582	1781	93	37	30	0	0	0	0	0	0	0	0	0	0	0	0	7024767	
389	1	B	4	N	2500	0	40	461	1474	93	30	24	0	0	0	0	0	0	0	0	0	0	0	0	7025157	
390	1	B	4	N	2500	0	40	533	1646	93	37	30	0	0	0	0	0	0	0	0	0	0	0	0	7025329	
391	1	B	4	N	2500	0	40	531	1570	79	31	24	0	0	0	0	0	0	0	0	0	0	0	0	7025438	
392	1	B	4	N	2500	0	40	432	1192	58	23	18	0	0	0	0	0	0	0	0	0	0	0	0	7025766	
393	1	B	4	N	2500	0	40	23	38	1	0	1	0	0	0	0	0	0	0	0	0	0	0	0	7025891	
394	1	B	4	N	2500	0	40	427	1076	56	22	20	0	0	0	0	0	0	0	0	0	0	0	0	7026000	
395	1	B	4	N	2500	0	40	25	52	2	1	1	0	0	0	0	0	0	0	0	0	0	0	0	7026015	
396	1	B	4	N	2500	0	40	435	1259	67	24	21	0	0	0	0	0	0	0	0	0	0	0	0	7026405	
397	1	B	4	N	2500	0	40	432	1253	73	28	20	0	0	0	0	0	0	0	0	0	0	0	0	7026546	
398	1	B	4	N	2500	0	40	39	105	4	2	2	0	0	0	0	0	0	0	0	0	0	0	0	7026624	
399	1	B	4	N	2500	0	40	797	2343	107	39	30	0	0	0	0	0	0	0	0	0	0	0	0	7026686	
400	1	B	4	N	2500	0	40	358	1485	107	38	34	0	0	0	0	0	0	0	0	0	0	0	0	7026733	
401	1	B	4	N	2500	0	40	374	941	48	19	15	0	0	0	0	0	0	0	0	0	0	0	0	7026811	
402	1	B	4	N	2500	0	40	28	50	2	1	1	0	0	0	0	0	0	0	0	0	0	0	0	7026873	
403	1	B	4	N	2500	0	40	432	1280	71	24	21	0	0	0	0	0	0	0	0	0	0	0	0	7027232	
404	1	B	4	N	2500	0	40	524	1730	128	38	34	0	0	0	0	0	0	0	0	0	0	0	0	7027326	
405	1	B	4	N	2500	0	40	468	1422	83	27	23	0	0	0	0	0	0	0	0	0	0	0	0	7027497	
406	1	B	4	N	2500	0	40	425	1632	110	39	30	0	0	0	0	0	0	0	0	0	0	0	0	7027513	
407	1	B	4	N	2500	0	40	535	1339	125	38	27	0	0	0	0	0	0	0	0	0	0	0	0	7027529	
408	1	B	4	N	2500	0	40	27	55	2	1	1	0	0	0	0	0	0	0	0	0	0	0	0	7027544	
409	1	B	4	N	2500	0	40	432	1441	89	32	27	0	0	0	0	0	0	0	0	0	0	0	0	7027591	
410	1	B	4	N	2500	0	40	423	1329	80	35	30	0	0	0	0	0	0	0	0	0	0	0	0	7027685	
411	1	B	4	N	2500	0	40	466	1409	84	28	20	0	0	0	0	0	0	0	0	0	0	0	0	7027778	
412	1	B	4	N	2500	0	40	23	27	0	0	0	0	0	0	0	0	0	0	0	0	0	0	0	7027934	
413	1	B	4	N	2500	0	40	58	87	2	2	2	0	0	0	0	0	0	0	0	0	0	0	0	7027934	
414	1	B	4	N	2500	0	40	34	65	6	5	3	0	0	0	0	0	0	0	0	0	0	0	0	7028059	
415	1	B	4	N	2500	0	40	33	61	2	1	1	0	0	0	0	0	0	0	0	0	0	0	0	7028137	
416	1	B	4	N	2500	0	40	398	1403	84	37	30	0	0	0	0	0	0	0	0	0	0	0	0	7028137	
417	1	B	4	N	2500	0	40	392	908	36	16	13	0	0	0	0	0	0	0	0	0	0	0	0	7028168	
418	1	B	4	N	2500	0	40	806	2129	120	53	37	0	0	0	0	0	0	0	0	0	0	0	0	7028199	
419	1	B	4	N	2500	0	40	30	45	1	1	1	0	0	0	0	0	0	0	0	0	0	0	0	7028231	
420	1	B	4	N	2500	0	40	437	1450	91	33	27	0	0	0	0	0	0	0	0	0	0	0	0	7028355	
421	1	B	4	N	2500	0	40	452	1581	80	37	31	0	0	0	0	0	0	0	0	0	0	0	0	7028355	
422	1	B	4	N	2500	0	40	457	1359	71	29	20	0	0	0	0	0	0	0	0	0	0	0	0	7028527	
423	1	B	4	N	2500	0	40	298	1104	58	26	18	0	0	0	0	0	0	0	0	0	0	0	0	7028558	
424	1	B	4	N	2500	0	40	456	1345	70	28	20	0	0	0	0	0	0	0	0	0	0	0	0	7028574	
425	1	B	4	N	2500	0	40	51	107	3	2	2	0	0	0	0	0	0	0	0	0	0	0	0	7028699	
426	1	B	4	N	2500	0	40	35	30	0	0	1	0	0	0	0	0	0	0	0	0	0	0	0	7028714	
427	1	B	4	N	2500	0	40	547	1765	119	40	25	0	0	0	0	0	0	0	0	0	0	0	0	7028714	
428	1	B	4	N	2500	0	40	314	1323	96	33	23	0	0	0	0	0	0	0	0	0	0	0	0	7028933	
429	1	B	4	N	2500	0	40	245	1174	67	26	19	0	0	0	0	0	0	0	0	0	0	0	0	7028964	
430	1	B	4	N	2500	0	40	491	1467	82	33	26	0	0	0	0	0	0	0	0	0	0	0	0	7029182	
431	1	B	4	N	2500	0	40	684	1891	120	51	40	0	0	0	0	0	0	0	0	0	0	0	0	7029213	
432	1	B	4	N	2500	0	40	607	2168	121	46	37	0	0	0	0	0	0	0	0	0	0	0	0	7029447	
433	1	B	4	N	2500	0	40	463	1432	90	30	26	0	0	0	0	0	0	0	0	0	0	0	0	7029447	
434	1	B	4	N	2500	0	40	450	1484	88	29	24	0	0	0	0	0	0	0	0	0	0	0	0	7029619	
435	1	B	4	N	2500	0	40	27	47	1	0	0	0	0	0	0	0	0	0	0	0	0	0	0	7029666	
436	1	B	4	N	2500	0	40	443	1279	72	27	23	0	0	0	0	0	0	0	0	0	0	0	0	7029666	
437	1	B	4	N	2500	0	40	525	1748	126	41	30	0	0	0	0	0	0	0	0	0	0	0	0	7029681	
438	1	B	4	N	2500	0	40	21	32	1	0	1	0	0	0	0	0	0	0	0	0	0	0	0	7029697	
439	1	B	4	N	2500	0	40	41	94	4	2	3	0	0	0	0	0	0	0	0	0	0	0	0	7029853	
440	1	B	4	N	2500	0	40	389	1469	89	35	23	0	0	0	0	0	0	0	0	0	0	0	0	7029884	
441	1	B	4	N	2500	0	40	23	29	1	0	0	0	0	0	0	0	0	0	0	0	0	0	0	7029931	
442	1	B	4	N	2500	0	40	412	1642	109	43	31	0	0	0	0	0	0	0	0	0	0	0	0	7030087	
443	1	B	4	N	2500	0	40	33	70	3	2	2	0	0	0	0	0	0	0	0	0	0	0	0	7030103	
444	1	B	4	N	2500	0	40	635	2366	118	48	33	0	0	0	0	0	0	0	0	0	0	0	0	7030274	
445	1	B	4	N	2500	0	40	439	1350	78	28	26	0	0	0	0	0	0	0	0	0	0	0	0	7030290	
446	1	B	4	N	2500	0	40	889	2525	128	51	42	0	0	0	0	0	0	0	0	0	0	0	0	7030461	
447	1	B	4	N	2500	0	40	27	42	1	1	0	0	0	0	0	0	0	0	0	0	0	0	0	7030586	
448	1	B	4	N	2500	0	40	432	1185	61	22	18	0	0	0	0	0	0	0	0	0	0	0	0	7030664	
449	1	B	4	N	2500	0	40	610	2187	133	51	39	0	0	0	0	0	0	0	0	0	0	0	0	7030820	
450	1	B	4	N	2500	0	40	434	1314	70	27	20	0	0	0	0	0	0	0	0	0	0	0	0	7030836	
451	1	B	4	N	2500	0	40	44	43	3	3	4	0	0	0	0	0	0	0	0	0	0	0	0	7030898	
452	1	B	4	N	2500	0	40	552	1763	110	37	31	0	0	0	0	0	0	0	0	0	0	0	0	7031039	
453	1	B	4	N	2500	0	40	556	1935	111	43	33	0	0	0	0	0	0	0	0	0	0	0	0	7031085	
454	1	B	4	N	2500	0	40	32	67	2	2	1	0	0	0	0	0	0	0	0	0	0	0	0	7031117	
455	1	B	4	N	2500	0	40	23	36	1	0	1	0	0	0	0	0	0	0	0	0	0	0	0	7031117	
456	1	B	4	N	2500	0	40	32	50	4	4	2	0	0	0	0	0	0	0	0	0	0	0	0	7031351	
457	1	B	4	N	2500	0	40	26	50	3	3	1	0	0	0	0	0	0	0	0	0	0	0	0	7031366	
458	1	B	5	N	2500	0	40	296	1387	94	31	27	0	0	0	0	0	0	0	0	0	0	0	0	7039197	
459	1	B	5	N	2500	0	40	24	42	10	9	8	0	0	0	0	0	0	0	0	0	0	0	0	7039447	
460	1	B	5	N	2500	0	40	525	1536	86	30	23	0	0	0	0	0	0	0	0	0	0	0	0	7039712	
461	1	B	5	N	2500	0	40	499	1526	107	34	32	0	0	0	0	0	0	0	0	0	0	0	0	7040243	
462	1	B	5	N	2500	0	40	28	49	3	3	1	0	0	0	0	0	0	0	0	0	0	0	0	7040274	
463	1	B	5	N	2500	0	40	24	22	1	0	0	0	0	0	0	0	0	0	0	0	0	0	0	7040539	
464	1	B	5	N	2500	0	40	465	1559	102	36	29	0	0	0	0	0	0	0	0	0	0	0	0	7040820	
465	1	B	5	N	2500	0	40	426	1366	79	29	22	0	0	0	0	0	0	0	0	0	0	0	0	7040820	
466	1	B	5	N	2500	0	40	421	1587	105	43	31	0	0	0	0	0	0	0	0	0	0	0	0	7040976	
467	1	B	5	N	2500	0	40	441	1363	78	27	26	0	0	0	0	0	0	0	0	0	0	0	0	7041147	
468	1	B	5	N	2500	0	40	429	1324	86	30	23	0	0	0	0	0	0	0	0	0	0	0	0	7041491	
469	1	B	5	N	2500	0	40	571	1542	113	33	26	0	0	0	0	0	0	0	0	0	0	0	0	7041943	
470	1	B	5	N	2500	0	40	421	1768	132	50	34	0	0	0	0	0	0	0	0	0	0	0	0	7042037	
471	1	B	5	N	2500	0	40	23	31	1	0	0	0	0	0	0	0	0	0	0	0	0	0	0	7042083	
472	1	B	5	N	2500	0	40	315	702	26	12	12	0	0	0	0	0	0	0	0	0	0	0	0	7042099	
473	1	B	5	N	2500	0	40	22	25	1	0	0	0	0	0	0	0	0	0	0	0	0	0	0	7042193	
474	1	B	5	N	2500	0	40	583	1795	97	38	33	0	0	0	0	0	0	0	0	0	0	0	0	7042208	
475	1	B	5	N	2500	0	40	432	1173	53	23	18	0	0	0	0	0	0	0	0	0	0	0	0	7042458	
476	1	B	5	N	2500	0	40	22	17	0	0	0	0	0	0	0	0	0	0	0	0	0	0	0	7042458	
477	1	B	5	N	2500	0	40	855	2184	186	49	38	0	0	0	0	0	0	0	0	0	0	0	0	7042458	
478	1	B	5	N	2500	0	40	461	1377	78	29	25	0	0	0	0	0	0	0	0	0	0	0	0	7042520	
479	1	B	5	N	2500	0	40	28	58	3	3	2	0	0	0	0	0	0	0	0	0	0	0	0	7042551	
480	1	B	5	N	2500	0	40	423	1479	103	39	30	0	0	0	0	0	0	0	0	0	0	0	0	7042598	
481	1	B	5	N	2500	0	40	21	22	0	0	1	0	0	0	0	0	0	0	0	0	0	0	0	7042629	
482	1	B	5	N	2500	0	40	23	21	1	0	0	0	0	0	0	0	0	0	0	0	0	0	0	7042817	
483	1	B	5	N	2500	0	40	467	1563	106	34	28	0	0	0	0	0	0	0	0	0	0	0	0	7042973	
484	1	B	5	N	2500	0	40	635	1713	135	41	32	0	0	0	0	0	0	0	0	0	0	0	0	7043004	
485	1	B	5	N	2500	0	40	100	135	4	3	2	0	0	0	0	0	0	0	0	0	0	0	0	7043082	
486	1	B	5	N	2500	0	40	480	1465	79	28	22	0	0	0	0	0	0	0	0	0	0	0	0	7043175	
487	1	B	5	N	2500	0	40	457	1326	70	26	21	0	0	0	0	0	0	0	0	0	0	0	0	7043269	
488	1	B	5	N	2500	0	40	27	48	5	6	5	0	0	0	0	0	0	0	0	0	0	0	0	7043285	
489	1	B	5	N	2500	0	40	766	2213	98	34	29	0	0	0	0	0	0	0	0	0	0	0	0	7043409	
490	1	B	5	N	2500	0	40	28	53	4	3	4	0	0	0	0	0	0	0	0	0	0	0	0	7043628	
491	1	B	5	N	2500	0	40	22	20	1	1	1	0	0	0	0	0	0	0	0	0	0	0	0	7043721	
492	1	B	5	N	2500	0	40	486	1667	96	36	25	0	0	0	0	0	0	0	0	0	0	0	0	7043721	
493	1	B	5	N	2500	0	40	412	1206	63	23	18	0	0	0	0	0	0	0	0	0	0	0	0	7043784	
494	1	B	5	N	2500	0	40	407	1063	45	18	14	0	0	0	0	0	0	0	0	0	0	0	0	7043815	
495	1	B	5	N	2500	0	40	448	1454	89	30	27	0	0	0	0	0	0	0	0	0	0	0	0	7043846	
496	1	B	5	N	2500	0	40	49	99	9	1	1	0	0	0	0	0	0	0	0	0	0	0	0	7043924	
497	1	B	5	N	2500	0	40	559	1704	93	36	30	0	0	0	0	0	0	0	0	0	0	0	0	7043987	
498	1	B	5	N	2500	0	40	26	35	1	1	1	0	0	0	0	0	0	0	0	0	0	0	0	7044033	
499	1	B	5	N	2500	0	40	618	2060	127	50	32	0	0	0	0	0	0	0	0	0	0	0	0	7044033	
500	1	B	5	N	2500	0	40	300	1483	99	36	27	0	0	0	0	0	0	0	0	0	0	0	0	7044080	
501	1	B	5	N	2500	0	40	508	1319	120	36	27	0	0	0	0	0	0	0	0	0	0	0	0	7044080	
502	1	B	5	N	2500	0	40	23	29	0	0	0	0	0	0	0	0	0	0	0	0	0	0	0	7044111	
503	1	B	5	N	2500	0	40	419	1203	57	24	21	0	0	0	0	0	0	0	0	0	0	0	0	7044143	
504	1	B	5	N	2500	0	40	465	1479	90	29	23	0	0	0	0	0	0	0	0	0	0	0	0	7044345	
505	1	B	5	N	2500	0	40	348	1605	106	43	32	0	0	0	0	0	0	0	0	0	0	0	0	7044377	
506	1	B	5	N	2500	0	40	26	32	2	0	0	0	0	0	0	0	0	0	0	0	0	0	0	7044470	
507	1	B	5	N	2500	0	40	558	1698	91	38	30	0	0	0	0	0	0	0	0	0	0	0	0	7044548	
508	1	B	5	N	2500	0	40	717	2325	133	46	38	0	0	0	0	0	0	0	0	0	0	0	0	7044579	
509	1	B	5	N	2500	0	40	952	2827	91	38	38	0	0	0	0	0	0	0	0	0	0	0	0	7044751	
510	1	B	5	N	2500	0	40	522	1671	88	32	23	0	0	0	0	0	0	0	0	0	0	0	0	7044767	
511	1	B	5	N	2500	0	40	462	1501	92	34	28	0	0	0	0	0	0	0	0	0	0	0	0	7044767	
512	1	B	5	N	2500	0	40	412	1478	105	43	29	0	0	0	0	0	0	0	0	0	0	0	0	7044813	
513	1	B	5	N	2500	0	40	22	27	2	3	4	0	0	0	0	0	0	0	0	0	0	0	0	7044860	
514	1	B	5	N	2500	0	40	23	22	2	0	0	0	0	0	0	0	0	0	0	0	0	0	0	7044876	
515	1	B	5	N	2500	0	40	754	1979	105	46	33	0	0	0	0	0	0	0	0	0	0	0	0	7044969	
516	1	B	5	N	2500	0	40	39	34	2	1	0	0	0	0	0	0	0	0	0	0	0	0	0	7045001	
517	1	B	5	N	2500	0	40	438	1329	73	28	20	0	0	0	0	0	0	0	0	0	0	0	0	7045079	
518	1	B	5	N	2500	0	40	26	42	4	4	3	0	0	0	0	0	0	0	0	0	0	0	0	7045266	
519	1	B	5	N	2500	0	40	24	29	1	0	0	0	0	0	0	0	0	0	0	0	0	0	0	7045375	
520	1	B	5	N	2500	0	40	423	945	41	18	17	0	0	0	0	0	0	0	0	0	0	0	0	7045500	
521	1	B	5	N	2500	0	40	624	1910	120	40	35	0	0	0	0	0	0	0	0	0	0	0	0	7045547	
522	1	B	5	N	2500	0	40	450	1428	82	30	24	0	0	0	0	0	0	0	0	0	0	0	0	7045547	
523	1	B	5	N	2500	0	40	34	48	1	0	1	0	0	0	0	0	0	0	0	0	0	0	0	7045593	
524	1	B	5	N	2500	0	40	918	2715	141	58	43	0	0	0	0	0	0	0	0	0	0	0	0	7045593	
525	1	B	5	N	2500	0	40	44	66	4	1	1	0	0	0	0	0	0	0	0	0	0	0	0	7045999	
526	1	B	5	N	2500	0	40	28	55	8	7	6	0	0	0	0	0	0	0	0	0	0	0	0	7046186	
527	1	B	5	N	2500	0	40	56	90	4	3	3	0	0	0	0	0	0	0	0	0	0	0	0	7046342	
528	1	B	5	N	2500	0	40	24	30	3	3	4	0	0	0	0	0	0	0	0	0	0	0	0	7046420	
529	1	B	5	N	2500	0	40	523	1719	110	40	29	0	0	0	0	0	0	0	0	0	0	0	0	7046483	
530	1	B	6	N	2500	0	40	27	61	5	0	0	0	0	0	0	0	0	0	0	0	0	0	0	7053861	
531	1	B	6	N	2500	0	40	443	1831	122	47	37	0	0	0	0	0	0	0	0	0	0	0	0	7057169	
532	1	B	6	N	2500	0	40	645	1724	140	35	25	0	0	0	0	0	0	0	0	0	0	0	0	7058495	
533	1	B	6	N	2500	0	40	551	1620	90	32	25	0	0	0	0	0	0	0	0	0	0	0	0	7059228	
534	1	B	6	N	2500	0	40	882	2159	121	41	34	0	0	0	0	0	0	0	0	0	0	0	0	7060944	
535	1	B	7	N	2500	0	40	441	1374	74	26	22	0	0	0	0	0	0	0	0	0	0	0	0	7073486	
536	1	B	7	N	2500	0	40	469	1455	86	31	20	0	0	0	0	0	0	0	0	0	0	0	0	7074875	
537	1	B	8	N	2500	0	40	426	1379	106	35	26	0	0	0	0	0	0	0	0	0	0	0	0	7083455	
538	1	B	8	N	2500	0	40	288	1279	80	29	25	0	0	0	0	0	0	0	0	0	0	0	0	7083985	
539	1	B	8	N	2500	0	40	298	1568	109	41	29	0	0	0	0	0	0	0	0	0	0	0	0	7084110	
540	1	B	8	N	2500	0	40	467	1450	82	31	27	0	0	0	0	0	0	0	0	0	0	0	0	7084204	
541	1	B	8	N	2500	0	40	195	427	12	2	2	0	0	0	0	0	0	0	0	0	0	0	0	7084375	
542	1	B	8	N	2500	0	40	48	63	2	2	3	0	0	0	0	0	0	0	0	0	0	0	0	7084796	
543	1	B	8	N	2500	0	40	480	1496	83	32	22	0	0	0	0	0	0	0	0	0	0	0	0	7084999	
544	1	B	8	N	2500	0	40	23	27	1	1	1	0	0	0	0	0	0	0	0	0	0	0	0	7085015	
545	1	B	8	N	2500	0	40	922	2653	217	53	38	0	0	0	0	0	0	0	0	0	0	0	0	7085046	
546	1	B	8	N	2500	0	40	323	1602	112	42	32	0	0	0	0	0	0	0	0	0	0	0	0	7085374	
547	1	B	8	N	2500	0	40	413	1056	46	20	17	0	0	0	0	0	0	0	0	0	0	0	0	7085514	
548	1	B	8	N	2500	0	40	649	2242	135	50	41	0	0	0	0	0	0	0	0	0	0	0	0	7085623	
549	1	B	8	N	2500	0	40	426	1203	59	24	19	0	0	0	0	0	0	0	0	0	0	0	0	7085888	
550	1	B	8	N	2500	0	40	699	1733	129	30	24	0	0	0	0	0	0	0	0	0	0	0	0	7086450	
551	1	B	8	N	2500	0	40	580	1738	114	40	32	0	0	0	0	0	0	0	0	0	0	0	0	7086700	
552	1	B	8	N	2500	0	40	26	46	1	1	1	0	0	0	0	0	0	0	0	0	0	0	0	7086731	
553	1	B	8	N	2500	0	40	27	43	1	0	0	0	0	0	0	0	0	0	0	0	0	0	0	7086762	
554	1	B	8	N	2500	0	40	356	1736	121	43	33	0	0	0	0	0	0	0	0	0	0	0	0	7086762	
555	1	B	8	N	2500	0	40	35	41	4	4	3	0	0	0	0	0	0	0	0	0	0	0	0	7086778	
556	1	B	8	N	2500	0	40	404	1177	67	23	17	0	0	0	0	0	0	0	0	0	0	0	0	7086793	
557	1	B	8	N	2500	0	40	510	1411	99	31	23	0	0	0	0	0	0	0	0	0	0	0	0	7086918	
558	1	B	8	N	2500	0	40	436	1216	57	21	17	0	0	0	0	0	0	0	0	0	0	0	0	7087058	
559	1	B	8	N	2500	0	40	528	1172	115	32	24	0	0	0	0	0	0	0	0	0	0	0	0	7087230	
560	1	B	8	N	2500	0	40	98	122	3	2	2	0	0	0	0	0	0	0	0	0	0	0	0	7087292	
561	1	B	8	N	2500	0	40	571	1730	102	38	32	0	0	0	0	0	0	0	0	0	0	0	0	7087417	
562	1	B	8	N	2500	0	40	407	1027	52	19	17	0	0	0	0	0	0	0	0	0	0	0	0	7087433	
563	1	B	8	N	2500	0	40	559	1684	90	36	27	0	0	0	0	0	0	0	0	0	0	0	0	7087651	
564	1	B	8	N	2500	0	40	517	1737	107	40	32	0	0	0	0	0	0	0	0	0	0	0	0	7087885	
565	1	B	8	N	2500	0	40	263	1272	79	32	22	0	0	0	0	0	0	0	0	0	0	0	0	7087901	
566	1	B	8	N	2500	0	40	415	1155	57	22	20	0	0	0	0	0	0	0	0	0	0	0	0	7087994	
567	1	B	8	N	2500	0	40	447	1402	80	31	22	0	0	0	0	0	0	0	0	0	0	0	0	7088088	
568	1	B	8	N	2500	0	40	427	1263	62	25	22	0	0	0	0	0	0	0	0	0	0	0	0	7088119	
569	1	B	8	N	2500	0	40	404	1552	86	35	29	0	0	0	0	0	0	0	0	0	0	0	0	7088135	
570	1	B	8	N	2500	0	40	457	1374	81	26	19	0	0	0	0	0	0	0	0	0	0	0	0	7088260	
571	1	B	8	N	2500	0	40	660	2039	161	47	35	0	0	0	0	0	0	0	0	0	0	0	0	7088634	
572	1	B	8	N	2500	0	40	434	1415	82	30	22	0	0	0	0	0	0	0	0	0	0	0	0	7088665	
573	1	B	8	N	2500	0	40	618	2114	120	51	36	0	0	0	0	0	0	0	0	0	0	0	0	7088712	
574	1	B	8	N	2500	0	40	26	21	0	0	0	0	0	0	0	0	0	0	0	0	0	0	0	7088712	
575	1	B	8	N	2500	0	40	38	31	0	0	1	0	0	0	0	0	0	0	0	0	0	0	0	7088712	
576	1	B	8	N	2500	0	40	371	320	6	7	7	0	0	0	0	0	0	0	0	0	0	0	0	7088712	
577	1	B	8	N	2500	0	40	60	49	1	0	1	0	0	0	0	0	0	0	0	0	0	0	0	7088712	
578	1	B	8	N	2500	0	40	35	28	0	0	1	0	0	0	0	0	0	0	0	0	0	0	0	7088712	
579	1	B	8	N	2500	0	40	21	41	3	4	3	0	0	0	0	0	0	0	0	0	0	0	0	7088790	
580	1	B	8	N	2500	0	40	255	1252	71	28	26	0	0	0	0	0	0	0	0	0	0	0	0	7088837	
581	1	B	8	N	2500	0	40	451	1422	90	34	25	0	0	0	0	0	0	0	0	0	0	0	0	7088837	
582	1	B	8	N	2500	0	40	569	1735	128	39	35	0	0	0	0	0	0	0	0	0	0	0	0	7089242	
583	1	B	8	N	2500	0	40	617	1819	101	39	31	0	0	0	0	0	0	0	0	0	0	0	0	7089414	
584	1	B	8	N	2500	0	40	623	1540	99	37	30	0	0	0	0	0	0	0	0	0	0	0	0	7089430	
585	1	B	8	N	2500	0	40	660	1765	152	42	30	0	0	0	0	0	0	0	0	0	0	0	0	7089430	
586	1	B	8	N	2500	0	40	27	51	5	7	7	0	0	0	0	0	0	0	0	0	0	0	0	7089523	
587	1	B	8	N	2500	0	40	476	1331	65	27	23	0	0	0	0	0	0	0	0	0	0	0	0	7089554	
588	1	B	8	N	2500	0	40	480	1500	78	31	26	0	0	0	0	0	0	0	0	0	0	0	0	7089679	
589	1	B	8	N	2500	0	40	466	1381	81	28	20	0	0	0	0	0	0	0	0	0	0	0	0	7089913	
590	1	B	8	N	2500	0	40	27	30	1	1	2	0	0	0	0	0	0	0	0	0	0	0	0	7090007	
591	1	B	8	N	2500	0	40	988	3143	151	55	46	0	0	0	0	0	0	0	0	0	0	0	0	7090116	
592	1	B	9	N	2500	0	40	800	2793	122	46	42	0	0	0	0	0	0	0	0	0	0	0	0	7097869	
593	1	B	9	N	2500	0	40	25	35	1	1	0	0	0	0	0	0	0	0	0	0	0	0	0	7098322	
594	1	B	9	N	2500	0	40	446	1435	81	30	24	0	0	0	0	0	0	0	0	0	0	0	0	7099804	
595	1	B	9	N	2500	0	40	479	1427	86	28	20	0	0	0	0	0	0	0	0	0	0	0	0	7100474	
596	1	B	9	N	2500	0	40	590	1748	106	41	35	0	0	0	0	0	0	0	0	0	0	0	0	7100677	
597	1	B	9	N	2500	0	40	496	1622	142	40	31	0	0	0	0	0	0	0	0	0	0	0	0	7100849	
598	1	B	9	N	2500	0	40	455	1487	92	32	19	0	0	0	0	0	0	0	0	0	0	0	0	7100864	
599	1	B	9	N	2500	0	40	381	779	27	12	14	0	0	0	0	0	0	0	0	0	0	0	0	7100880	
600	1	B	9	N	2500	0	40	552	1648	96	38	26	0	0	0	0	0	0	0	0	0	0	0	0	7100958	
601	1	B	9	N	2500	0	40	535	1406	72	26	20	0	0	0	0	0	0	0	0	0	0	0	0	7101020	
602	1	B	9	N	2500	0	40	452	1452	87	29	24	0	0	0	0	0	0	0	0	0	0	0	0	7101145	
603	1	B	9	N	2500	0	40	713	2110	105	45	35	0	0	0	0	0	0	0	0	0	0	0	0	7101941	
604	1	B	9	N	2500	0	40	534	1628	104	39	27	0	0	0	0	0	0	0	0	0	0	0	0	7101988	
605	1	B	9	N	2500	0	40	786	2236	130	53	35	0	0	0	0	0	0	0	0	0	0	0	0	7102019	
606	1	B	9	N	2500	0	40	422	1141	59	23	16	0	0	0	0	0	0	0	0	0	0	0	0	7102081	
607	1	B	9	N	2500	0	40	55	87	4	4	6	0	0	0	0	0	0	0	0	0	0	0	0	7102112	
608	1	B	9	N	2500	0	40	659	1412	72	31	27	0	0	0	0	0	0	0	0	0	0	0	0	7102237	
609	1	B	9	N	2500	0	40	408	1146	56	22	19	0	0	0	0	0	0	0	0	0	0	0	0	7102409	
610	1	B	9	N	2500	0	40	454	1303	75	28	19	0	0	0	0	0	0	0	0	0	0	0	0	7102549	
611	1	B	9	N	2500	0	40	423	1219	60	23	17	0	0	0	0	0	0	0	0	0	0	0	0	7102955	
612	1	B	9	N	2500	0	40	449	1362	83	28	24	0	0	0	0	0	0	0	0	0	0	0	0	7103002	
613	1	B	9	N	2500	0	40	677	1613	153	37	29	0	0	0	0	0	0	0	0	0	0	0	0	7103033	
614	1	B	9	N	2500	0	40	459	1431	79	28	24	0	0	0	0	0	0	0	0	0	0	0	0	7103048	
615	1	B	9	N	2500	0	40	462	1340	84	30	22	0	0	0	0	0	0	0	0	0	0	0	0	7103080	
616	1	B	9	N	2500	0	40	673	1434	88	29	24	0	0	0	0	0	0	0	0	0	0	0	0	7103126	
617	1	B	9	N	2500	0	40	416	1190	64	23	18	0	0	0	0	0	0	0	0	0	0	0	0	7103672	
618	1	B	9	N	2500	0	40	29	47	1	0	0	0	0	0	0	0	0	0	0	0	0	0	0	7104031	
619	1	B	9	N	2500	0	40	517	1497	93	31	21	0	0	0	0	0	0	0	0	0	0	0	0	7104140	
620	1	B	9	N	2500	0	40	484	1463	84	30	25	0	0	0	0	0	0	0	0	0	0	0	0	7104140	
621	1	B	9	N	2500	0	40	737	1535	77	29	28	0	0	0	0	0	0	0	0	0	0	0	0	7104749	
622	1	B	9	N	2500	0	40	329	1135	72	29	21	0	0	0	0	0	0	0	0	0	0	0	0	7104952	
623	1	B	9	N	2500	0	40	520	1450	78	33	26	0	0	0	0	0	0	0	0	0	0	0	0	7105045	
624	1	B	10	N	2500	0	40	461	1432	79	32	28	0	0	0	0	0	0	0	0	0	0	0	0	7112580	
625	1	B	10	N	2500	0	40	601	1709	126	42	31	0	0	0	0	0	0	0	0	0	0	0	0	7112830	
626	1	B	10	N	2500	0	40	449	1480	85	31	25	0	0	0	0	0	0	0	0	0	0	0	0	7115450	
627	1	B	10	N	2500	0	40	551	1723	100	36	32	0	0	0	0	0	0	0	0	0	0	0	0	7115840	
628	1	B	10	N	2500	0	40	602	1749	90	41	34	0	0	0	0	0	0	0	0	0	0	0	0	7115981	
629	1	B	10	N	2500	0	40	509	1940	144	55	38	0	0	0	0	0	0	0	0	0	0	0	0	7116324	
630	1	B	10	N	2500	0	40	448	1432	85	30	25	0	0	0	0	0	0	0	0	0	0	0	0	7116402	
631	1	B	10	N	2500	0	40	21	25	0	1	1	0	0	0	0	0	0	0	0	0	0	0	0	7116854	
632	1	B	10	N	2500	0	40	272	1077	53	26	17	0	0	0	0	0	0	0	0	0	0	0	0	7116948	
633	1	B	10	N	2500	0	40	605	1664	82	40	32	0	0	0	0	0	0	0	0	0	0	0	0	7116964	
634	1	B	10	N	2500	0	40	452	1335	71	28	24	0	0	0	0	0	0	0	0	0	0	0	0	7117057	
635	1	B	10	N	2500	0	40	471	1474	81	31	25	0	0	0	0	0	0	0	0	0	0	0	0	7117369	
636	1	B	10	N	2500	0	40	33	36	1	2	3	0	0	0	0	0	0	0	0	0	0	0	0	7117432	
637	1	B	10	N	2500	0	40	26	47	3	3	3	0	0	0	0	0	0	0	0	0	0	0	0	7117868	
638	1	B	10	N	2500	0	40	609	1809	97	39	28	0	0	0	0	0	0	0	0	0	0	0	0	7118149	
639	1	B	10	N	2500	0	40	21	27	2	2	2	0	0	0	0	0	0	0	0	0	0	0	0	7118212	
640	1	B	10	N	2500	0	40	308	1229	64	28	22	0	0	0	0	0	0	0	0	0	0	0	0	7118305	
641	1	B	10	N	2500	0	40	470	1412	84	28	23	0	0	0	0	0	0	0	0	0	0	0	0	7118399	
642	1	B	10	N	2500	0	40	334	1359	97	37	27	0	0	0	0	0	0	0	0	0	0	0	0	7118492	
643	1	B	10	N	2500	0	40	433	1088	44	19	18	0	0	0	0	0	0	0	0	0	0	0	0	7118617	
644	1	B	10	N	2500	0	40	30	59	0	0	0	0	0	0	0	0	0	0	0	0	0	0	0	7119163	
645	1	B	10	N	2500	0	40	453	1467	93	31	26	0	0	0	0	0	0	0	0	0	0	0	0	7119616	
646	1	B	10	N	2500	0	40	23	38	1	1	1	0	0	0	0	0	0	0	0	0	0	0	0	7119709	
